10
e 2
80 158
o 3
59 176 405
f 3
67 185 417
r 10
11 170 230 247 266 283 296 309 328 345
s 10
197 217 226 243 262 279 291 305 324 341
n 13
6 26 41 116 143 160 201 355 364 378 388 438 464
m 12
101 145 162 182 191 203 380 390 398 410 440 449
i 9
128 165 180 189 383 393 400 412 423
key 1
33
u 6
54 237 256 299 318 386
0 1 1 1 1 1 1 1 0 1
1 0 1 1 1 1 1 1 0 1
1 1 0 1 1 1 1 1 0 1
1 1 1 0 1 1 1 1 0 1
1 1 1 1 0 1 1 1 0 1
1 1 1 1 1 0 1 1 0 1
1 1 1 1 1 1 0 1 0 1
1 1 1 1 1 1 1 0 0 1
0 0 0 0 0 0 0 0 0 0
1 1 1 1 1 1 1 1 0 0
