Find the common rule that maps an input grid to an output grid, given the examples below.

Example 1:

Input:
4 4 4 4 4 4 4 4 0 0 0 0 0
4 4 4 4 4 4 4 4 0 0 0 0 0
4 4 4 6 4 4 4 4 0 0 6 0 0
4 4 4 4 4 4 4 4 0 0 0 0 0
4 4 4 4 4 6 4 4 0 0 0 0 0
4 4 4 4 4 4 4 4 0 0 0 0 0
4 4 4 4 4 4 4 4 0 0 0 0 0
8 8 8 8 8 8 8 8 1 1 1 1 1
8 8 8 8 8 8 8 8 1 1 1 1 1
8 8 8 8 8 8 8 8 1 1 1 1 1
8 8 8 8 8 6 8 8 1 1 1 1 1
8 8 8 8 8 8 8 8 1 1 1 6 1
8 8 6 8 8 8 8 8 1 1 1 1 1
8 8 8 8 8 8 8 8 1 1 1 1 1
8 8 8 8 8 8 8 8 1 1 1 1 1
8 8 8 8 8 6 8 8 1 1 1 1 1
8 8 8 8 8 8 8 8 1 1 1 1 1
Output:
8

Example 1:

Input:
3 3 3 3 3 3 3 2 2 2 2 2 2 2 2
3 3 3 3 3 3 3 2 2 2 1 2 2 1 2
3 3 3 3 3 3 3 2 2 2 2 2 2 2 2
3 3 3 3 3 3 3 2 2 1 2 2 2 2 2
3 3 1 3 3 3 3 2 2 2 2 2 2 2 2
3 3 3 3 3 3 3 2 2 2 2 2 2 2 2
3 3 3 3 3 3 3 2 2 2 2 1 2 2 2
3 3 3 3 3 3 3 2 2 2 2 2 2 2 2
3 3 3 3 3 3 3 2 2 2 2 2 2 2 2
8 8 8 8 8 8 8 8 8 8 8 8 8 8 8
8 8 8 8 8 8 8 8 8 8 8 8 8 8 8
8 8 8 8 8 8 8 8 8 8 8 8 8 8 8
8 8 8 8 8 8 8 8 8 8 8 1 8 8 8
8 8 8 8 8 8 1 8 8 8 8 8 8 8 8
8 8 8 8 8 8 8 8 8 8 8 8 8 8 8
8 8 8 8 8 8 8 8 8 8 8 8 8 8 8
Output:
2

Example 1:

Input:
1 1 1 1 1 1 1 5 5 5 5 5 5 5 5 5 5
1 4 1 1 1 1 1 5 5 5 5 5 5 5 5 5 5
1 1 1 1 1 1 1 5 5 5 5 5 5 5 5 5 5
1 1 1 4 1 1 1 5 5 5 5 5 5 5 5 5 5
1 1 1 1 1 1 1 5 5 5 5 5 5 5 5 5 5
1 1 1 1 1 1 1 5 5 5 5 4 5 5 5 5 5
1 1 4 1 1 1 1 5 5 5 5 5 5 5 5 5 5
1 1 1 1 1 1 1 5 5 5 5 5 5 5 5 5 5
0 0 0 0 0 0 0 6 6 6 6 6 6 6 6 6 6
0 0 0 0 0 0 0 6 6 6 6 6 4 6 6 6 6
0 0 0 0 0 0 0 6 6 6 6 6 6 6 6 6 6
0 0 0 0 0 0 0 6 6 6 4 6 6 6 6 4 6
0 0 0 0 0 0 0 6 6 6 6 6 6 6 6 6 6
0 0 0 0 0 0 0 6 6 6 6 6 6 6 6 6 6
0 0 0 0 0 0 0 6 6 6 6 6 6 4 6 6 6
0 0 0 0 0 0 0 6 6 6 6 6 6 6 6 6 6
Output:
6

Example 1:

Input:
1 1 1 1 1 1 1 8 8 8 8 8 8 8 8 8 8 8 8
1 1 1 1 1 1 1 8 8 8 8 8 8 8 8 8 8 8 8
1 1 1 1 1 1 1 8 8 8 8 8 8 8 8 8 8 8 8
1 1 1 1 1 1 1 8 8 8 8 8 8 8 8 8 8 8 8
1 1 1 1 1 1 1 8 8 8 8 2 8 8 8 8 8 8 8
1 1 1 1 1 1 1 8 8 8 8 8 8 8 8 8 8 8 8
1 1 1 1 1 1 1 8 8 8 8 8 8 8 8 8 8 8 8
1 1 1 1 1 1 1 8 8 8 8 8 8 8 8 8 8 8 8
1 1 1 1 1 1 1 8 8 8 8 8 8 8 8 8 8 8 8
1 1 1 1 1 1 1 4 4 4 4 4 4 4 4 4 4 4 4
1 1 1 1 1 1 1 4 4 4 4 4 4 4 4 4 4 4 4
1 1 1 1 1 1 1 4 4 4 4 4 4 4 4 4 4 4 4
1 1 1 1 1 1 1 4 4 4 4 4 4 4 4 4 4 4 4
1 1 1 1 1 1 1 4 4 2 4 4 4 4 4 4 4 4 4
1 1 1 1 1 1 1 4 4 4 4 4 2 4 4 4 4 4 4
1 1 1 1 1 1 1 4 4 4 4 4 4 4 4 4 4 4 4
Output:
4

Example 1:

Input:
3 3 3 3 3 3 3 3 3 3 3 3 3 3 3 3 3 3 3
3 3 3 3 3 3 3 4 3 3 3 3 3 3 3 3 3 3 3
3 3 3 3 3 3 3 3 3 3 3 3 3 3 3 3 3 3 3
3 3 3 3 3 3 3 3 3 3 3 3 3 3 3 3 3 3 3
2 2 2 2 2 2 2 2 2 8 8 8 8 8 8 8 8 8 8
2 4 2 2 2 2 2 4 2 8 8 8 8 8 8 8 8 8 8
2 2 2 2 2 2 2 2 2 8 8 8 8 8 8 8 8 8 8
2 2 2 2 4 2 2 2 2 8 8 8 8 8 8 8 8 8 8
2 2 4 2 2 2 2 2 2 8 8 8 8 8 8 8 8 8 8
2 2 2 2 2 2 4 2 2 8 8 8 8 8 4 8 8 8 8
2 2 2 2 2 2 2 2 2 8 8 8 8 8 8 8 8 8 8
2 2 2 2 2 2 2 2 2 8 8 8 4 8 8 8 8 8 8
1 1 1 1 1 1 1 1 1 8 8 8 8 8 8 8 8 8 8
1 1 1 1 1 1 1 1 1 8 8 8 8 8 8 8 8 8 8
1 1 1 1 1 1 1 1 1 8 8 8 8 8 4 8 8 8 8
1 1 1 1 4 1 1 1 1 8 8 8 8 8 8 8 8 8 8
1 4 1 1 1 1 1 1 1 8 8 8 8 8 8 8 8 8 8
1 1 1 1 1 1 1 1 1 8 8 8 8 8 8 8 8 8 8
Output:
2

Example 1:

Input:
2 2 2 2 2 5 2 2 2 8 8 8 8 8
2 2 2 5 2 2 5 2 2 8 8 8 8 8
2 2 2 2 2 2 2 2 2 8 8 8 8 8
2 2 2 2 2 2 2 2 2 8 8 8 8 8
2 2 2 2 2 2 2 2 2 8 8 8 8 8
2 2 2 2 2 2 5 2 2 8 8 8 8 8
2 2 2 2 2 2 2 2 2 8 8 8 8 8
2 2 2 2 2 2 2 2 2 8 8 8 8 8
2 2 2 2 2 2 2 2 2 8 8 8 8 8
2 2 2 2 2 2 2 2 2 8 8 8 8 5
0 0 0 0 0 0 0 0 0 9 9 9 5 9
0 0 0 0 0 0 0 0 0 9 5 9 9 9
0 0 0 0 0 0 0 0 0 9 9 9 5 9
0 0 0 0 0 0 0 0 0 9 9 9 9 9
0 0 0 0 0 0 0 0 0 9 9 9 9 5
0 0 0 0 0 0 0 0 0 9 5 9 9 9
0 0 0 0 0 0 0 0 0 9 9 9 9 9
0 0 0 0 0 0 0 0 0 9 9 9 9 9
Output:
9

Example 1:

Input:
9 1 1 1 1 3 3 3 3 3 3 9
9 1 9 1 1 3 3 3 3 3 3 3
1 1 1 1 1 3 3 3 3 9 3 3
1 1 1 1 1 3 3 3 3 3 3 3
1 1 1 1 1 3 3 3 3 3 3 3
1 1 1 1 1 3 3 3 3 3 3 3
1 1 1 1 1 3 3 3 3 3 3 3
1 1 1 1 9 3 3 3 9 3 3 3
1 1 1 1 1 3 3 3 3 3 3 3
9 6 6 6 6 7 7 7 7 7 7 7
6 6 6 6 6 7 7 7 7 7 7 7
6 6 6 6 6 7 7 7 7 7 7 7
6 6 6 6 6 7 7 7 7 7 7 7
9 6 6 6 6 7 7 7 7 7 7 7
6 6 6 9 6 7 7 7 7 7 7 7
6 9 6 6 6 7 7 7 7 7 7 7
6 6 6 6 6 7 7 7 7 7 7 7
6 6 6 9 6 7 7 7 7 7 7 7
Output:
6

Example 1:

Input:
5 5 5 5 5 6 6 6 6 4 6 6 6
5 5 5 5 4 6 6 6 6 6 6 6 6
5 5 5 5 5 6 6 6 4 6 4 6 6
5 5 5 5 5 6 6 6 6 6 6 6 6
5 4 5 5 5 6 6 6 6 6 6 6 4
2 2 4 2 2 3 3 3 3 3 3 3 3
2 2 2 2 2 3 3 3 3 3 3 3 3
2 2 2 2 2 4 3 3 3 3 3 3 3
2 2 2 2 2 3 3 3 4 3 3 3 3
2 2 2 2 2 4 3 3 3 3 3 3 3
Output:
6


Write the **short** Python code in code golf manners that performs the transformation according to the rule in following format: `def p(g): ...`. Note that input and output are passed by 2D arrays. Use `val_` as a prefix for all variables except `_`. Avoid line breaks as much as possible.
