Find the common rule that maps an input grid to an output grid, given the examples below.

Example 1:

Input:
0 0 0 0 0 0 0 0 0 0 0
0 0 0 0 0 0 6 6 0 0 0
0 0 0 5 0 0 0 5 0 0 0
0 0 4 4 0 0 0 0 0 0 0
0 0 0 0 0 0 0 0 0 0 0
0 0 0 0 0 0 0 0 0 0 0
0 0 0 0 0 0 0 0 0 0 0
0 0 0 0 0 0 7 0 0 0 0
0 0 0 0 0 5 7 0 0 0 0
0 0 0 0 0 0 0 0 0 0 0
0 0 0 0 0 0 0 0 0 0 0
Output:
6 6 7
0 5 7
4 4 0

Example 1:

Input:
0 0 0 0 0 0 0 0 0 0 0
0 0 0 0 0 0 0 0 0 0 0
0 6 0 0 0 0 0 0 0 0 0
0 0 5 0 7 5 7 0 0 0 0
0 0 0 0 0 0 0 0 0 0 0
0 0 0 0 0 0 0 0 0 0 0
0 0 0 0 0 0 0 0 0 0 0
0 0 0 0 0 0 0 5 0 0 0
0 0 2 2 0 0 3 3 3 0 0
0 0 5 0 0 0 0 0 0 0 0
0 0 0 0 0 0 0 0 0 0 0
Output:
6 2 2
7 5 7
3 3 3

Example 1:

Input:
0 0 0 0 0 0 0 0 0 0 0
0 0 0 0 0 0 0 0 0 0 0
0 1 1 0 0 0 0 0 0 0 0
1 5 0 0 0 0 0 0 0 0 0
0 0 0 0 0 5 2 0 0 0 0
0 0 0 0 0 0 2 0 0 0 0
0 0 0 0 0 0 0 0 0 0 0
0 0 0 0 0 0 0 0 0 0 0
0 0 0 0 0 0 0 5 0 0 0
0 0 0 0 0 0 9 9 0 0 0
0 0 0 0 0 0 0 0 0 0 0
Output:
0 1 1
1 5 2
9 9 2

Example 1:

Input:
0 0 0 0 0 0 0 0 0 0 0
0 0 0 0 0 0 0 0 9 0 0
0 0 0 0 0 0 0 9 5 0 0
4 0 0 0 0 0 0 9 0 0 0
0 5 4 0 0 0 0 0 0 0 0
0 0 0 0 0 0 0 0 0 0 0
0 0 0 0 0 0 0 8 0 0 0
0 0 0 0 0 0 5 0 0 0 0
0 0 0 0 0 0 0 0 0 0 0
0 0 0 5 0 0 0 0 0 0 0
0 0 0 2 2 0 0 0 0 0 0
Output:
4 9 8
9 5 4
9 2 2

Example 1:

Input:
0 0 2 0 0 0 0 0 0 0 0
0 0 5 0 0 0 0 0 0 0 0
0 2 0 0 0 0 0 0 0 0 0
0 0 0 0 0 0 0 0 0 0 0
0 0 0 0 0 0 7 5 0 0 0
0 0 0 0 0 0 0 0 7 0 0
0 0 0 0 0 0 0 0 0 0 0
0 0 0 0 0 0 0 0 0 0 0
0 0 1 0 0 0 0 0 4 0 0
0 5 0 0 0 0 0 0 0 5 4
0 1 0 0 0 0 0 0 0 0 0
Output:
4 2 1
7 5 4
2 1 7

Example 1:

Input:
0 0 0 0 0 0 0 0 0 0 0
0 0 8 8 0 0 0 0 0 0 0
0 0 5 0 0 0 0 0 0 0 0
0 0 0 0 0 0 0 0 0 0 0
0 0 0 0 0 0 0 0 0 0 0
0 0 0 0 0 0 0 0 0 0 0
0 0 0 0 0 0 0 0 0 0 0
0 0 0 0 0 1 0 0 0 0 0
0 5 4 0 0 1 5 0 0 0 0
4 0 0 0 0 0 0 0 0 0 0
0 0 0 0 0 0 0 0 0 0 0
Output:
1 8 8
1 5 4
4 0 0

Example 1:

Input:
0 0 0 0 0 0 0 0 0 0 0
0 0 0 0 0 0 0 0 0 0 0
0 0 0 0 0 0 0 0 0 0 0
0 0 0 0 0 0 0 0 0 0 0
0 0 0 0 0 3 0 0 0 0 0
0 0 0 0 3 5 0 0 0 0 0
0 0 0 0 0 0 0 0 6 0 0
0 0 0 0 0 0 0 0 0 5 0
0 0 0 0 0 0 0 0 6 0 0
0 0 5 2 0 0 0 0 0 0 0
0 0 2 0 0 0 0 0 0 0 0
Output:
6 3 0
3 5 2
6 2 0

Example 1:

Input:
0 0 0 0 0 0 0 0 4 4 0
0 0 0 0 0 0 0 0 0 5 0
0 0 0 0 0 0 0 0 0 0 0
0 0 0 0 0 0 0 0 0 0 0
0 0 0 0 0 0 0 0 0 0 0
0 0 0 0 0 0 0 0 0 0 0
0 0 0 0 0 0 0 0 0 5 0
0 0 0 0 0 0 0 0 1 1 0
0 0 3 0 0 0 0 0 0 0 0
0 5 0 0 0 0 0 0 0 0 0
0 0 3 0 0 0 0 0 0 0 0
Output:
4 4 3
0 5 0
1 1 3


Write Python code that performs the transformation according to the rule in following format: `def p(g): ...`. Note that input and output are passed by 2D arrays.