Find the common rule that maps an input grid to an output grid, given the examples below.

Example 1:

Input:
0 3 3 3 3 0 0 2 2 2 0 0 0 0 2 2 2 0 1 1 1 1 1 0
3 3 3 3 3 0 2 2 0 2 2 0 0 2 2 0 2 2 1 1 1 1 1 3
3 3 3 0 0 3 2 0 0 2 0 0 0 0 2 0 0 2 1 1 1 1 1 3
3 3 0 3 3 3 2 2 2 2 2 2 2 2 2 2 2 2 1 1 1 1 1 3
3 3 0 3 3 3 0 2 0 2 2 2 2 2 2 0 2 0 1 1 1 1 1 3
0 0 3 3 3 3 0 0 0 2 2 2 2 2 2 0 0 0 3 3 3 3 0 0
0 2 2 2 0 0 2 0 0 2 2 2 2 2 2 0 0 2 0 0 2 2 2 0
2 2 0 2 2 0 0 2 2 0 2 2 2 2 0 2 2 0 0 2 2 0 2 2
2 0 0 2 0 0 0 2 2 0 0 2 2 0 0 2 2 0 0 0 2 0 0 2
2 2 2 2 2 2 2 0 0 2 2 2 2 2 2 0 0 2 2 2 2 2 2 2
0 2 0 2 2 2 2 2 0 2 0 2 2 0 2 0 2 2 2 2 2 0 2 0
0 0 0 2 2 2 2 2 2 2 2 0 0 2 2 2 2 2 2 2 2 0 0 0
0 0 0 2 2 2 2 2 2 2 2 0 0 2 2 2 2 2 2 2 2 0 0 0
0 2 0 2 2 2 2 2 0 2 0 2 2 0 2 0 2 2 2 2 2 0 2 0
2 2 2 2 2 2 2 0 0 2 2 2 2 2 2 0 0 2 2 2 2 2 2 2
2 0 0 2 0 0 0 2 2 0 0 2 2 0 0 2 2 0 0 0 2 0 0 2
2 2 0 2 2 0 0 2 2 0 2 2 2 2 0 2 2 0 0 2 2 0 2 2
0 2 2 2 0 0 2 0 0 2 2 2 2 2 2 0 0 2 0 0 2 2 2 0
0 0 3 3 3 3 0 0 0 2 2 2 2 2 2 0 0 0 3 3 3 3 0 0
3 3 0 3 3 3 0 2 0 2 2 2 2 2 2 0 2 0 3 3 3 0 3 3
3 3 0 3 3 3 2 2 2 2 2 2 2 2 2 2 2 2 3 3 3 0 3 3
3 3 3 0 0 3 2 0 0 2 0 0 0 0 2 0 0 2 3 0 0 3 3 3
3 3 3 3 3 0 2 2 0 2 2 0 0 2 2 0 2 2 0 3 3 3 3 3
0 3 3 3 3 0 0 2 2 2 0 0 0 0 2 2 2 0 0 3 3 3 3 0
Output:
0 3 3 3 3
0 3 3 3 3
3 0 0 3 3
3 3 3 0 3
3 3 3 0 3

Example 1:

Input:
0 3 3 3 0 3 0 8 8 0 8 8 8 8 0 8 8 0 3 0 3 3 3 0
3 0 3 0 3 0 8 0 8 0 0 0 0 0 0 8 0 8 0 3 0 3 0 3
3 3 3 3 3 3 8 8 8 0 8 8 8 8 0 8 8 8 3 3 3 3 3 3
3 0 3 0 3 3 0 0 0 8 0 8 8 0 8 0 0 0 3 3 0 3 0 3
0 3 3 3 0 0 8 0 8 0 0 8 8 0 0 8 0 8 0 0 3 3 3 0
3 0 3 3 0 3 8 0 8 8 8 0 0 8 8 8 0 8 3 0 3 3 0 3
0 8 8 0 8 8 6 6 6 6 6 6 6 6 6 6 6 6 8 8 0 8 8 0
8 0 8 0 0 0 6 6 0 6 6 6 6 6 6 0 6 6 0 0 0 8 0 8
8 8 8 0 8 8 6 0 0 6 0 6 6 0 6 0 0 6 8 8 0 8 8 8
0 0 0 8 0 8 6 6 6 6 6 6 6 6 6 6 6 6 8 0 8 0 0 0
8 0 8 0 0 8 6 6 0 6 6 6 6 6 6 0 6 6 8 0 0 8 0 8
8 0 8 8 8 0 1 1 1 1 1 0 0 6 6 6 6 6 0 8 8 8 0 8
8 0 8 8 8 0 1 1 1 1 1 0 0 6 6 6 6 6 0 8 8 8 0 8
8 0 8 0 0 8 1 1 1 1 1 6 6 6 6 0 6 6 8 0 0 8 0 8
0 0 0 8 0 8 1 1 1 1 1 6 6 6 6 6 6 6 8 0 8 0 0 0
8 8 8 0 8 8 1 1 1 1 1 6 6 0 6 0 0 6 8 8 0 8 8 8
8 0 8 0 0 0 6 6 0 6 6 6 6 6 6 0 6 6 0 0 0 8 0 8
0 8 8 0 8 8 6 6 6 6 6 6 6 6 6 6 6 6 8 8 0 8 8 0
3 0 3 3 0 3 8 0 8 8 8 0 0 8 8 8 0 8 3 0 3 3 0 3
0 3 3 3 0 0 8 0 8 0 0 8 8 0 0 8 0 8 0 0 3 3 3 0
3 0 3 0 3 3 0 0 0 8 0 8 8 0 8 0 0 0 3 3 0 3 0 3
3 3 3 3 3 3 8 8 8 0 8 8 8 8 0 8 8 8 3 3 3 3 3 3
3 0 3 0 3 0 8 0 8 0 0 0 0 0 0 8 0 8 0 3 0 3 0 3
0 3 3 3 0 3 0 8 8 0 8 8 8 8 0 8 8 0 3 0 3 3 3 0
Output:
6 6 6 6 6
6 6 6 6 6
6 6 0 6 6
6 6 6 6 6
6 0 0 6 0

Example 1:

Input:
0 3 3 3 3 0 5 5 5 0 0 5 5 0 0 5 5 5 0 3 3 3 3 0
3 3 3 3 3 3 5 5 0 0 0 0 0 0 0 0 5 5 3 3 3 3 3 3
3 3 3 0 0 0 5 0 0 5 5 0 0 5 5 0 0 5 0 0 0 3 3 3
3 3 0 0 3 3 0 0 5 0 5 5 5 5 0 5 0 0 3 3 0 0 3 3
3 3 0 3 3 0 0 0 5 5 0 0 0 0 5 5 0 0 0 3 3 0 3 3
0 3 0 3 0 3 5 0 0 5 0 0 0 0 5 0 0 5 3 0 3 0 3 0
5 5 5 0 0 5 0 5 0 0 5 5 5 5 0 0 5 0 5 0 0 5 5 5
5 5 0 0 0 0 5 5 5 0 0 5 5 0 0 5 5 5 0 0 0 0 5 5
5 0 0 5 5 0 0 5 5 5 0 5 5 0 5 5 5 0 0 5 5 0 0 5
0 0 5 0 5 5 0 0 5 5 5 5 5 5 5 5 0 0 5 5 0 5 0 0
0 0 5 5 0 0 5 0 0 5 0 5 5 0 5 0 0 5 0 0 5 5 0 0
5 0 0 5 0 0 5 5 5 5 5 0 0 5 5 5 5 5 0 0 5 0 0 5
5 0 0 5 0 0 5 5 5 5 5 0 0 5 5 5 5 5 0 0 5 0 0 5
0 0 5 5 0 0 5 0 0 5 0 5 5 0 5 0 0 5 0 0 5 5 0 0
0 0 5 0 5 5 0 0 5 5 5 5 5 5 5 5 0 0 5 5 0 5 0 0
5 0 0 5 5 0 0 5 5 5 1 1 1 1 1 5 5 0 0 5 5 0 0 5
5 5 0 0 0 0 5 5 5 0 1 1 1 1 1 5 5 5 0 0 0 0 5 5
5 5 5 0 0 5 0 5 0 0 1 1 1 1 1 0 5 0 5 0 0 5 5 5
0 3 0 3 0 3 5 0 0 5 1 1 1 1 1 0 0 5 3 0 3 0 3 0
3 3 0 3 3 0 0 0 5 5 1 1 1 1 1 5 0 0 0 3 3 0 3 3
3 3 0 0 3 3 0 0 5 0 5 5 5 5 0 5 0 0 3 3 0 0 3 3
3 3 3 0 0 0 5 0 0 5 5 0 0 5 5 0 0 5 0 0 0 3 3 3
3 3 3 3 3 3 5 5 0 0 0 0 0 0 0 0 5 5 3 3 3 3 3 3
0 3 3 3 3 0 5 5 5 0 0 5 5 0 0 5 5 5 0 3 3 3 3 0
Output:
0 5 5 0 5
0 5 5 0 0
5 5 5 5 0
0 0 0 0 5
0 0 0 0 5

Example 1:

Input:
4 4 4 0 4 0 0 3 3 3 0 0 0 0 3 3 3 0 0 4 0 4 4 4
4 4 4 4 0 4 3 3 3 3 0 3 3 0 3 3 3 3 4 0 4 4 4 4
4 4 0 4 0 0 3 3 0 0 3 3 3 3 0 0 3 3 0 0 4 0 4 4
0 4 4 0 4 4 3 3 0 0 3 3 3 3 0 0 3 3 4 4 0 4 4 0
4 0 0 4 4 4 0 0 3 3 0 3 3 0 3 3 0 0 4 4 4 0 0 4
0 4 0 4 4 0 0 3 3 3 3 3 3 3 3 3 3 0 0 4 4 0 4 0
0 3 3 3 0 0 8 8 8 1 1 1 1 1 8 8 8 8 0 0 3 3 3 0
3 3 3 3 0 3 8 8 8 1 1 1 1 1 0 8 8 8 3 0 3 3 3 3
3 3 0 0 3 3 8 8 8 1 1 1 1 1 0 8 8 8 3 3 0 0 3 3
3 3 0 0 3 3 8 0 0 1 1 1 1 1 8 0 0 8 3 3 0 0 3 3
0 0 3 3 0 3 8 0 8 1 1 1 1 1 8 8 0 8 3 0 3 3 0 0
0 3 3 3 3 3 8 8 0 8 8 8 8 8 8 0 8 8 3 3 3 3 3 0
0 3 3 3 3 3 8 8 0 8 8 8 8 8 8 0 8 8 3 3 3 3 3 0
0 0 3 3 0 3 8 0 8 8 0 8 8 0 8 8 0 8 3 0 3 3 0 0
3 3 0 0 3 3 8 0 0 8 8 8 8 8 8 0 0 8 3 3 0 0 3 3
3 3 0 0 3 3 8 8 8 0 8 0 0 8 0 8 8 8 3 3 0 0 3 3
3 3 3 3 0 3 8 8 8 0 0 8 8 0 0 8 8 8 3 0 3 3 3 3
0 3 3 3 0 0 8 8 8 8 8 8 8 8 8 8 8 8 0 0 3 3 3 0
0 4 0 4 4 0 0 3 3 3 3 3 3 3 3 3 3 0 0 4 4 0 4 0
4 0 0 4 4 4 0 0 3 3 0 3 3 0 3 3 0 0 4 4 4 0 0 4
0 4 4 0 4 4 3 3 0 0 3 3 3 3 0 0 3 3 4 4 0 4 4 0
4 4 0 4 0 0 3 3 0 0 3 3 3 3 0 0 3 3 0 0 4 0 4 4
4 4 4 4 0 4 3 3 3 3 0 3 3 0 3 3 3 3 4 0 4 4 4 4
4 4 4 0 4 0 0 3 3 3 0 0 0 0 3 3 3 0 0 4 0 4 4 4
Output:
8 8 8 8 8
0 0 8 8 0
0 8 0 0 8
8 8 8 8 8
8 0 8 8 0

Example 1:

Input:
3 0 3 3 3 0 0 9 9 0 0 0 0 0 0 9 9 0 0 3 3 3 0 3
0 0 3 0 3 0 9 0 9 9 0 0 0 0 9 9 0 9 0 3 0 3 0 0
3 3 0 0 3 0 9 9 9 9 9 0 0 9 9 9 9 1 1 1 1 1 3 3
3 0 0 3 0 3 0 0 0 0 9 0 0 9 0 0 0 1 1 1 1 1 0 3
3 3 3 0 0 0 9 9 0 9 9 9 9 9 9 0 9 1 1 1 1 1 3 3
0 0 0 3 0 3 9 0 9 9 9 9 9 9 9 9 0 1 1 1 1 1 0 0
0 9 9 0 9 9 4 4 4 4 0 4 4 0 4 4 4 1 1 1 1 1 9 0
9 0 9 0 9 0 4 4 4 4 4 0 0 4 4 4 4 4 0 9 0 9 0 9
9 9 9 0 0 9 4 4 4 4 0 4 4 0 4 4 4 4 9 0 0 9 9 9
0 9 9 0 9 9 4 4 4 0 4 4 4 4 0 4 4 4 9 9 0 9 9 0
0 0 9 9 9 9 0 4 0 4 4 4 4 4 4 0 4 0 9 9 9 9 0 0
0 0 0 0 9 9 4 0 4 4 4 0 0 4 4 4 0 4 9 9 0 0 0 0
0 0 0 0 9 9 4 0 4 4 4 0 0 4 4 4 0 4 9 9 0 0 0 0
0 0 9 9 9 9 0 4 0 4 4 4 4 4 4 0 4 0 9 9 9 9 0 0
0 9 9 0 9 9 4 4 4 0 4 4 4 4 0 4 4 4 9 9 0 9 9 0
9 9 9 0 0 9 4 4 4 4 0 4 4 0 4 4 4 4 9 0 0 9 9 9
9 0 9 0 9 0 4 4 4 4 4 0 0 4 4 4 4 4 0 9 0 9 0 9
0 9 9 0 9 9 4 4 4 4 0 4 4 0 4 4 4 4 9 9 0 9 9 0
0 0 0 3 0 3 9 0 9 9 9 9 9 9 9 9 0 9 3 0 3 0 0 0
3 3 3 0 0 0 9 9 0 9 9 9 9 9 9 0 9 9 0 0 0 3 3 3
3 0 0 3 0 3 0 0 0 0 9 0 0 9 0 0 0 0 3 0 3 0 0 3
3 3 0 0 3 0 9 9 9 9 9 0 0 9 9 9 9 9 0 3 0 0 3 3
0 0 3 0 3 0 9 0 9 9 0 0 0 0 9 9 0 9 0 3 0 3 0 0
3 0 3 3 3 0 0 9 9 0 0 0 0 0 0 9 9 0 0 3 3 3 0 3
Output:
9 0 3 0 0
0 3 0 3 0
9 0 0 0 3
9 3 0 3 0
4 9 9 0 9

Example 1:

Input:
0 3 3 3 3 3 7 7 7 7 7 0 0 7 7 7 7 7 3 3 3 3 3 0
3 0 3 0 0 3 0 7 0 7 7 7 7 7 7 0 7 0 3 0 0 3 0 3
3 3 3 0 3 3 7 7 7 7 7 7 7 7 7 7 7 7 3 3 0 3 3 3
3 0 0 0 3 3 0 7 7 7 7 7 7 7 7 7 7 0 3 3 0 0 0 3
3 0 3 3 0 3 7 7 7 7 0 7 7 0 7 7 7 7 3 0 3 3 0 3
3 3 3 3 3 3 7 7 7 0 7 7 7 7 0 7 7 7 3 3 3 3 3 3
7 0 7 0 7 7 3 3 0 3 3 3 3 3 3 0 3 3 7 7 0 7 0 7
7 7 7 7 7 7 3 3 3 3 3 3 3 3 3 3 3 3 7 7 7 7 7 7
7 0 7 7 7 7 0 3 3 3 3 3 3 3 3 3 3 0 7 7 7 7 0 7
7 7 7 7 7 0 3 3 3 0 3 0 0 3 0 3 3 3 0 7 7 7 7 7
7 7 7 7 0 7 3 3 3 3 0 0 0 0 3 3 3 3 7 0 7 7 7 7
0 7 7 7 7 7 3 3 3 0 0 3 3 0 0 3 3 3 7 7 7 7 7 0
0 7 7 7 7 7 3 3 3 0 0 3 3 0 0 3 3 3 7 7 7 7 7 0
7 7 7 7 0 7 3 3 3 3 0 0 0 0 3 3 3 3 7 0 7 7 7 7
7 7 7 7 7 0 3 3 3 0 3 0 0 3 0 3 3 3 0 7 7 7 7 7
7 0 7 7 7 7 0 3 3 3 3 3 3 3 3 3 3 0 7 7 7 7 0 7
7 7 7 1 1 1 1 1 3 3 3 3 3 3 3 3 3 3 7 7 7 7 7 7
7 0 7 1 1 1 1 1 0 3 3 3 3 3 3 0 3 3 7 7 0 7 0 7
3 3 3 1 1 1 1 1 7 0 7 7 7 7 0 7 7 7 3 3 3 3 3 3
3 0 3 1 1 1 1 1 7 7 0 7 7 0 7 7 7 7 3 0 3 3 0 3
3 0 0 1 1 1 1 1 7 7 7 7 7 7 7 7 7 0 3 3 0 0 0 3
3 3 3 0 3 3 7 7 7 7 7 7 7 7 7 7 7 7 3 3 0 3 3 3
3 0 3 0 0 3 0 7 0 7 7 7 7 7 7 0 7 0 3 0 0 3 0 3
0 3 3 3 3 3 7 7 7 7 7 0 0 7 7 7 7 7 3 3 3 3 3 0
Output:
7 7 7 3 3
0 7 7 3 3
3 3 3 7 7
3 0 3 7 7
0 3 3 0 7

Example 1:

Input:
0 3 3 3 3 0 9 0 9 9 0 9 9 0 9 9 0 9 1 1 1 1 1 0
3 3 3 3 0 3 9 9 9 0 9 9 9 9 0 9 9 9 1 1 1 1 1 3
3 3 3 3 3 0 0 9 9 9 0 9 9 0 9 9 9 0 1 1 1 1 1 3
3 3 3 3 3 0 9 9 9 9 9 0 0 9 9 9 9 9 1 1 1 1 1 3
3 0 3 3 0 0 9 9 9 9 0 9 9 0 9 9 9 9 1 1 1 1 1 3
0 3 0 0 0 3 9 9 0 0 9 9 9 9 0 0 9 9 3 0 0 0 3 0
9 9 0 9 9 9 0 0 3 3 3 3 3 3 3 3 0 0 9 9 9 0 9 9
0 9 9 9 9 9 0 3 3 0 3 0 0 3 0 3 3 0 9 9 9 9 9 0
9 9 9 9 9 0 3 3 0 0 0 3 3 0 0 0 3 3 0 9 9 9 9 9
9 0 9 9 9 0 3 0 0 3 3 3 3 3 3 0 0 3 0 9 9 9 0 9
0 9 0 9 0 9 3 3 0 3 3 0 0 3 3 0 3 3 9 0 9 0 9 0
9 9 9 0 9 9 3 0 3 3 0 3 3 0 3 3 0 3 9 9 0 9 9 9
9 9 9 0 9 9 3 0 3 3 0 3 3 0 3 3 0 3 9 9 0 9 9 9
0 9 0 9 0 9 3 3 0 3 3 0 0 3 3 0 3 3 9 0 9 0 9 0
9 0 9 9 9 0 3 0 0 3 3 3 3 3 3 0 0 3 0 9 9 9 0 9
9 9 9 9 9 0 3 3 0 0 0 3 3 0 0 0 3 3 0 9 9 9 9 9
0 9 9 9 9 9 0 3 3 0 3 0 0 3 0 3 3 0 9 9 9 9 9 0
9 9 0 9 9 9 0 0 3 3 3 3 3 3 3 3 0 0 9 9 9 0 9 9
0 3 0 0 0 3 9 9 0 0 9 9 9 9 0 0 9 9 3 0 0 0 3 0
3 0 3 3 0 0 9 9 9 9 0 9 9 0 9 9 9 9 0 0 3 3 0 3
3 3 3 3 3 0 9 9 9 9 9 0 0 9 9 9 9 9 0 3 3 3 3 3
3 3 3 3 3 0 0 9 9 9 0 9 9 0 9 9 9 0 0 3 3 3 3 3
3 3 3 3 0 3 9 9 9 0 9 9 9 9 0 9 9 9 3 0 3 3 3 3
0 3 3 3 3 0 9 0 9 9 0 9 9 0 9 9 0 9 0 3 3 3 3 0
Output:
0 3 3 3 3
3 0 3 3 3
0 3 3 3 3
0 3 3 3 3
0 0 3 3 0

Example 1:

Input:
7 7 7 0 7 0 0 4 4 4 4 4 4 4 4 4 4 0 0 7 0 7 7 7
7 0 7 7 7 7 0 4 0 0 0 4 4 0 0 0 4 0 7 7 7 7 0 7
7 7 7 7 0 7 4 0 4 4 4 4 4 4 4 4 0 4 7 0 7 7 7 7
0 7 7 7 0 7 0 4 4 4 4 0 0 4 4 4 4 0 7 0 7 7 7 0
7 7 0 0 7 7 0 4 0 4 0 4 4 0 4 0 4 0 7 7 0 0 7 7
0 7 7 7 7 0 4 4 4 4 4 4 4 4 4 4 4 4 0 7 7 7 7 0
0 0 4 0 0 4 0 2 2 2 0 2 2 0 2 2 2 0 4 0 0 4 0 0
4 4 0 4 4 4 2 2 2 2 2 0 0 2 2 2 2 2 4 4 4 0 4 4
4 0 4 4 0 4 2 2 2 0 0 2 1 1 1 1 1 2 4 0 4 4 0 4
4 0 4 4 4 4 2 2 0 2 2 2 1 1 1 1 1 2 4 4 4 4 0 4
4 0 4 4 0 4 0 2 0 2 2 0 1 1 1 1 1 0 4 0 4 4 0 4
4 4 4 0 4 4 2 0 2 2 0 2 1 1 1 1 1 2 4 4 0 4 4 4
4 4 4 0 4 4 2 0 2 2 0 2 1 1 1 1 1 2 4 4 0 4 4 4
4 0 4 4 0 4 0 2 0 2 2 0 0 2 2 0 2 0 4 0 4 4 0 4
4 0 4 4 4 4 2 2 0 2 2 2 2 2 2 0 2 2 4 4 4 4 0 4
4 0 4 4 0 4 2 2 2 0 0 2 2 0 0 2 2 2 4 0 4 4 0 4
4 4 0 4 4 4 2 2 2 2 2 0 0 2 2 2 2 2 4 4 4 0 4 4
0 0 4 0 0 4 0 2 2 2 0 2 2 0 2 2 2 0 4 0 0 4 0 0
0 7 7 7 7 0 4 4 4 4 4 4 4 4 4 4 4 4 0 7 7 7 7 0
7 7 0 0 7 7 0 4 0 4 0 4 4 0 4 0 4 0 7 7 0 0 7 7
0 7 7 7 0 7 0 4 4 4 4 0 0 4 4 4 4 0 7 0 7 7 7 0
7 7 7 7 0 7 4 0 4 4 4 4 4 4 4 4 0 4 7 0 7 7 7 7
7 0 7 7 7 7 0 4 0 0 0 4 4 0 0 0 4 0 7 7 7 7 0 7
7 7 7 0 7 0 0 4 4 4 4 4 4 4 4 4 4 0 0 7 0 7 7 7
Output:
2 0 0 2 2
2 2 2 0 2
0 2 2 0 2
2 0 2 2 0
2 0 2 2 0


Write the **short** Python code in code golf manners that performs the transformation according to the rule in following format: `def p(g): ...`. Note that input and output are passed by 2D arrays.