Find the common rule that maps an input grid to an output grid, given the examples below.

Example 1:

Input:
5 5 5 5 0 5 5 5 0 5
0 0 5 5 5 5 5 5 5 5
0 5 5 5 5 5 0 0 5 0
5 5 0 5 5 5 5 0 5 0
5 5 5 5 0 0 5 5 5 5
0 5 0 5 5 5 5 0 5 0
0 5 5 5 0 0 5 5 5 0
5 5 5 5 5 5 5 5 5 5
5 5 5 5 5 5 5 5 5 0
0 5 5 5 5 5 5 0 5 0
Output:
5 5 5 5 3 5 5 5 3 5
1 1 5 5 5 5 5 5 5 5
1 5 5 5 5 5 1 1 5 2
5 5 3 5 5 5 5 1 5 2
5 5 5 5 2 2 5 5 5 5
2 5 3 5 5 5 5 3 5 2
2 5 5 5 2 2 5 5 5 2
5 5 5 5 5 5 5 5 5 5
5 5 5 5 5 5 5 5 5 2
3 5 5 5 5 5 5 3 5 2

Example 1:

Input:
5 5 5 5 5 0 0 5 5 5
0 0 5 0 5 5 5 5 5 0
5 5 5 5 5 0 5 0 0 5
5 0 5 5 5 0 5 5 5 5
5 5 5 5 5 5 5 5 0 5
5 5 5 5 0 5 5 5 5 5
0 0 5 5 0 5 0 0 5 0
5 5 5 5 5 5 5 0 5 5
0 5 5 5 5 5 0 5 5 0
0 0 5 5 5 5 5 5 0 5
Output:
5 5 5 5 5 2 2 5 5 5
2 2 5 3 5 5 5 5 5 3
5 5 5 5 5 2 5 2 2 5
5 3 5 5 5 2 5 5 5 5
5 5 5 5 5 5 5 5 3 5
5 5 5 5 2 5 5 5 5 5
2 2 5 5 2 5 1 1 5 3
5 5 5 5 5 5 5 1 5 5
1 5 5 5 5 5 3 5 5 3
1 1 5 5 5 5 5 5 3 5

Example 1:

Input:
0 0 5 5 0 5 5 5 0 5
5 5 0 0 5 5 5 5 0 5
5 0 5 0 5 0 5 5 0 5
5 0 5 5 0 5 5 5 5 5
5 5 5 0 0 5 5 0 5 0
5 5 0 5 5 5 5 0 5 0
5 5 0 5 5 0 5 5 5 5
5 5 5 0 5 5 5 5 5 5
5 0 5 5 5 0 5 0 5 5
5 5 0 5 5 5 5 5 5 5
Output:
2 2 5 5 3 5 5 5 1 5
5 5 1 1 5 5 5 5 1 5
5 2 5 1 5 3 5 5 1 5
5 2 5 5 1 5 5 5 5 5
5 5 5 1 1 5 5 2 5 2
5 5 2 5 5 5 5 2 5 2
5 5 2 5 5 3 5 5 5 5
5 5 5 3 5 5 5 5 5 5
5 3 5 5 5 3 5 3 5 5
5 5 3 5 5 5 5 5 5 5

Example 1:

Input:
0 5 5 5 5 5 0 0 5 5
5 5 5 0 5 5 0 5 0 5
5 5 0 5 5 5 5 5 0 5
5 0 0 5 5 5 5 5 5 5
0 5 5 5 5 5 0 5 5 5
0 5 5 0 5 5 0 5 0 0
5 5 0 5 5 5 5 5 0 5
5 5 0 5 5 5 5 5 5 0
0 0 5 5 5 5 0 5 5 5
5 5 5 5 0 5 0 0 5 0
Output:
3 5 5 5 5 5 1 1 5 5
5 5 5 3 5 5 1 5 2 5
5 5 1 5 5 5 5 5 2 5
5 1 1 5 5 5 5 5 5 5
2 5 5 5 5 5 2 5 5 5
2 5 5 3 5 5 2 5 1 1
5 5 2 5 5 5 5 5 1 5
5 5 2 5 5 5 5 5 5 3
2 2 5 5 5 5 1 5 5 5
5 5 5 5 3 5 1 1 5 3

Example 1:

Input:
0 5 0 5 5 5 5 5 5 5
5 5 0 5 0 5 5 5 5 5
5 5 5 0 0 5 5 5 5 5
5 0 5 5 5 5 5 0 5 5
5 5 0 0 0 5 5 5 5 5
0 5 5 5 5 0 0 5 5 0
0 5 5 0 5 0 5 0 0 5
5 0 5 5 5 5 5 0 5 0
0 0 5 0 0 5 5 5 0 5
5 5 5 5 0 5 5 5 5 5
Output:
3 5 2 5 5 5 5 5 5 5
5 5 2 5 1 5 5 5 5 5
5 5 5 1 1 5 5 5 5 5
5 3 5 5 5 5 5 3 5 5
5 5 1 1 1 5 5 5 5 5
2 5 5 5 5 1 1 5 5 3
2 5 5 3 5 1 5 1 1 5
5 1 5 5 5 5 5 1 5 3
1 1 5 1 1 5 5 5 3 5
5 5 5 5 1 5 5 5 5 5

Example 1:

Input:
5 0 5 5 5 5 5 5 5 5
5 5 5 0 5 0 5 0 5 5
0 5 5 5 5 5 5 0 0 5
0 0 5 5 5 5 5 5 5 5
5 5 0 0 5 5 5 5 0 5
0 5 5 0 5 5 5 5 0 0
5 5 5 5 0 0 5 5 5 5
5 0 5 0 5 0 5 5 5 5
5 5 5 5 5 5 5 0 0 0
5 5 0 5 5 5 5 5 5 5
Output:
5 3 5 5 5 5 5 5 5 5
5 5 5 3 5 3 5 1 5 5
1 5 5 5 5 5 5 1 1 5
1 1 5 5 5 5 5 5 5 5
5 5 1 1 5 5 5 5 1 5
3 5 5 1 5 5 5 5 1 1
5 5 5 5 1 1 5 5 5 5
5 3 5 3 5 1 5 5 5 5
5 5 5 5 5 5 5 1 1 1
5 5 3 5 5 5 5 5 5 5

Example 1:

Input:
5 0 5 0 0 5 5 5 5 5
5 5 5 5 5 5 5 5 5 5
0 5 0 0 5 0 5 5 5 5
0 5 5 0 5 0 5 5 5 5
5 5 0 5 5 0 5 0 5 0
5 5 0 5 5 5 0 0 5 0
5 5 0 5 5 5 5 5 5 5
0 5 5 5 0 5 5 5 5 0
5 5 5 5 0 5 0 5 5 5
0 0 5 5 0 5 0 0 5 5
Output:
5 3 5 2 2 5 5 5 5 5
5 5 5 5 5 5 5 5 5 5
2 5 1 1 5 1 5 5 5 5
2 5 5 1 5 1 5 5 5 5
5 5 1 5 5 1 5 1 5 2
5 5 1 5 5 5 1 1 5 2
5 5 1 5 5 5 5 5 5 5
3 5 5 5 1 5 5 5 5 3
5 5 5 5 1 5 1 5 5 5
2 2 5 5 1 5 1 1 5 5

Example 1:

Input:
0 5 5 5 5 5 5 5 5 5
0 5 0 5 5 5 5 5 5 5
5 5 5 5 5 5 5 5 5 5
5 0 5 5 0 5 5 0 0 5
5 0 5 5 5 5 5 5 0 5
5 0 5 5 5 5 5 5 5 5
0 5 5 0 5 0 5 0 5 5
5 0 5 5 5 0 5 0 0 5
0 0 5 5 5 0 5 5 5 5
5 5 0 5 5 5 5 5 5 5
Output:
2 5 5 5 5 5 5 5 5 5
2 5 3 5 5 5 5 5 5 5
5 5 5 5 5 5 5 5 5 5
5 1 5 5 3 5 5 1 1 5
5 1 5 5 5 5 5 5 1 5
5 1 5 5 5 5 5 5 5 5
3 5 5 3 5 1 5 1 5 5
5 1 5 5 5 1 5 1 1 5
1 1 5 5 5 1 5 5 5 5
5 5 3 5 5 5 5 5 5 5


Write the **short** Python code in code golf manners that performs the transformation according to the rule in following format: `def p(g): ...`. Note that input and output are passed by 2D arrays. Use `val_` as a prefix for all variables except `_`. Avoid line breaks as much as possible.
