Find the common rule that maps an input grid to an output grid, given the examples below.

Example 1:

Input:
0 0 0 0 0 0 0 0 0 0
0 0 0 0 0 0 0 8 8 8
0 0 4 0 0 0 0 0 0 8
0 0 4 0 0 6 6 0 0 8
0 0 4 4 0 0 6 0 0 0
0 0 4 0 0 6 6 0 0 0
0 0 0 0 0 0 0 0 0 0
0 3 3 0 0 0 0 0 0 0
3 3 0 0 0 0 0 0 0 0
0 0 0 0 0 0 0 0 0 0
Output:
4 6 8
4 6 8
4 6 8
4 6 8
4 6 8

Example 1:

Input:
0 0 0 0 0 0 0 4 4 4
0 0 0 0 0 0 0 4 0 4
0 0 0 0 0 0 0 0 0 4
0 9 0 0 0 6 0 0 4 4
0 9 9 0 0 6 0 0 0 4
9 9 0 0 6 6 6 0 0 0
0 9 0 0 0 0 6 0 0 0
0 9 9 0 0 0 0 0 0 0
0 9 0 0 0 0 0 0 0 0
0 0 0 0 0 0 0 0 0 0
Output:
9 4
9 4
9 4
9 4
9 4
9 4
9 4
9 4
9 4

Example 1:

Input:
0 0 0 0 0 0 0 0 0 1
7 7 7 0 0 2 2 0 0 1
0 0 7 0 0 0 2 2 0 1
0 0 0 0 0 0 2 0 0 1
0 0 0 0 0 0 0 0 0 0
0 0 0 3 0 0 0 0 0 0
0 0 0 3 3 0 0 0 0 0
0 0 0 0 0 0 0 0 0 0
0 0 0 0 0 0 0 0 0 0
0 0 0 0 0 0 0 0 0 0
Output:
2
2
2
2
2

Example 1:

Input:
0 0 0 0 0 0 0 0 0 0
0 0 0 0 0 0 0 0 0 0
0 0 0 0 0 0 0 0 0 0
0 0 8 0 0 0 0 0 0 0
0 0 8 0 0 0 6 0 0 0
0 0 8 0 0 0 6 0 0 0
0 0 0 0 0 0 0 0 0 0
0 0 0 0 0 0 0 0 0 0
0 0 0 0 4 4 0 0 0 0
0 0 0 0 0 0 0 0 0 0
Output:
8
8
8

Example 1:

Input:
0 0 0 0 0 0 0 0 0 0
0 0 0 0 0 0 0 0 0 0
0 0 0 0 0 3 3 0 0 0
0 0 0 0 0 0 3 0 0 0
0 2 0 0 0 0 0 0 0 0
0 2 2 0 0 0 0 0 0 0
0 0 0 0 0 0 0 0 0 0
0 0 0 0 0 0 0 0 0 0
0 0 0 0 0 0 0 0 0 0
0 0 0 0 0 0 0 0 0 0
Output:
2 3
2 3
2 3

Example 1:

Input:
0 0 0 0 0 0 0 0 0 0
0 0 0 0 0 0 0 0 0 0
0 1 0 0 0 0 0 0 0 0
0 1 0 0 0 0 0 8 8 8
0 1 0 0 0 0 0 0 0 0
0 0 0 4 4 0 0 0 0 0
0 0 0 4 0 0 0 0 0 0
0 0 0 0 0 0 0 0 0 0
0 0 0 0 0 0 0 0 0 0
0 0 0 0 0 0 0 0 0 0
Output:
1 4 8
1 4 8
1 4 8

Example 1:

Input:
0 0 0 0 0 0 0 0 1 0
0 0 5 0 0 0 0 1 1 1
0 5 5 0 0 0 0 0 0 0
0 0 5 0 0 0 0 0 0 0
0 0 0 0 0 0 0 0 0 0
0 0 0 0 0 9 9 0 0 0
8 0 0 0 0 0 0 0 0 0
8 0 0 2 2 0 0 0 0 0
8 0 0 2 0 0 0 0 0 0
0 0 0 2 0 0 0 0 0 0
Output:
5 2 1
5 2 1
5 2 1
5 2 1

Example 1:

Input:
0 0 0 5 0 0 0 0 0 0
0 0 0 5 0 0 0 3 0 0
0 1 0 5 0 0 0 3 3 0
0 0 0 0 0 0 0 0 0 0
0 0 0 0 6 0 2 0 0 0
0 0 0 0 6 0 2 0 0 0
0 0 0 0 0 0 2 0 0 0
0 7 0 0 0 0 0 0 0 0
0 7 0 0 0 0 0 0 0 0
0 0 0 0 0 0 0 0 0 0
Output:
5 2 3
5 2 3
5 2 3


Write the **short** Python code in code golf manners that performs the transformation according to the rule in following format: `def p(g): ...`. Note that input and output are passed by 2D arrays.