Find the common rule that maps an input grid to an output grid, given the examples below.

Example 1:

Input:
8 8 8 8 8 8 8 8 8 8 8 8 8 8 8 8 8 8 8 8 8 8 8 8 8 8 8 8 8 8
8 8 1 1 1 1 1 1 1 1 1 1 1 1 1 1 1 1 1 8 8 8 8 8 8 8 8 8 8 8
8 8 1 1 1 1 1 1 1 1 1 1 1 1 1 1 1 1 1 8 8 8 8 8 8 2 8 8 8 8
8 8 1 1 1 1 1 1 1 1 1 1 1 1 1 1 1 1 1 8 8 8 8 8 3 2 3 8 8 8
8 8 1 1 1 1 1 1 1 1 1 1 1 1 1 1 1 1 1 8 8 8 8 2 2 3 2 2 8 8
8 8 1 1 1 3 1 1 1 1 1 1 1 1 1 1 1 1 1 8 8 8 8 8 3 2 3 8 8 8
8 8 1 1 1 1 1 1 1 1 1 1 1 1 1 1 1 1 1 8 8 8 8 8 8 2 8 8 8 8
8 8 1 1 1 1 1 1 1 1 1 1 1 1 1 1 1 1 1 8 8 8 8 8 8 8 8 8 8 8
8 8 1 1 1 1 1 1 1 1 1 1 1 1 1 1 1 1 1 8 8 8 8 8 8 8 8 8 8 8
8 8 1 1 1 1 1 1 1 1 1 1 1 1 1 1 1 1 1 8 8 8 8 8 8 8 8 8 8 8
8 8 1 1 1 1 1 1 1 1 1 1 1 1 1 1 1 1 1 8 8 8 8 8 8 8 8 8 8 8
8 8 1 1 1 1 1 1 1 1 1 1 1 1 1 1 1 1 1 8 8 8 8 8 8 8 8 8 8 8
8 8 1 1 1 1 1 1 1 1 1 1 1 1 1 1 1 1 1 8 8 8 8 8 8 8 8 8 8 8
8 8 1 1 1 1 1 1 1 1 1 1 1 1 1 1 1 1 1 8 8 8 8 8 8 8 8 8 8 8
8 8 1 1 1 1 1 1 1 1 1 1 1 1 1 1 1 1 1 8 8 8 8 8 8 8 8 8 8 8
8 8 1 1 1 1 1 1 1 1 1 1 1 1 1 1 1 1 1 8 8 8 8 8 8 8 8 8 8 8
8 8 8 8 8 8 8 8 8 8 8 8 8 8 8 8 8 8 8 8 8 8 8 8 8 8 8 8 8 8
8 8 8 8 8 8 8 8 8 8 8 8 8 8 8 8 8 8 8 8 8 8 8 8 8 8 8 8 8 8
8 8 8 8 8 8 8 8 1 1 1 1 1 1 1 1 1 1 1 1 1 1 1 1 1 1 8 8 8 8
8 8 8 8 8 8 8 8 1 1 1 1 1 1 1 1 1 1 1 1 1 1 1 1 1 1 8 8 8 8
8 8 8 8 8 8 8 8 1 1 1 1 1 1 1 1 1 1 1 1 1 1 1 1 1 1 8 8 8 8
8 8 8 8 8 8 8 8 1 1 1 1 1 1 1 1 1 1 1 1 1 1 1 1 1 1 8 8 8 8
8 8 8 8 8 8 8 8 1 1 1 1 1 1 1 1 1 1 1 1 1 1 1 1 1 1 8 8 8 8
8 8 8 8 8 8 8 8 1 1 1 1 1 1 1 1 1 1 1 1 1 1 1 1 1 1 8 8 8 8
8 8 8 8 8 8 8 8 1 1 1 1 1 1 1 1 1 1 1 1 1 1 1 1 1 1 8 8 8 8
8 8 8 8 8 8 8 8 1 1 1 1 1 1 1 1 1 3 1 1 1 1 1 1 1 1 8 8 8 8
8 8 8 8 8 8 8 8 1 1 1 1 1 1 1 1 1 1 1 1 1 1 1 1 1 1 8 8 8 8
8 8 8 8 8 8 8 8 8 8 8 8 8 8 8 8 8 8 8 8 8 8 8 8 8 8 8 8 8 8
8 8 8 8 8 8 8 8 8 8 8 8 8 8 8 8 8 8 8 8 8 8 8 8 8 8 8 8 8 8
8 8 8 8 8 8 8 8 8 8 8 8 8 8 8 8 8 8 8 8 8 8 8 8 8 8 8 8 8 8
Output:
8 8 8 8 8 8 8 8 8 8 8 8 8 8 8 8 8 8 8 8 8 8 8 8 8 8 8 8 8 8
8 8 1 1 1 2 1 1 1 1 1 1 1 1 1 1 1 1 1 8 8 8 8 8 8 8 8 8 8 8
8 8 1 1 1 2 1 1 1 1 1 1 1 1 1 1 1 1 1 8 8 8 8 8 8 8 8 8 8 8
8 8 1 1 1 2 1 1 1 1 1 1 1 1 1 1 1 1 1 8 8 8 8 8 8 8 8 8 8 8
8 8 1 1 3 2 3 1 1 1 1 1 1 1 1 1 1 1 1 8 8 8 8 8 8 8 8 8 8 8
8 8 2 2 2 3 2 2 2 2 2 2 2 2 2 2 2 2 2 8 8 8 8 8 8 8 8 8 8 8
8 8 1 1 3 2 3 1 1 1 1 1 1 1 1 1 1 1 1 8 8 8 8 8 8 8 8 8 8 8
8 8 1 1 1 2 1 1 1 1 1 1 1 1 1 1 1 1 1 8 8 8 8 8 8 8 8 8 8 8
8 8 1 1 1 2 1 1 1 1 1 1 1 1 1 1 1 1 1 8 8 8 8 8 8 8 8 8 8 8
8 8 1 1 1 2 1 1 1 1 1 1 1 1 1 1 1 1 1 8 8 8 8 8 8 8 8 8 8 8
8 8 1 1 1 2 1 1 1 1 1 1 1 1 1 1 1 1 1 8 8 8 8 8 8 8 8 8 8 8
8 8 1 1 1 2 1 1 1 1 1 1 1 1 1 1 1 1 1 8 8 8 8 8 8 8 8 8 8 8
8 8 1 1 1 2 1 1 1 1 1 1 1 1 1 1 1 1 1 8 8 8 8 8 8 8 8 8 8 8
8 8 1 1 1 2 1 1 1 1 1 1 1 1 1 1 1 1 1 8 8 8 8 8 8 8 8 8 8 8
8 8 1 1 1 2 1 1 1 1 1 1 1 1 1 1 1 1 1 8 8 8 8 8 8 8 8 8 8 8
8 8 1 1 1 2 1 1 1 1 1 1 1 1 1 1 1 1 1 8 8 8 8 8 8 8 8 8 8 8
8 8 8 8 8 8 8 8 8 8 8 8 8 8 8 8 8 8 8 8 8 8 8 8 8 8 8 8 8 8
8 8 8 8 8 8 8 8 8 8 8 8 8 8 8 8 8 8 8 8 8 8 8 8 8 8 8 8 8 8
8 8 8 8 8 8 8 8 1 1 1 1 1 1 1 1 1 2 1 1 1 1 1 1 1 1 8 8 8 8
8 8 8 8 8 8 8 8 1 1 1 1 1 1 1 1 1 2 1 1 1 1 1 1 1 1 8 8 8 8
8 8 8 8 8 8 8 8 1 1 1 1 1 1 1 1 1 2 1 1 1 1 1 1 1 1 8 8 8 8
8 8 8 8 8 8 8 8 1 1 1 1 1 1 1 1 1 2 1 1 1 1 1 1 1 1 8 8 8 8
8 8 8 8 8 8 8 8 1 1 1 1 1 1 1 1 1 2 1 1 1 1 1 1 1 1 8 8 8 8
8 8 8 8 8 8 8 8 1 1 1 1 1 1 1 1 1 2 1 1 1 1 1 1 1 1 8 8 8 8
8 8 8 8 8 8 8 8 1 1 1 1 1 1 1 1 3 2 3 1 1 1 1 1 1 1 8 8 8 8
8 8 8 8 8 8 8 8 2 2 2 2 2 2 2 2 2 3 2 2 2 2 2 2 2 2 8 8 8 8
8 8 8 8 8 8 8 8 1 1 1 1 1 1 1 1 3 2 3 1 1 1 1 1 1 1 8 8 8 8
8 8 8 8 8 8 8 8 8 8 8 8 8 8 8 8 8 8 8 8 8 8 8 8 8 8 8 8 8 8
8 8 8 8 8 8 8 8 8 8 8 8 8 8 8 8 8 8 8 8 8 8 8 8 8 8 8 8 8 8
8 8 8 8 8 8 8 8 8 8 8 8 8 8 8 8 8 8 8 8 8 8 8 8 8 8 8 8 8 8

Example 1:

Input:
1 1 1 1 1 1 1 1 1 1 1 1 1 1 1 1 1 1 1 1 1 1 1 1 1 1 1 1 1 1
1 1 1 1 1 1 1 1 1 1 1 1 1 1 1 1 1 1 1 1 1 1 1 1 1 1 1 1 1 1
1 1 1 1 1 1 1 1 1 1 1 1 1 1 1 1 1 1 1 1 1 1 1 1 1 1 1 1 1 1
1 1 1 1 1 1 1 1 1 1 1 1 1 1 1 1 1 1 1 1 1 1 1 1 3 1 1 1 1 1
1 1 1 1 1 1 1 1 1 1 1 1 1 1 1 1 1 1 1 1 1 1 1 1 3 1 1 1 1 1
1 2 2 2 2 2 2 2 2 2 2 2 2 2 2 2 2 2 1 1 1 1 3 3 4 3 3 1 1 1
1 2 2 2 2 2 2 2 2 2 2 2 2 2 2 2 2 2 1 1 1 1 1 1 3 1 1 1 1 1
1 2 2 2 2 2 2 2 2 2 2 2 2 2 4 2 2 2 1 1 1 1 1 1 3 1 1 1 1 1
1 2 2 2 2 2 2 2 2 2 2 2 2 2 2 2 2 2 1 1 1 1 1 1 1 1 1 1 1 1
1 2 2 2 2 2 2 2 2 2 2 2 2 2 2 2 2 2 1 1 1 1 1 1 1 1 1 1 1 1
1 2 2 2 2 4 2 2 2 2 2 2 2 2 2 2 2 2 1 1 1 1 1 1 1 1 1 1 1 1
1 2 2 2 2 2 2 2 2 2 2 2 2 2 2 2 2 2 1 1 1 1 1 1 1 1 1 1 1 1
1 2 2 2 2 2 2 2 2 2 2 2 2 2 2 2 2 2 1 1 1 1 1 1 1 1 1 1 1 1
1 2 2 2 2 2 2 2 2 2 2 2 2 2 2 2 2 2 1 1 1 1 1 1 1 1 1 1 1 1
1 1 1 1 1 1 1 1 1 1 1 1 1 1 1 1 1 1 1 1 1 1 1 1 1 1 1 1 1 1
1 1 1 1 1 1 2 2 2 2 2 2 2 2 2 2 2 2 2 2 2 2 2 2 1 1 1 1 1 1
1 1 1 1 1 1 2 2 2 2 2 2 2 2 2 2 2 2 2 2 2 2 2 2 1 1 1 1 1 1
1 1 1 1 1 1 2 2 2 2 2 2 2 2 2 2 2 2 2 2 2 2 2 2 1 1 1 1 1 1
1 1 1 1 1 1 2 2 2 2 2 2 2 2 2 2 2 2 2 2 2 2 2 2 1 1 1 1 1 1
1 1 1 1 1 1 2 2 2 2 2 2 2 2 2 2 2 2 2 2 2 2 2 2 1 1 1 1 1 1
1 1 1 1 1 1 2 2 2 2 2 2 2 2 2 2 2 2 2 2 2 2 2 2 1 1 1 1 1 1
1 1 1 1 1 1 2 2 2 2 2 2 2 2 2 2 2 2 2 2 2 2 2 2 1 1 1 1 1 1
1 1 1 1 1 1 2 2 2 2 2 2 2 2 2 2 2 2 2 2 2 2 2 2 1 1 1 1 1 1
1 1 1 1 1 1 2 2 2 2 2 2 2 2 2 2 2 2 2 2 2 2 2 2 1 1 1 1 1 1
1 1 1 1 1 1 2 2 2 2 2 2 2 2 2 2 4 2 2 2 2 2 2 2 1 1 1 1 1 1
1 1 1 1 1 1 2 2 2 2 2 2 2 2 2 2 2 2 2 2 2 2 2 2 1 1 1 1 1 1
1 1 1 1 1 1 2 2 2 2 2 2 2 2 2 2 2 2 2 2 2 2 2 2 1 1 1 1 1 1
1 1 1 1 1 1 2 2 2 2 2 2 2 2 2 2 2 2 2 2 2 2 2 2 1 1 1 1 1 1
1 1 1 1 1 1 1 1 1 1 1 1 1 1 1 1 1 1 1 1 1 1 1 1 1 1 1 1 1 1
1 1 1 1 1 1 1 1 1 1 1 1 1 1 1 1 1 1 1 1 1 1 1 1 1 1 1 1 1 1
Output:
1 1 1 1 1 1 1 1 1 1 1 1 1 1 1 1 1 1 1 1 1 1 1 1 1 1 1 1 1 1
1 1 1 1 1 1 1 1 1 1 1 1 1 1 1 1 1 1 1 1 1 1 1 1 1 1 1 1 1 1
1 1 1 1 1 1 1 1 1 1 1 1 1 1 1 1 1 1 1 1 1 1 1 1 1 1 1 1 1 1
1 1 1 1 1 1 1 1 1 1 1 1 1 1 1 1 1 1 1 1 1 1 1 1 1 1 1 1 1 1
1 1 1 1 1 1 1 1 1 1 1 1 1 1 1 1 1 1 1 1 1 1 1 1 1 1 1 1 1 1
1 2 2 2 2 3 2 2 2 2 2 2 2 2 3 2 2 2 1 1 1 1 1 1 1 1 1 1 1 1
1 2 2 2 2 3 2 2 2 2 2 2 2 2 3 2 2 2 1 1 1 1 1 1 1 1 1 1 1 1
1 3 3 3 3 3 3 3 3 3 3 3 3 3 4 3 3 3 1 1 1 1 1 1 1 1 1 1 1 1
1 2 2 2 2 3 2 2 2 2 2 2 2 2 3 2 2 2 1 1 1 1 1 1 1 1 1 1 1 1
1 2 2 2 2 3 2 2 2 2 2 2 2 2 3 2 2 2 1 1 1 1 1 1 1 1 1 1 1 1
1 3 3 3 3 4 3 3 3 3 3 3 3 3 3 3 3 3 1 1 1 1 1 1 1 1 1 1 1 1
1 2 2 2 2 3 2 2 2 2 2 2 2 2 3 2 2 2 1 1 1 1 1 1 1 1 1 1 1 1
1 2 2 2 2 3 2 2 2 2 2 2 2 2 3 2 2 2 1 1 1 1 1 1 1 1 1 1 1 1
1 2 2 2 2 3 2 2 2 2 2 2 2 2 3 2 2 2 1 1 1 1 1 1 1 1 1 1 1 1
1 1 1 1 1 1 1 1 1 1 1 1 1 1 1 1 1 1 1 1 1 1 1 1 1 1 1 1 1 1
1 1 1 1 1 1 2 2 2 2 2 2 2 2 2 2 3 2 2 2 2 2 2 2 1 1 1 1 1 1
1 1 1 1 1 1 2 2 2 2 2 2 2 2 2 2 3 2 2 2 2 2 2 2 1 1 1 1 1 1
1 1 1 1 1 1 2 2 2 2 2 2 2 2 2 2 3 2 2 2 2 2 2 2 1 1 1 1 1 1
1 1 1 1 1 1 2 2 2 2 2 2 2 2 2 2 3 2 2 2 2 2 2 2 1 1 1 1 1 1
1 1 1 1 1 1 2 2 2 2 2 2 2 2 2 2 3 2 2 2 2 2 2 2 1 1 1 1 1 1
1 1 1 1 1 1 2 2 2 2 2 2 2 2 2 2 3 2 2 2 2 2 2 2 1 1 1 1 1 1
1 1 1 1 1 1 2 2 2 2 2 2 2 2 2 2 3 2 2 2 2 2 2 2 1 1 1 1 1 1
1 1 1 1 1 1 2 2 2 2 2 2 2 2 2 2 3 2 2 2 2 2 2 2 1 1 1 1 1 1
1 1 1 1 1 1 2 2 2 2 2 2 2 2 2 2 3 2 2 2 2 2 2 2 1 1 1 1 1 1
1 1 1 1 1 1 3 3 3 3 3 3 3 3 3 3 4 3 3 3 3 3 3 3 1 1 1 1 1 1
1 1 1 1 1 1 2 2 2 2 2 2 2 2 2 2 3 2 2 2 2 2 2 2 1 1 1 1 1 1
1 1 1 1 1 1 2 2 2 2 2 2 2 2 2 2 3 2 2 2 2 2 2 2 1 1 1 1 1 1
1 1 1 1 1 1 2 2 2 2 2 2 2 2 2 2 3 2 2 2 2 2 2 2 1 1 1 1 1 1
1 1 1 1 1 1 1 1 1 1 1 1 1 1 1 1 1 1 1 1 1 1 1 1 1 1 1 1 1 1
1 1 1 1 1 1 1 1 1 1 1 1 1 1 1 1 1 1 1 1 1 1 1 1 1 1 1 1 1 1

Example 1:

Input:
8 8 8 8 8 8 8 8 8 8 8 8 8 8 8 8 8 8 8 8 8 8 8 8 8 8 8 8 8 8
8 8 8 8 8 8 8 8 8 8 8 8 8 8 8 8 8 8 8 8 8 8 8 8 8 8 8 8 8 8
8 8 8 8 8 8 8 8 8 8 8 3 3 3 3 3 3 3 3 3 3 3 3 3 3 3 3 8 8 8
8 8 8 8 8 8 8 8 8 8 8 3 3 3 3 3 3 3 3 3 3 3 3 3 3 3 3 8 8 8
8 8 8 8 8 8 8 8 8 8 8 3 3 3 3 3 3 3 3 3 3 3 3 3 3 3 3 8 8 8
8 8 8 8 8 8 8 8 8 8 8 3 3 3 3 3 3 3 3 3 3 3 3 3 3 3 3 8 8 8
8 8 8 8 8 8 8 8 8 8 8 3 3 3 3 3 3 3 3 3 3 3 3 4 3 3 3 8 8 8
8 8 8 8 8 8 8 8 8 8 8 3 3 3 3 3 3 3 3 3 3 3 3 3 3 3 3 8 8 8
8 8 8 8 8 8 8 8 8 8 8 3 3 3 3 3 3 3 3 3 3 3 3 3 3 3 3 8 8 8
8 3 3 3 3 3 3 3 3 3 8 3 3 3 3 3 3 3 3 3 3 3 3 3 3 3 3 8 8 8
8 3 3 3 3 3 3 3 3 3 8 3 3 3 3 4 3 3 3 3 3 3 3 3 3 3 3 8 8 8
8 3 3 3 3 3 3 3 3 3 8 3 3 3 3 3 3 3 3 3 3 3 3 3 3 3 3 8 8 8
8 3 3 3 4 3 3 3 3 3 8 3 3 3 3 3 3 3 3 3 3 3 3 3 3 3 3 8 8 8
8 3 3 3 3 3 3 3 3 3 8 3 3 3 3 3 3 3 3 3 3 3 3 3 3 3 3 8 8 8
8 3 3 3 3 3 3 3 3 3 8 3 3 3 3 3 3 3 3 3 3 3 3 3 3 3 3 8 8 8
8 3 3 3 3 3 3 3 3 3 8 8 8 8 8 8 8 8 8 8 8 8 8 8 8 8 8 8 8 8
8 3 3 3 3 3 3 3 3 3 8 8 3 3 3 3 3 3 3 3 3 3 8 8 8 8 8 8 8 8
8 3 3 3 3 3 3 3 3 3 8 8 3 3 3 3 3 3 3 3 3 3 8 8 8 8 8 8 8 8
8 3 3 3 3 3 3 3 3 3 8 8 3 3 3 3 3 3 3 3 3 3 8 8 8 8 8 8 8 8
8 3 3 3 3 3 3 3 3 3 8 8 3 3 3 3 3 3 3 3 3 3 8 8 8 8 8 8 8 8
8 3 3 3 3 3 3 3 3 3 8 8 3 3 3 3 3 3 4 3 3 3 8 8 8 8 8 8 8 8
8 3 3 3 3 3 3 3 3 3 8 8 3 3 3 3 3 3 3 3 3 3 8 8 8 8 8 8 8 8
8 3 3 3 3 3 3 3 3 3 8 8 3 3 3 3 3 3 3 3 3 3 8 8 8 8 8 8 8 8
8 3 3 3 3 3 3 3 3 3 8 8 8 8 8 8 8 8 8 8 8 8 8 8 8 8 8 8 8 8
8 8 8 8 8 8 8 8 8 8 8 8 8 8 8 8 8 8 8 8 8 8 8 8 5 8 8 8 8 8
8 8 8 8 8 8 8 8 8 8 8 8 8 8 8 8 8 8 8 8 8 8 8 6 5 6 8 8 8 8
8 8 8 8 8 8 8 8 8 8 8 8 8 8 8 8 8 8 8 8 8 8 8 6 4 6 8 8 8 8
8 8 8 8 8 8 8 8 8 8 8 8 8 8 8 8 8 8 8 8 8 8 8 6 5 6 8 8 8 8
8 8 8 8 8 8 8 8 8 8 8 8 8 8 8 8 8 8 8 8 8 8 8 8 5 8 8 8 8 8
8 8 8 8 8 8 8 8 8 8 8 8 8 8 8 8 8 8 8 8 8 8 8 8 8 8 8 8 8 8
Output:
8 8 8 8 8 8 8 8 8 8 8 8 8 8 8 8 8 8 8 8 8 8 8 8 8 8 8 8 8 8
8 8 8 8 8 8 8 8 8 8 8 8 8 8 8 8 8 8 8 8 8 8 8 8 8 8 8 8 8 8
8 8 8 8 8 8 8 8 8 8 8 3 3 3 3 5 3 3 3 3 3 3 3 5 3 3 3 8 8 8
8 8 8 8 8 8 8 8 8 8 8 3 3 3 3 5 3 3 3 3 3 3 3 5 3 3 3 8 8 8
8 8 8 8 8 8 8 8 8 8 8 3 3 3 3 5 3 3 3 3 3 3 3 5 3 3 3 8 8 8
8 8 8 8 8 8 8 8 8 8 8 3 3 3 3 5 3 3 3 3 3 3 6 5 6 3 3 8 8 8
8 8 8 8 8 8 8 8 8 8 8 3 3 3 3 5 3 3 3 3 3 3 6 4 6 3 3 8 8 8
8 8 8 8 8 8 8 8 8 8 8 3 3 3 3 5 3 3 3 3 3 3 6 5 6 3 3 8 8 8
8 8 8 8 8 8 8 8 8 8 8 3 3 3 3 5 3 3 3 3 3 3 3 5 3 3 3 8 8 8
8 3 3 3 5 3 3 3 3 3 8 3 3 3 6 5 6 3 3 3 3 3 3 5 3 3 3 8 8 8
8 3 3 3 5 3 3 3 3 3 8 3 3 3 6 4 6 3 3 3 3 3 3 5 3 3 3 8 8 8
8 3 3 6 5 6 3 3 3 3 8 3 3 3 6 5 6 3 3 3 3 3 3 5 3 3 3 8 8 8
8 3 3 6 4 6 3 3 3 3 8 3 3 3 3 5 3 3 3 3 3 3 3 5 3 3 3 8 8 8
8 3 3 6 5 6 3 3 3 3 8 3 3 3 3 5 3 3 3 3 3 3 3 5 3 3 3 8 8 8
8 3 3 3 5 3 3 3 3 3 8 3 3 3 3 5 3 3 3 3 3 3 3 5 3 3 3 8 8 8
8 3 3 3 5 3 3 3 3 3 8 8 8 8 8 8 8 8 8 8 8 8 8 8 8 8 8 8 8 8
8 3 3 3 5 3 3 3 3 3 8 8 3 3 3 3 3 3 5 3 3 3 8 8 8 8 8 8 8 8
8 3 3 3 5 3 3 3 3 3 8 8 3 3 3 3 3 3 5 3 3 3 8 8 8 8 8 8 8 8
8 3 3 3 5 3 3 3 3 3 8 8 3 3 3 3 3 3 5 3 3 3 8 8 8 8 8 8 8 8
8 3 3 3 5 3 3 3 3 3 8 8 3 3 3 3 3 6 5 6 3 3 8 8 8 8 8 8 8 8
8 3 3 3 5 3 3 3 3 3 8 8 3 3 3 3 3 6 4 6 3 3 8 8 8 8 8 8 8 8
8 3 3 3 5 3 3 3 3 3 8 8 3 3 3 3 3 6 5 6 3 3 8 8 8 8 8 8 8 8
8 3 3 3 5 3 3 3 3 3 8 8 3 3 3 3 3 3 5 3 3 3 8 8 8 8 8 8 8 8
8 3 3 3 5 3 3 3 3 3 8 8 8 8 8 8 8 8 8 8 8 8 8 8 8 8 8 8 8 8
8 8 8 8 8 8 8 8 8 8 8 8 8 8 8 8 8 8 8 8 8 8 8 8 8 8 8 8 8 8
8 8 8 8 8 8 8 8 8 8 8 8 8 8 8 8 8 8 8 8 8 8 8 8 8 8 8 8 8 8
8 8 8 8 8 8 8 8 8 8 8 8 8 8 8 8 8 8 8 8 8 8 8 8 8 8 8 8 8 8
8 8 8 8 8 8 8 8 8 8 8 8 8 8 8 8 8 8 8 8 8 8 8 8 8 8 8 8 8 8
8 8 8 8 8 8 8 8 8 8 8 8 8 8 8 8 8 8 8 8 8 8 8 8 8 8 8 8 8 8
8 8 8 8 8 8 8 8 8 8 8 8 8 8 8 8 8 8 8 8 8 8 8 8 8 8 8 8 8 8

Example 1:

Input:
4 4 4 4 4 4 4 4 4 4 4 4 4 4 4 4 4 4 4 4 4 4 4 4 4 4 4 4 4 4
4 4 4 4 4 4 4 4 4 4 4 4 4 4 4 4 4 4 4 4 4 4 4 4 4 4 4 4 4 4
4 4 4 1 1 1 1 1 1 1 1 1 1 1 1 4 4 4 4 4 4 4 4 4 4 4 4 4 4 4
4 4 4 1 1 1 1 1 1 1 1 1 1 1 1 4 4 4 4 4 4 4 4 4 4 4 4 4 4 4
4 4 4 1 1 1 1 1 1 1 1 1 1 1 1 4 4 4 4 4 4 4 4 4 4 4 4 4 4 4
4 4 4 1 1 1 1 1 1 1 1 1 1 1 1 4 4 4 4 4 4 4 4 4 4 4 4 4 4 4
4 4 4 1 1 1 1 1 1 1 1 1 1 1 1 4 4 4 4 4 4 4 4 4 4 4 4 4 4 4
4 4 4 1 1 1 1 1 1 1 1 1 1 1 1 4 4 4 4 4 4 4 4 4 4 4 4 4 4 4
4 4 4 1 1 1 1 1 1 1 1 1 1 1 1 4 4 4 4 4 4 4 4 4 4 4 4 4 4 4
4 4 4 1 1 1 2 1 1 1 1 1 1 1 1 4 4 4 4 4 4 4 4 4 4 4 4 4 4 4
4 4 4 1 1 1 1 1 1 1 1 1 1 1 1 4 4 4 4 4 4 4 4 4 4 4 4 4 4 4
4 4 4 1 1 1 1 1 1 1 1 1 1 1 1 4 4 4 4 4 4 4 4 4 4 4 4 4 4 4
4 4 4 4 4 4 4 4 4 4 4 4 4 4 4 4 4 4 4 4 4 4 4 4 4 4 4 4 4 4
4 4 4 4 4 4 4 4 4 4 4 4 4 4 4 4 4 4 4 4 4 4 4 4 4 4 4 4 4 4
4 4 4 4 4 4 4 4 4 4 4 4 1 1 1 1 1 1 1 1 1 1 1 1 1 1 1 1 1 4
4 4 4 4 4 4 4 4 4 4 4 4 1 1 1 1 1 1 1 1 1 1 1 1 1 1 1 1 1 4
4 4 4 4 4 4 4 4 4 4 4 4 1 1 1 1 1 1 1 1 1 1 1 1 1 1 1 1 1 4
4 4 4 4 4 4 4 4 4 4 4 4 1 1 1 1 1 1 1 1 1 1 1 2 1 1 1 1 1 4
4 4 4 4 4 4 4 4 4 4 4 4 1 1 1 1 1 1 1 1 1 1 1 1 1 1 1 1 1 4
4 4 4 4 4 4 4 4 4 4 4 4 1 1 1 1 1 1 1 1 1 1 1 1 1 1 1 1 1 4
4 4 4 4 4 4 4 4 4 4 4 4 1 1 1 1 1 1 1 1 1 1 1 1 1 1 1 1 1 4
4 4 4 4 4 4 4 4 4 4 4 4 1 1 1 1 1 1 1 1 1 1 1 1 1 1 1 1 1 4
4 4 3 3 3 4 4 4 4 4 4 4 1 1 1 1 1 1 1 1 1 1 1 1 1 1 1 1 1 4
4 8 8 2 8 8 4 4 4 4 4 4 1 1 1 1 1 1 1 1 1 1 1 1 1 1 1 1 1 4
4 4 3 3 3 4 4 4 4 4 4 4 1 1 1 1 1 1 2 1 1 1 1 1 1 1 1 1 1 4
4 4 4 4 4 4 4 4 4 4 4 4 1 1 1 1 1 1 1 1 1 1 1 1 1 1 1 1 1 4
4 4 4 4 4 4 4 4 4 4 4 4 1 1 1 1 1 1 1 1 1 1 1 1 1 1 1 1 1 4
4 4 4 4 4 4 4 4 4 4 4 4 1 1 1 1 1 1 1 1 1 1 1 1 1 1 1 1 1 4
4 4 4 4 4 4 4 4 4 4 4 4 4 4 4 4 4 4 4 4 4 4 4 4 4 4 4 4 4 4
4 4 4 4 4 4 4 4 4 4 4 4 4 4 4 4 4 4 4 4 4 4 4 4 4 4 4 4 4 4
Output:
4 4 4 4 4 4 4 4 4 4 4 4 4 4 4 4 4 4 4 4 4 4 4 4 4 4 4 4 4 4
4 4 4 4 4 4 4 4 4 4 4 4 4 4 4 4 4 4 4 4 4 4 4 4 4 4 4 4 4 4
4 4 4 1 1 1 1 1 1 1 1 1 1 1 1 4 4 4 4 4 4 4 4 4 4 4 4 4 4 4
4 4 4 1 1 1 1 1 1 1 1 1 1 1 1 4 4 4 4 4 4 4 4 4 4 4 4 4 4 4
4 4 4 1 1 1 1 1 1 1 1 1 1 1 1 4 4 4 4 4 4 4 4 4 4 4 4 4 4 4
4 4 4 1 1 1 1 1 1 1 1 1 1 1 1 4 4 4 4 4 4 4 4 4 4 4 4 4 4 4
4 4 4 1 1 1 1 1 1 1 1 1 1 1 1 4 4 4 4 4 4 4 4 4 4 4 4 4 4 4
4 4 4 1 1 1 1 1 1 1 1 1 1 1 1 4 4 4 4 4 4 4 4 4 4 4 4 4 4 4
4 4 4 1 1 3 3 3 1 1 1 1 1 1 1 4 4 4 4 4 4 4 4 4 4 4 4 4 4 4
4 4 4 8 8 8 2 8 8 8 8 8 8 8 8 4 4 4 4 4 4 4 4 4 4 4 4 4 4 4
4 4 4 1 1 3 3 3 1 1 1 1 1 1 1 4 4 4 4 4 4 4 4 4 4 4 4 4 4 4
4 4 4 1 1 1 1 1 1 1 1 1 1 1 1 4 4 4 4 4 4 4 4 4 4 4 4 4 4 4
4 4 4 4 4 4 4 4 4 4 4 4 4 4 4 4 4 4 4 4 4 4 4 4 4 4 4 4 4 4
4 4 4 4 4 4 4 4 4 4 4 4 4 4 4 4 4 4 4 4 4 4 4 4 4 4 4 4 4 4
4 4 4 4 4 4 4 4 4 4 4 4 1 1 1 1 1 1 1 1 1 1 1 1 1 1 1 1 1 4
4 4 4 4 4 4 4 4 4 4 4 4 1 1 1 1 1 1 1 1 1 1 1 1 1 1 1 1 1 4
4 4 4 4 4 4 4 4 4 4 4 4 1 1 1 1 1 1 1 1 1 1 3 3 3 1 1 1 1 4
4 4 4 4 4 4 4 4 4 4 4 4 8 8 8 8 8 8 8 8 8 8 8 2 8 8 8 8 8 4
4 4 4 4 4 4 4 4 4 4 4 4 1 1 1 1 1 1 1 1 1 1 3 3 3 1 1 1 1 4
4 4 4 4 4 4 4 4 4 4 4 4 1 1 1 1 1 1 1 1 1 1 1 1 1 1 1 1 1 4
4 4 4 4 4 4 4 4 4 4 4 4 1 1 1 1 1 1 1 1 1 1 1 1 1 1 1 1 1 4
4 4 4 4 4 4 4 4 4 4 4 4 1 1 1 1 1 1 1 1 1 1 1 1 1 1 1 1 1 4
4 4 4 4 4 4 4 4 4 4 4 4 1 1 1 1 1 1 1 1 1 1 1 1 1 1 1 1 1 4
4 4 4 4 4 4 4 4 4 4 4 4 1 1 1 1 1 3 3 3 1 1 1 1 1 1 1 1 1 4
4 4 4 4 4 4 4 4 4 4 4 4 8 8 8 8 8 8 2 8 8 8 8 8 8 8 8 8 8 4
4 4 4 4 4 4 4 4 4 4 4 4 1 1 1 1 1 3 3 3 1 1 1 1 1 1 1 1 1 4
4 4 4 4 4 4 4 4 4 4 4 4 1 1 1 1 1 1 1 1 1 1 1 1 1 1 1 1 1 4
4 4 4 4 4 4 4 4 4 4 4 4 1 1 1 1 1 1 1 1 1 1 1 1 1 1 1 1 1 4
4 4 4 4 4 4 4 4 4 4 4 4 4 4 4 4 4 4 4 4 4 4 4 4 4 4 4 4 4 4
4 4 4 4 4 4 4 4 4 4 4 4 4 4 4 4 4 4 4 4 4 4 4 4 4 4 4 4 4 4

Example 1:

Input:
8 8 8 8 8 8 8 8 8 8 8 8 8 8 8 8 8 8 8 8 8 8 8 8 8 8 8 8 8 8
8 4 4 4 4 4 4 4 4 4 4 4 4 4 4 4 4 4 8 8 8 8 8 8 8 8 8 8 8 8
8 4 9 4 4 4 4 4 4 4 4 4 4 4 4 4 4 4 8 8 8 8 8 8 8 8 8 8 8 8
8 4 4 4 4 4 4 4 4 4 4 4 4 4 4 4 4 4 8 8 8 8 8 8 6 6 6 8 8 8
8 4 4 4 4 4 4 4 4 4 4 4 4 4 4 4 4 4 8 8 8 8 8 2 2 9 2 2 8 8
8 4 4 4 4 4 4 4 4 4 4 4 4 4 4 4 4 4 8 8 8 8 8 8 6 6 6 8 8 8
8 4 4 4 4 4 4 4 4 4 4 4 4 4 4 4 4 4 8 8 8 8 8 8 8 8 8 8 8 8
8 4 4 4 4 4 4 4 4 4 4 4 4 4 4 4 4 4 8 8 8 8 8 8 8 8 8 8 8 8
8 4 4 4 4 4 4 4 4 4 4 4 4 4 4 4 4 4 8 8 8 8 8 8 8 8 8 8 8 8
8 4 4 4 4 4 4 4 4 4 4 4 4 4 4 4 4 4 8 8 8 8 8 8 8 8 8 8 8 8
8 4 4 4 4 4 4 4 4 4 4 4 4 4 4 4 4 4 8 8 8 8 8 8 8 8 8 8 8 8
8 4 4 4 4 4 4 4 4 4 9 4 4 4 4 4 4 4 8 8 8 8 8 8 8 8 8 8 8 8
8 4 4 4 4 4 4 4 4 4 4 4 4 4 4 4 4 4 8 8 8 8 8 8 8 8 8 8 8 8
8 4 4 4 4 4 4 4 4 4 4 4 4 4 4 4 4 4 8 8 8 8 8 8 8 8 8 8 8 8
8 4 4 4 4 4 4 4 4 4 4 4 4 4 4 4 4 4 8 8 8 8 8 8 8 8 8 8 8 8
8 8 8 8 8 8 8 8 8 8 8 8 8 8 8 8 8 8 8 8 8 8 8 8 8 8 8 8 8 8
8 8 8 8 8 4 4 4 4 4 4 4 4 4 4 4 4 4 4 4 4 4 8 8 8 8 8 8 8 8
8 8 8 8 8 4 4 4 4 4 4 4 4 4 4 4 4 4 4 4 4 4 8 8 8 8 8 8 8 8
8 8 8 8 8 4 4 4 4 4 4 4 4 4 4 4 4 4 4 4 4 4 8 8 8 8 8 8 8 8
8 8 8 8 8 4 4 4 4 4 4 4 4 4 4 4 4 4 4 4 4 4 8 8 8 8 8 8 8 8
8 8 8 8 8 4 4 4 4 4 4 4 4 4 4 4 4 4 4 4 4 4 8 8 8 8 8 8 8 8
8 8 8 8 8 4 4 4 4 4 4 4 4 4 4 4 4 4 4 4 4 4 8 8 8 8 8 8 8 8
8 8 8 8 8 4 4 4 4 4 4 4 4 4 4 4 4 4 4 4 4 4 8 8 8 8 8 8 8 8
8 8 8 8 8 4 4 4 4 4 4 4 4 4 4 4 4 4 4 4 9 4 8 8 8 8 8 8 8 8
8 8 8 8 8 4 4 4 4 4 4 4 4 4 4 4 4 4 4 4 4 4 8 8 8 8 8 8 8 8
8 8 8 8 8 8 8 8 8 8 8 8 8 8 8 8 8 8 8 8 8 8 8 8 8 8 8 8 8 8
8 8 8 8 8 8 8 8 8 8 8 8 8 8 8 8 8 8 8 8 8 8 8 8 8 8 8 8 8 8
8 8 8 8 8 8 8 8 8 8 8 8 8 8 8 8 8 8 8 8 8 8 8 8 8 8 8 8 8 8
8 8 8 8 8 8 8 8 8 8 8 8 8 8 8 8 8 8 8 8 8 8 8 8 8 8 8 8 8 8
8 8 8 8 8 8 8 8 8 8 8 8 8 8 8 8 8 8 8 8 8 8 8 8 8 8 8 8 8 8
Output:
8 8 8 8 8 8 8 8 8 8 8 8 8 8 8 8 8 8 8 8 8 8 8 8 8 8 8 8 8 8
8 6 6 6 4 4 4 4 4 4 4 4 4 4 4 4 4 4 8 8 8 8 8 8 8 8 8 8 8 8
8 2 9 2 2 2 2 2 2 2 2 2 2 2 2 2 2 2 8 8 8 8 8 8 8 8 8 8 8 8
8 6 6 6 4 4 4 4 4 4 4 4 4 4 4 4 4 4 8 8 8 8 8 8 8 8 8 8 8 8
8 4 4 4 4 4 4 4 4 4 4 4 4 4 4 4 4 4 8 8 8 8 8 8 8 8 8 8 8 8
8 4 4 4 4 4 4 4 4 4 4 4 4 4 4 4 4 4 8 8 8 8 8 8 8 8 8 8 8 8
8 4 4 4 4 4 4 4 4 4 4 4 4 4 4 4 4 4 8 8 8 8 8 8 8 8 8 8 8 8
8 4 4 4 4 4 4 4 4 4 4 4 4 4 4 4 4 4 8 8 8 8 8 8 8 8 8 8 8 8
8 4 4 4 4 4 4 4 4 4 4 4 4 4 4 4 4 4 8 8 8 8 8 8 8 8 8 8 8 8
8 4 4 4 4 4 4 4 4 4 4 4 4 4 4 4 4 4 8 8 8 8 8 8 8 8 8 8 8 8
8 4 4 4 4 4 4 4 4 6 6 6 4 4 4 4 4 4 8 8 8 8 8 8 8 8 8 8 8 8
8 2 2 2 2 2 2 2 2 2 9 2 2 2 2 2 2 2 8 8 8 8 8 8 8 8 8 8 8 8
8 4 4 4 4 4 4 4 4 6 6 6 4 4 4 4 4 4 8 8 8 8 8 8 8 8 8 8 8 8
8 4 4 4 4 4 4 4 4 4 4 4 4 4 4 4 4 4 8 8 8 8 8 8 8 8 8 8 8 8
8 4 4 4 4 4 4 4 4 4 4 4 4 4 4 4 4 4 8 8 8 8 8 8 8 8 8 8 8 8
8 8 8 8 8 8 8 8 8 8 8 8 8 8 8 8 8 8 8 8 8 8 8 8 8 8 8 8 8 8
8 8 8 8 8 4 4 4 4 4 4 4 4 4 4 4 4 4 4 4 4 4 8 8 8 8 8 8 8 8
8 8 8 8 8 4 4 4 4 4 4 4 4 4 4 4 4 4 4 4 4 4 8 8 8 8 8 8 8 8
8 8 8 8 8 4 4 4 4 4 4 4 4 4 4 4 4 4 4 4 4 4 8 8 8 8 8 8 8 8
8 8 8 8 8 4 4 4 4 4 4 4 4 4 4 4 4 4 4 4 4 4 8 8 8 8 8 8 8 8
8 8 8 8 8 4 4 4 4 4 4 4 4 4 4 4 4 4 4 4 4 4 8 8 8 8 8 8 8 8
8 8 8 8 8 4 4 4 4 4 4 4 4 4 4 4 4 4 4 4 4 4 8 8 8 8 8 8 8 8
8 8 8 8 8 4 4 4 4 4 4 4 4 4 4 4 4 4 4 6 6 6 8 8 8 8 8 8 8 8
8 8 8 8 8 2 2 2 2 2 2 2 2 2 2 2 2 2 2 2 9 2 8 8 8 8 8 8 8 8
8 8 8 8 8 4 4 4 4 4 4 4 4 4 4 4 4 4 4 6 6 6 8 8 8 8 8 8 8 8
8 8 8 8 8 8 8 8 8 8 8 8 8 8 8 8 8 8 8 8 8 8 8 8 8 8 8 8 8 8
8 8 8 8 8 8 8 8 8 8 8 8 8 8 8 8 8 8 8 8 8 8 8 8 8 8 8 8 8 8
8 8 8 8 8 8 8 8 8 8 8 8 8 8 8 8 8 8 8 8 8 8 8 8 8 8 8 8 8 8
8 8 8 8 8 8 8 8 8 8 8 8 8 8 8 8 8 8 8 8 8 8 8 8 8 8 8 8 8 8
8 8 8 8 8 8 8 8 8 8 8 8 8 8 8 8 8 8 8 8 8 8 8 8 8 8 8 8 8 8

Example 1:

Input:
8 8 8 8 8 8 8 8 8 8 8 8 8 8 8 8 8 8 8 8 8 8 8 8 8 8 8 8 8 8
8 8 8 1 1 1 1 1 1 1 1 1 1 1 1 1 1 1 1 1 8 8 8 8 8 8 8 8 8 8
8 8 8 1 1 1 1 1 6 1 1 1 1 1 1 1 1 1 1 1 8 8 8 8 8 8 8 8 8 8
8 8 8 1 1 1 1 1 1 1 1 1 1 1 1 1 1 1 1 1 8 8 8 3 8 8 8 8 8 8
8 8 8 1 1 1 1 1 1 1 1 1 1 1 1 1 1 1 1 1 8 8 6 3 6 8 8 8 8 8
8 8 8 1 1 1 1 1 1 1 1 1 1 1 1 1 1 1 1 1 8 3 3 6 3 3 8 8 8 8
8 8 8 1 1 1 1 1 1 1 1 1 1 1 1 1 1 1 1 1 8 8 6 3 6 8 8 8 8 8
8 8 8 1 1 1 1 1 1 1 1 1 1 1 1 1 1 1 1 1 8 8 8 3 8 8 8 8 8 8
8 8 8 1 1 1 1 1 1 1 1 1 1 1 1 1 1 1 1 1 8 8 8 8 8 8 8 8 8 8
8 8 8 1 1 1 1 1 1 1 1 1 1 1 1 1 1 1 1 1 8 8 8 8 8 8 8 8 8 8
8 8 8 1 1 1 1 1 1 1 1 1 1 1 1 1 1 1 1 1 8 8 8 8 8 8 8 8 8 8
8 8 8 1 1 1 1 1 1 1 1 1 1 1 1 1 1 1 1 1 8 8 8 8 8 8 8 8 8 8
8 8 8 1 1 1 1 1 1 1 1 1 1 1 1 1 1 1 1 1 8 8 8 8 8 8 8 8 8 8
8 8 8 1 1 1 1 1 1 1 1 1 1 1 1 1 1 1 1 1 8 8 8 8 8 8 8 8 8 8
8 8 8 1 1 1 1 1 1 1 1 1 1 1 1 1 1 1 1 1 8 8 8 8 8 8 8 8 8 8
8 8 8 1 1 1 1 1 1 1 1 1 1 1 1 1 1 1 1 1 8 8 8 8 8 8 8 8 8 8
8 8 8 8 8 8 8 8 8 8 8 8 8 8 8 8 8 8 8 8 8 8 8 8 8 8 8 8 8 8
8 8 8 8 8 1 1 1 1 1 1 1 1 1 1 1 1 1 1 1 1 1 1 8 8 8 8 8 8 8
8 8 8 8 8 1 1 1 1 1 1 1 1 1 1 6 1 1 1 1 1 1 1 8 8 8 8 8 8 8
8 8 8 8 8 1 1 1 1 1 1 1 1 1 1 1 1 1 1 1 1 1 1 8 8 8 8 8 8 8
8 8 8 8 8 1 1 1 1 1 1 1 1 1 1 1 1 1 1 1 1 1 1 8 8 8 8 8 8 8
8 8 8 8 8 1 1 1 1 1 1 1 1 1 1 1 1 1 1 1 1 1 1 8 8 8 8 8 8 8
8 8 8 8 8 1 1 1 1 1 1 1 1 1 1 1 1 1 1 1 1 1 1 8 8 8 8 8 8 8
8 8 8 8 8 1 1 1 1 1 1 1 1 1 1 1 1 1 1 1 1 1 1 8 8 8 8 8 8 8
8 8 8 8 8 1 1 1 6 1 1 1 1 1 1 1 1 1 1 1 1 1 1 8 8 8 8 8 8 8
8 8 8 8 8 1 1 1 1 1 1 1 1 1 1 1 1 1 1 1 1 1 1 8 8 8 8 8 8 8
8 8 8 8 8 8 8 8 8 8 8 8 8 8 8 8 8 8 8 8 8 8 8 8 8 8 8 8 8 8
8 8 8 8 8 8 8 8 8 8 8 8 8 8 8 8 8 8 8 8 8 8 8 8 8 8 8 8 8 8
8 8 8 8 8 8 8 8 8 8 8 8 8 8 8 8 8 8 8 8 8 8 8 8 8 8 8 8 8 8
8 8 8 8 8 8 8 8 8 8 8 8 8 8 8 8 8 8 8 8 8 8 8 8 8 8 8 8 8 8
Output:
8 8 8 8 8 8 8 8 8 8 8 8 8 8 8 8 8 8 8 8 8 8 8 8 8 8 8 8 8 8
8 8 8 1 1 1 1 6 3 6 1 1 1 1 1 1 1 1 1 1 8 8 8 8 8 8 8 8 8 8
8 8 8 3 3 3 3 3 6 3 3 3 3 3 3 3 3 3 3 3 8 8 8 8 8 8 8 8 8 8
8 8 8 1 1 1 1 6 3 6 1 1 1 1 1 1 1 1 1 1 8 8 8 8 8 8 8 8 8 8
8 8 8 1 1 1 1 1 3 1 1 1 1 1 1 1 1 1 1 1 8 8 8 8 8 8 8 8 8 8
8 8 8 1 1 1 1 1 3 1 1 1 1 1 1 1 1 1 1 1 8 8 8 8 8 8 8 8 8 8
8 8 8 1 1 1 1 1 3 1 1 1 1 1 1 1 1 1 1 1 8 8 8 8 8 8 8 8 8 8
8 8 8 1 1 1 1 1 3 1 1 1 1 1 1 1 1 1 1 1 8 8 8 8 8 8 8 8 8 8
8 8 8 1 1 1 1 1 3 1 1 1 1 1 1 1 1 1 1 1 8 8 8 8 8 8 8 8 8 8
8 8 8 1 1 1 1 1 3 1 1 1 1 1 1 1 1 1 1 1 8 8 8 8 8 8 8 8 8 8
8 8 8 1 1 1 1 1 3 1 1 1 1 1 1 1 1 1 1 1 8 8 8 8 8 8 8 8 8 8
8 8 8 1 1 1 1 1 3 1 1 1 1 1 1 1 1 1 1 1 8 8 8 8 8 8 8 8 8 8
8 8 8 1 1 1 1 1 3 1 1 1 1 1 1 1 1 1 1 1 8 8 8 8 8 8 8 8 8 8
8 8 8 1 1 1 1 1 3 1 1 1 1 1 1 1 1 1 1 1 8 8 8 8 8 8 8 8 8 8
8 8 8 1 1 1 1 1 3 1 1 1 1 1 1 1 1 1 1 1 8 8 8 8 8 8 8 8 8 8
8 8 8 1 1 1 1 1 3 1 1 1 1 1 1 1 1 1 1 1 8 8 8 8 8 8 8 8 8 8
8 8 8 8 8 8 8 8 8 8 8 8 8 8 8 8 8 8 8 8 8 8 8 8 8 8 8 8 8 8
8 8 8 8 8 1 1 1 3 1 1 1 1 1 6 3 6 1 1 1 1 1 1 8 8 8 8 8 8 8
8 8 8 8 8 3 3 3 3 3 3 3 3 3 3 6 3 3 3 3 3 3 3 8 8 8 8 8 8 8
8 8 8 8 8 1 1 1 3 1 1 1 1 1 6 3 6 1 1 1 1 1 1 8 8 8 8 8 8 8
8 8 8 8 8 1 1 1 3 1 1 1 1 1 1 3 1 1 1 1 1 1 1 8 8 8 8 8 8 8
8 8 8 8 8 1 1 1 3 1 1 1 1 1 1 3 1 1 1 1 1 1 1 8 8 8 8 8 8 8
8 8 8 8 8 1 1 1 3 1 1 1 1 1 1 3 1 1 1 1 1 1 1 8 8 8 8 8 8 8
8 8 8 8 8 1 1 6 3 6 1 1 1 1 1 3 1 1 1 1 1 1 1 8 8 8 8 8 8 8
8 8 8 8 8 3 3 3 6 3 3 3 3 3 3 3 3 3 3 3 3 3 3 8 8 8 8 8 8 8
8 8 8 8 8 1 1 6 3 6 1 1 1 1 1 3 1 1 1 1 1 1 1 8 8 8 8 8 8 8
8 8 8 8 8 8 8 8 8 8 8 8 8 8 8 8 8 8 8 8 8 8 8 8 8 8 8 8 8 8
8 8 8 8 8 8 8 8 8 8 8 8 8 8 8 8 8 8 8 8 8 8 8 8 8 8 8 8 8 8
8 8 8 8 8 8 8 8 8 8 8 8 8 8 8 8 8 8 8 8 8 8 8 8 8 8 8 8 8 8
8 8 8 8 8 8 8 8 8 8 8 8 8 8 8 8 8 8 8 8 8 8 8 8 8 8 8 8 8 8

Example 1:

Input:
7 7 7 7 7 7 7 7 7 7 7 7 7 7 7 7 7 7 7 7 7 7 7 7 7 7 7 7 7 7
7 7 7 6 6 6 6 6 6 6 6 6 6 6 6 6 6 6 6 6 6 7 7 7 7 7 7 7 7 7
7 7 7 6 6 6 6 6 6 6 6 6 6 6 6 6 6 6 6 6 6 7 7 7 9 7 7 7 7 7
7 7 7 6 6 6 6 6 6 6 6 6 6 6 6 6 6 6 6 6 6 7 7 2 9 2 7 7 7 7
7 7 7 6 6 6 6 6 6 6 6 6 6 6 6 6 6 6 6 6 6 7 7 2 8 2 7 7 7 7
7 7 7 6 6 6 6 6 6 6 6 6 6 6 6 6 6 6 6 6 6 7 7 2 9 2 7 7 7 7
7 7 7 6 6 6 6 6 6 6 6 6 6 6 6 6 6 6 6 6 6 7 7 7 9 7 7 7 7 7
7 7 7 6 6 6 6 6 6 6 6 6 6 6 6 6 6 6 6 6 6 7 7 7 7 7 7 7 7 7
7 7 7 6 6 6 6 6 6 6 6 6 6 6 6 6 6 6 6 6 6 7 7 7 7 7 7 7 7 7
7 7 7 6 6 6 6 6 6 8 6 6 6 6 6 6 6 6 6 6 6 7 7 7 7 7 7 7 7 7
7 7 7 6 6 6 6 6 6 6 6 6 6 6 6 6 6 6 6 6 6 7 7 7 7 7 7 7 7 7
7 7 7 6 6 6 6 6 6 6 6 6 6 6 6 6 6 6 6 6 6 7 7 7 7 7 7 7 7 7
7 7 7 6 6 6 6 6 6 6 6 6 6 6 6 6 6 6 6 6 6 7 7 7 7 7 7 7 7 7
7 7 7 6 6 6 6 6 6 6 6 6 6 6 6 6 6 6 6 6 6 7 7 7 7 7 7 7 7 7
7 7 7 6 6 6 6 6 6 6 6 6 6 6 6 6 6 6 6 6 6 7 7 7 7 7 7 7 7 7
7 7 7 7 7 7 7 7 7 7 7 7 7 7 7 7 7 7 7 7 7 7 7 7 7 7 7 7 7 7
7 7 7 7 7 7 7 7 7 7 7 7 7 7 7 7 7 7 7 7 7 7 7 7 7 7 7 7 7 7
7 7 7 7 6 6 6 6 6 6 6 6 6 6 6 6 6 6 6 6 6 6 7 7 7 7 7 7 7 7
7 7 7 7 6 6 6 6 6 6 6 6 8 6 6 6 6 6 6 6 6 6 7 7 7 7 7 7 7 7
7 7 7 7 6 6 6 6 6 6 6 6 6 6 6 6 6 6 6 6 6 6 7 7 7 7 7 7 7 7
7 7 7 7 6 6 6 6 6 6 6 6 6 6 6 6 6 6 6 6 6 6 7 7 7 7 7 7 7 7
7 7 7 7 6 6 6 6 6 6 6 6 6 6 6 6 6 6 6 6 6 6 7 7 7 7 7 7 7 7
7 7 7 7 6 6 6 6 6 6 6 6 6 6 6 6 6 6 6 6 6 6 7 7 7 7 7 7 7 7
7 7 7 7 6 6 6 6 6 6 6 6 6 6 6 6 6 6 6 6 6 6 7 7 7 7 7 7 7 7
7 7 7 7 6 6 6 6 6 6 6 6 6 6 6 6 6 6 6 6 6 6 7 7 7 7 7 7 7 7
7 7 7 7 6 6 6 6 6 6 6 6 6 6 6 6 6 6 6 6 6 6 7 7 7 7 7 7 7 7
7 7 7 7 7 7 7 7 7 7 7 7 7 7 7 7 7 7 7 7 7 7 7 7 7 7 7 7 7 7
7 7 7 7 7 7 7 7 7 7 7 7 7 7 7 7 7 7 7 7 7 7 7 7 7 7 7 7 7 7
7 7 7 7 7 7 7 7 7 7 7 7 7 7 7 7 7 7 7 7 7 7 7 7 7 7 7 7 7 7
7 7 7 7 7 7 7 7 7 7 7 7 7 7 7 7 7 7 7 7 7 7 7 7 7 7 7 7 7 7
Output:
7 7 7 7 7 7 7 7 7 7 7 7 7 7 7 7 7 7 7 7 7 7 7 7 7 7 7 7 7 7
7 7 7 6 6 6 6 6 6 9 6 6 6 6 6 6 6 6 6 6 6 7 7 7 7 7 7 7 7 7
7 7 7 6 6 6 6 6 6 9 6 6 6 6 6 6 6 6 6 6 6 7 7 7 7 7 7 7 7 7
7 7 7 6 6 6 6 6 6 9 6 6 6 6 6 6 6 6 6 6 6 7 7 7 7 7 7 7 7 7
7 7 7 6 6 6 6 6 6 9 6 6 6 6 6 6 6 6 6 6 6 7 7 7 7 7 7 7 7 7
7 7 7 6 6 6 6 6 6 9 6 6 6 6 6 6 6 6 6 6 6 7 7 7 7 7 7 7 7 7
7 7 7 6 6 6 6 6 6 9 6 6 6 6 6 6 6 6 6 6 6 7 7 7 7 7 7 7 7 7
7 7 7 6 6 6 6 6 6 9 6 6 6 6 6 6 6 6 6 6 6 7 7 7 7 7 7 7 7 7
7 7 7 6 6 6 6 6 2 9 2 6 6 6 6 6 6 6 6 6 6 7 7 7 7 7 7 7 7 7
7 7 7 6 6 6 6 6 2 8 2 6 6 6 6 6 6 6 6 6 6 7 7 7 7 7 7 7 7 7
7 7 7 6 6 6 6 6 2 9 2 6 6 6 6 6 6 6 6 6 6 7 7 7 7 7 7 7 7 7
7 7 7 6 6 6 6 6 6 9 6 6 6 6 6 6 6 6 6 6 6 7 7 7 7 7 7 7 7 7
7 7 7 6 6 6 6 6 6 9 6 6 6 6 6 6 6 6 6 6 6 7 7 7 7 7 7 7 7 7
7 7 7 6 6 6 6 6 6 9 6 6 6 6 6 6 6 6 6 6 6 7 7 7 7 7 7 7 7 7
7 7 7 6 6 6 6 6 6 9 6 6 6 6 6 6 6 6 6 6 6 7 7 7 7 7 7 7 7 7
7 7 7 7 7 7 7 7 7 7 7 7 7 7 7 7 7 7 7 7 7 7 7 7 7 7 7 7 7 7
7 7 7 7 7 7 7 7 7 7 7 7 7 7 7 7 7 7 7 7 7 7 7 7 7 7 7 7 7 7
7 7 7 7 6 6 6 6 6 6 6 2 9 2 6 6 6 6 6 6 6 6 7 7 7 7 7 7 7 7
7 7 7 7 6 6 6 6 6 6 6 2 8 2 6 6 6 6 6 6 6 6 7 7 7 7 7 7 7 7
7 7 7 7 6 6 6 6 6 6 6 2 9 2 6 6 6 6 6 6 6 6 7 7 7 7 7 7 7 7
7 7 7 7 6 6 6 6 6 6 6 6 9 6 6 6 6 6 6 6 6 6 7 7 7 7 7 7 7 7
7 7 7 7 6 6 6 6 6 6 6 6 9 6 6 6 6 6 6 6 6 6 7 7 7 7 7 7 7 7
7 7 7 7 6 6 6 6 6 6 6 6 9 6 6 6 6 6 6 6 6 6 7 7 7 7 7 7 7 7
7 7 7 7 6 6 6 6 6 6 6 6 9 6 6 6 6 6 6 6 6 6 7 7 7 7 7 7 7 7
7 7 7 7 6 6 6 6 6 6 6 6 9 6 6 6 6 6 6 6 6 6 7 7 7 7 7 7 7 7
7 7 7 7 6 6 6 6 6 6 6 6 9 6 6 6 6 6 6 6 6 6 7 7 7 7 7 7 7 7
7 7 7 7 7 7 7 7 7 7 7 7 7 7 7 7 7 7 7 7 7 7 7 7 7 7 7 7 7 7
7 7 7 7 7 7 7 7 7 7 7 7 7 7 7 7 7 7 7 7 7 7 7 7 7 7 7 7 7 7
7 7 7 7 7 7 7 7 7 7 7 7 7 7 7 7 7 7 7 7 7 7 7 7 7 7 7 7 7 7
7 7 7 7 7 7 7 7 7 7 7 7 7 7 7 7 7 7 7 7 7 7 7 7 7 7 7 7 7 7

Example 1:

Input:
5 5 5 5 5 5 5 5 5 5 5 5 5 5 5 5 5 5 5 5 5 5 5 5 5 5 5 5 5 5
5 5 5 5 5 5 5 5 5 5 5 5 5 5 5 5 5 5 5 5 4 4 4 4 4 4 4 4 4 5
5 5 5 5 5 5 5 5 5 5 5 5 5 5 5 5 5 5 5 5 4 4 4 4 4 4 4 4 4 5
5 5 5 5 5 5 5 5 5 5 5 5 5 5 5 5 5 5 5 5 4 4 4 4 4 4 4 4 4 5
5 5 5 5 5 5 5 5 5 5 5 5 5 5 5 5 5 5 5 5 4 4 4 4 4 4 4 4 4 5
5 5 5 5 5 5 5 5 5 5 5 5 5 5 5 5 5 5 5 5 4 4 4 4 4 4 4 4 4 5
5 5 5 5 5 5 5 5 5 5 5 5 5 5 5 5 5 5 5 5 4 4 4 4 4 4 4 4 4 5
5 5 5 5 4 4 4 4 4 4 4 4 4 4 4 4 4 4 5 5 4 4 4 4 4 4 4 4 4 5
5 5 5 5 4 4 4 4 4 4 4 4 4 4 4 4 4 4 5 5 4 4 4 4 4 4 4 7 4 5
5 5 5 5 4 7 4 4 4 4 4 4 4 4 4 4 4 4 5 5 4 4 4 4 4 4 4 4 4 5
5 5 5 5 4 4 4 4 4 4 4 4 4 4 4 4 4 4 5 5 4 4 4 4 4 4 4 4 4 5
5 5 5 5 4 4 4 4 4 4 4 4 4 4 4 4 4 4 5 5 4 4 4 4 4 4 4 4 4 5
5 5 5 5 4 4 4 4 4 4 4 4 4 4 4 4 4 4 5 5 4 4 4 4 4 4 4 4 4 5
5 5 5 5 4 4 4 4 4 4 4 4 4 4 4 4 4 4 5 5 4 4 4 4 4 4 4 4 4 5
5 5 5 5 4 4 4 4 4 4 4 4 4 4 4 4 4 4 5 5 4 4 4 4 4 4 4 4 4 5
5 5 5 5 4 4 4 4 4 4 4 4 4 4 4 4 4 4 5 5 4 4 4 4 4 4 4 4 4 5
5 5 5 5 4 4 4 4 4 4 4 4 4 4 4 4 4 4 5 5 4 4 4 4 4 4 4 4 4 5
5 5 5 5 4 4 4 4 4 4 4 4 4 4 4 4 4 4 5 5 4 7 4 4 4 4 4 4 4 5
5 5 5 5 4 4 4 4 4 4 4 4 4 4 7 4 4 4 5 5 4 4 4 4 4 4 4 4 4 5
5 5 5 5 4 4 4 4 4 4 4 4 4 4 4 4 4 4 5 5 5 5 5 5 5 5 5 5 5 5
5 5 5 5 4 4 4 4 4 4 4 4 4 4 4 4 4 4 5 5 5 5 5 5 5 5 5 5 5 5
5 5 5 5 4 4 4 4 4 4 4 4 4 4 4 4 4 4 5 5 5 5 5 5 5 5 5 5 5 5
5 5 5 5 4 4 4 4 4 4 4 4 4 4 4 4 4 4 5 5 5 5 5 5 3 5 5 5 5 5
5 5 5 5 4 4 4 4 4 4 4 4 4 4 4 4 4 4 5 5 5 5 5 1 3 1 5 5 5 5
5 5 5 5 5 5 5 5 5 5 5 5 5 5 5 5 5 5 5 5 5 5 5 1 7 1 5 5 5 5
5 5 5 5 5 5 5 5 5 5 5 5 5 5 5 5 5 5 5 5 5 5 5 1 3 1 5 5 5 5
5 5 5 5 5 5 5 5 5 5 5 5 5 5 5 5 5 5 5 5 5 5 5 5 3 5 5 5 5 5
5 5 5 5 5 5 5 5 5 5 5 5 5 5 5 5 5 5 5 5 5 5 5 5 5 5 5 5 5 5
5 5 5 5 5 5 5 5 5 5 5 5 5 5 5 5 5 5 5 5 5 5 5 5 5 5 5 5 5 5
5 5 5 5 5 5 5 5 5 5 5 5 5 5 5 5 5 5 5 5 5 5 5 5 5 5 5 5 5 5
Output:
5 5 5 5 5 5 5 5 5 5 5 5 5 5 5 5 5 5 5 5 5 5 5 5 5 5 5 5 5 5
5 5 5 5 5 5 5 5 5 5 5 5 5 5 5 5 5 5 5 5 4 3 4 4 4 4 4 3 4 5
5 5 5 5 5 5 5 5 5 5 5 5 5 5 5 5 5 5 5 5 4 3 4 4 4 4 4 3 4 5
5 5 5 5 5 5 5 5 5 5 5 5 5 5 5 5 5 5 5 5 4 3 4 4 4 4 4 3 4 5
5 5 5 5 5 5 5 5 5 5 5 5 5 5 5 5 5 5 5 5 4 3 4 4 4 4 4 3 4 5
5 5 5 5 5 5 5 5 5 5 5 5 5 5 5 5 5 5 5 5 4 3 4 4 4 4 4 3 4 5
5 5 5 5 5 5 5 5 5 5 5 5 5 5 5 5 5 5 5 5 4 3 4 4 4 4 4 3 4 5
5 5 5 5 4 3 4 4 4 4 4 4 4 4 3 4 4 4 5 5 4 3 4 4 4 4 1 3 1 5
5 5 5 5 1 3 1 4 4 4 4 4 4 4 3 4 4 4 5 5 4 3 4 4 4 4 1 7 1 5
5 5 5 5 1 7 1 4 4 4 4 4 4 4 3 4 4 4 5 5 4 3 4 4 4 4 1 3 1 5
5 5 5 5 1 3 1 4 4 4 4 4 4 4 3 4 4 4 5 5 4 3 4 4 4 4 4 3 4 5
5 5 5 5 4 3 4 4 4 4 4 4 4 4 3 4 4 4 5 5 4 3 4 4 4 4 4 3 4 5
5 5 5 5 4 3 4 4 4 4 4 4 4 4 3 4 4 4 5 5 4 3 4 4 4 4 4 3 4 5
5 5 5 5 4 3 4 4 4 4 4 4 4 4 3 4 4 4 5 5 4 3 4 4 4 4 4 3 4 5
5 5 5 5 4 3 4 4 4 4 4 4 4 4 3 4 4 4 5 5 4 3 4 4 4 4 4 3 4 5
5 5 5 5 4 3 4 4 4 4 4 4 4 4 3 4 4 4 5 5 4 3 4 4 4 4 4 3 4 5
5 5 5 5 4 3 4 4 4 4 4 4 4 4 3 4 4 4 5 5 1 3 1 4 4 4 4 3 4 5
5 5 5 5 4 3 4 4 4 4 4 4 4 1 3 1 4 4 5 5 1 7 1 4 4 4 4 3 4 5
5 5 5 5 4 3 4 4 4 4 4 4 4 1 7 1 4 4 5 5 1 3 1 4 4 4 4 3 4 5
5 5 5 5 4 3 4 4 4 4 4 4 4 1 3 1 4 4 5 5 5 5 5 5 5 5 5 5 5 5
5 5 5 5 4 3 4 4 4 4 4 4 4 4 3 4 4 4 5 5 5 5 5 5 5 5 5 5 5 5
5 5 5 5 4 3 4 4 4 4 4 4 4 4 3 4 4 4 5 5 5 5 5 5 5 5 5 5 5 5
5 5 5 5 4 3 4 4 4 4 4 4 4 4 3 4 4 4 5 5 5 5 5 5 5 5 5 5 5 5
5 5 5 5 4 3 4 4 4 4 4 4 4 4 3 4 4 4 5 5 5 5 5 5 5 5 5 5 5 5
5 5 5 5 5 5 5 5 5 5 5 5 5 5 5 5 5 5 5 5 5 5 5 5 5 5 5 5 5 5
5 5 5 5 5 5 5 5 5 5 5 5 5 5 5 5 5 5 5 5 5 5 5 5 5 5 5 5 5 5
5 5 5 5 5 5 5 5 5 5 5 5 5 5 5 5 5 5 5 5 5 5 5 5 5 5 5 5 5 5
5 5 5 5 5 5 5 5 5 5 5 5 5 5 5 5 5 5 5 5 5 5 5 5 5 5 5 5 5 5
5 5 5 5 5 5 5 5 5 5 5 5 5 5 5 5 5 5 5 5 5 5 5 5 5 5 5 5 5 5
5 5 5 5 5 5 5 5 5 5 5 5 5 5 5 5 5 5 5 5 5 5 5 5 5 5 5 5 5 5


Write the **short** Python code in code golf manners that performs the transformation according to the rule in following format: `def p(g): ...`. Note that input and output are passed by 2D arrays.