Find the common rule that maps an input grid to an output grid, given the examples below.

Example 1:

Input:
0 0 0 0 9 0 0 0 0 0
0 0 0 0 0 0 0 0 0 0
0 0 0 0 0 0 0 0 0 0
0 0 0 0 8 8 0 0 0 0
0 0 0 0 8 8 0 0 0 0
0 0 0 0 8 8 0 0 0 0
6 0 0 0 8 8 0 0 0 0
0 0 0 0 0 0 0 0 0 0
0 0 0 0 0 0 0 0 0 0
0 0 0 0 0 4 0 0 0 0
Output:
0 0 0 0 9 0 0 0 0 0
0 0 0 0 0 0 0 0 0 0
0 0 0 0 0 0 0 0 0 0
0 0 0 0 9 8 0 0 0 0
0 0 0 0 8 8 0 0 0 0
0 0 0 0 8 8 0 0 0 0
6 0 0 0 6 4 0 0 0 0
0 0 0 0 0 0 0 0 0 0
0 0 0 0 0 0 0 0 0 0
0 0 0 0 0 4 0 0 0 0

Example 1:

Input:
0 0 0 0 7 0 0 0 0 0
0 0 0 0 0 0 0 0 0 0
0 0 0 0 0 0 0 0 0 0
6 0 0 8 8 8 0 0 0 0
0 0 0 8 8 8 0 0 0 0
0 0 0 8 8 8 0 0 0 2
0 0 0 8 8 8 0 0 0 0
3 0 0 8 8 8 0 0 0 0
0 0 0 0 0 0 0 0 0 0
0 0 0 0 0 1 0 0 0 0
Output:
0 0 0 0 7 0 0 0 0 0
0 0 0 0 0 0 0 0 0 0
0 0 0 0 0 0 0 0 0 0
6 0 0 6 7 8 0 0 0 0
0 0 0 8 8 8 0 0 0 0
0 0 0 8 8 2 0 0 0 2
0 0 0 8 8 8 0 0 0 0
3 0 0 3 8 1 0 0 0 0
0 0 0 0 0 0 0 0 0 0
0 0 0 0 0 1 0 0 0 0

Example 1:

Input:
0 0 0 4 0 0 0 0 0 0
0 0 0 0 0 0 0 0 0 0
0 0 0 0 0 0 0 0 0 0
0 0 0 8 8 8 0 0 0 6
3 0 0 8 8 8 0 0 0 0
0 0 0 8 8 8 0 0 0 0
2 0 0 8 8 8 0 0 0 0
0 0 0 8 8 8 0 0 0 2
0 0 0 0 0 0 0 0 0 0
0 0 0 7 0 0 0 0 0 0
Output:
0 0 0 4 0 0 0 0 0 0
0 0 0 0 0 0 0 0 0 0
0 0 0 0 0 0 0 0 0 0
0 0 0 4 8 6 0 0 0 6
3 0 0 3 8 8 0 0 0 0
0 0 0 8 8 8 0 0 0 0
2 0 0 2 8 8 0 0 0 0
0 0 0 7 8 2 0 0 0 2
0 0 0 0 0 0 0 0 0 0
0 0 0 7 0 0 0 0 0 0

Example 1:

Input:
0 0 0 6 0 2 0 0 0 0
0 0 0 0 0 0 0 0 0 0
0 0 0 0 0 0 0 0 0 0
9 0 8 8 8 8 0 0 0 0
0 0 8 8 8 8 0 0 0 7
3 0 8 8 8 8 0 0 0 0
4 0 8 8 8 8 0 0 0 0
0 0 0 0 0 0 0 0 0 0
0 0 0 0 0 0 0 0 0 0
0 0 0 0 6 0 0 0 0 0
Output:
0 0 0 6 0 2 0 0 0 0
0 0 0 0 0 0 0 0 0 0
0 0 0 0 0 0 0 0 0 0
9 0 9 6 8 2 0 0 0 0
0 0 8 8 8 7 0 0 0 7
3 0 3 8 8 8 0 0 0 0
4 0 4 8 6 8 0 0 0 0
0 0 0 0 0 0 0 0 0 0
0 0 0 0 0 0 0 0 0 0
0 0 0 0 6 0 0 0 0 0

Example 1:

Input:
0 0 1 4 0 0 0 0 0 0
0 0 0 0 0 0 0 0 0 0
0 0 0 0 0 0 0 0 0 0
0 0 8 8 8 8 0 0 0 2
0 0 8 8 8 8 0 0 0 0
0 0 0 0 0 0 0 0 0 0
0 0 0 0 0 0 0 0 0 0
0 0 0 0 0 0 0 0 0 0
0 0 0 0 0 0 0 0 0 0
0 0 0 0 0 7 0 0 0 0
Output:
0 0 1 4 0 0 0 0 0 0
0 0 0 0 0 0 0 0 0 0
0 0 0 0 0 0 0 0 0 0
0 0 1 4 8 2 0 0 0 2
0 0 8 8 8 7 0 0 0 0
0 0 0 0 0 0 0 0 0 0
0 0 0 0 0 0 0 0 0 0
0 0 0 0 0 0 0 0 0 0
0 0 0 0 0 0 0 0 0 0
0 0 0 0 0 7 0 0 0 0

Example 1:

Input:
0 0 0 0 0 0 0 0 0 0
0 0 0 0 0 0 0 0 0 0
0 0 0 0 0 0 0 0 0 0
0 0 0 0 8 8 0 0 0 0
9 0 0 0 8 8 0 0 0 0
0 0 0 0 8 8 0 0 0 0
0 0 0 0 8 8 0 0 0 0
0 0 0 0 0 0 0 0 0 0
0 0 0 0 0 0 0 0 0 0
0 0 0 0 0 9 0 0 0 0
Output:
0 0 0 0 0 0 0 0 0 0
0 0 0 0 0 0 0 0 0 0
0 0 0 0 0 0 0 0 0 0
0 0 0 0 8 8 0 0 0 0
9 0 0 0 9 8 0 0 0 0
0 0 0 0 8 8 0 0 0 0
0 0 0 0 8 9 0 0 0 0
0 0 0 0 0 0 0 0 0 0
0 0 0 0 0 0 0 0 0 0
0 0 0 0 0 9 0 0 0 0

Example 1:

Input:
0 0 0 0 0 0 0 0 0 0
0 0 0 0 0 0 0 0 0 0
0 0 0 0 0 0 0 0 0 0
0 0 0 0 8 8 0 0 0 0
3 0 0 0 8 8 0 0 0 6
0 0 0 0 8 8 0 0 0 2
2 0 0 0 8 8 0 0 0 7
0 0 0 0 8 8 0 0 0 0
0 0 0 0 0 0 0 0 0 0
0 0 0 0 0 0 0 0 0 0
Output:
0 0 0 0 0 0 0 0 0 0
0 0 0 0 0 0 0 0 0 0
0 0 0 0 0 0 0 0 0 0
0 0 0 0 8 8 0 0 0 0
3 0 0 0 3 6 0 0 0 6
0 0 0 0 8 2 0 0 0 2
2 0 0 0 2 7 0 0 0 7
0 0 0 0 8 8 0 0 0 0
0 0 0 0 0 0 0 0 0 0
0 0 0 0 0 0 0 0 0 0

Example 1:

Input:
0 0 0 0 5 0 0 0 0 0
0 0 0 0 0 0 0 0 0 0
0 0 0 0 0 0 0 0 0 0
0 0 0 8 8 8 0 0 0 0
0 0 0 8 8 8 0 0 0 0
1 0 0 8 8 8 0 0 0 0
0 0 0 0 0 0 0 0 0 0
0 0 0 0 0 0 0 0 0 0
0 0 0 0 0 0 0 0 0 0
0 0 0 0 0 0 0 0 0 0
Output:
0 0 0 0 5 0 0 0 0 0
0 0 0 0 0 0 0 0 0 0
0 0 0 0 0 0 0 0 0 0
0 0 0 8 5 8 0 0 0 0
0 0 0 8 8 8 0 0 0 0
1 0 0 1 8 8 0 0 0 0
0 0 0 0 0 0 0 0 0 0
0 0 0 0 0 0 0 0 0 0
0 0 0 0 0 0 0 0 0 0
0 0 0 0 0 0 0 0 0 0


Write Python code that performs the transformation according to the rule in following format: `def p(g): ...`. Note that input and output are passed by 2D arrays.