Find the common rule that maps an input grid to an output grid, given the examples below.

Example 1:

Input:
8 8 8 8 8 8 8 8 8 8 8 8 8 8 8
8 8 8 8 8 8 8 8 8 8 8 8 8 8 8
8 8 8 8 8 8 8 8 6 6 6 6 8 8 8
8 8 8 8 8 8 8 8 6 8 8 6 8 8 8
8 8 8 6 6 8 8 8 6 8 8 6 8 8 8
8 8 8 6 6 8 8 8 6 8 8 6 8 8 8
8 8 8 8 8 8 8 8 6 6 6 6 8 8 8
8 8 8 8 8 8 8 8 8 8 8 8 8 8 8
8 8 8 8 8 8 8 8 8 8 8 8 8 8 8
8 8 8 8 8 8 8 8 8 8 8 8 8 8 8
8 8 8 8 8 6 6 6 6 8 8 8 8 8 8
8 8 8 8 8 6 6 6 6 8 8 8 8 8 8
8 8 8 8 8 6 6 6 6 8 8 8 8 8 8
8 8 8 8 8 6 6 6 6 8 8 8 8 8 8
8 8 8 8 8 8 8 8 8 8 8 8 8 8 8
Output:
8 8 8 8 8 8 8 8 8 8 8 8 8 8 8
8 8 8 8 8 8 8 3 3 3 3 3 3 8 8
8 8 8 8 8 8 8 3 6 6 6 6 3 8 8
8 8 3 3 3 3 8 3 6 4 4 6 3 8 8
8 8 3 6 6 3 8 3 6 4 4 6 3 8 8
8 8 3 6 6 3 8 3 6 4 4 6 3 8 8
8 8 3 3 3 3 8 3 6 6 6 6 3 8 8
8 8 8 8 8 8 8 3 3 3 3 3 3 8 8
8 8 8 8 8 8 8 8 8 8 8 8 8 8 8
8 8 8 8 3 3 3 3 3 3 8 8 8 8 8
8 8 8 8 3 6 6 6 6 3 8 8 8 8 8
8 8 8 8 3 6 6 6 6 3 8 8 8 8 8
8 8 8 8 3 6 6 6 6 3 8 8 8 8 8
8 8 8 8 3 6 6 6 6 3 8 8 8 8 8
8 8 8 8 3 3 3 3 3 3 8 8 8 8 8

Example 1:

Input:
8 8 8 8 8 8 8 8 8 8 8 8 8 8 8
8 8 8 8 8 8 8 8 6 6 6 8 8 8 8
8 8 8 8 8 8 8 8 6 6 6 8 8 8 8
8 8 6 6 6 6 8 8 6 6 6 8 8 8 8
8 8 6 8 6 6 8 8 8 8 8 8 8 8 8
8 8 6 8 6 6 8 8 8 8 8 8 8 8 8
8 8 6 6 6 6 8 8 8 8 8 8 8 8 8
8 8 8 8 8 8 8 8 8 8 8 8 8 8 8
8 8 8 8 8 8 8 8 6 6 6 6 6 6 8
8 8 8 8 8 8 8 8 6 8 8 8 8 6 8
8 8 8 8 8 8 8 8 6 8 8 8 8 6 8
8 8 8 8 8 8 8 8 6 8 8 8 8 6 8
8 8 8 8 8 8 8 8 6 8 8 8 8 6 8
8 8 8 8 8 8 8 8 6 6 6 6 6 6 8
8 8 8 8 8 8 8 8 8 8 8 8 8 8 8
Output:
8 8 8 8 8 8 8 3 3 3 3 3 8 8 8
8 8 8 8 8 8 8 3 6 6 6 3 8 8 8
8 3 3 3 3 3 3 3 6 6 6 3 8 8 8
8 3 6 6 6 6 3 3 6 6 6 3 8 8 8
8 3 6 4 6 6 3 3 3 3 3 3 8 8 8
8 3 6 4 6 6 3 8 8 8 8 8 8 8 8
8 3 6 6 6 6 3 8 8 8 8 8 8 8 8
8 3 3 3 3 3 3 3 3 3 3 3 3 3 3
8 8 8 8 8 8 8 3 6 6 6 6 6 6 3
8 8 8 8 8 8 8 3 6 4 4 4 4 6 3
8 8 8 8 8 8 8 3 6 4 4 4 4 6 3
8 8 8 8 8 8 8 3 6 4 4 4 4 6 3
8 8 8 8 8 8 8 3 6 4 4 4 4 6 3
8 8 8 8 8 8 8 3 6 6 6 6 6 6 3
8 8 8 8 8 8 8 3 3 3 3 3 3 3 3

Example 1:

Input:
8 8 8 8 8 8 8 8 8 8 8 8 8 8 8
8 8 8 8 8 8 8 8 8 8 8 8 8 8 8
8 8 8 8 8 8 8 8 8 6 6 6 8 8 8
8 8 6 6 6 6 8 8 8 6 6 6 8 8 8
8 8 6 8 8 6 8 8 8 6 8 6 8 8 8
8 8 6 8 8 6 8 8 8 6 8 6 8 8 8
8 8 6 6 6 6 8 8 8 6 8 6 8 8 8
8 8 8 8 8 8 8 8 8 6 6 6 8 8 8
8 8 8 8 8 8 8 8 8 8 8 8 8 8 8
8 8 8 8 8 8 8 8 8 8 8 8 8 8 8
8 8 8 8 8 8 8 8 8 8 8 8 8 8 8
8 8 8 8 6 6 6 6 6 6 6 8 8 8 8
8 8 8 8 6 6 8 8 6 6 6 8 8 8 8
8 8 8 8 6 6 6 6 6 6 6 8 8 8 8
8 8 8 8 8 8 8 8 8 8 8 8 8 8 8
Output:
8 8 8 8 8 8 8 8 8 8 8 8 8 8 8
8 8 8 8 8 8 8 8 3 3 3 3 3 8 8
8 3 3 3 3 3 3 8 3 6 6 6 3 8 8
8 3 6 6 6 6 3 8 3 6 6 6 3 8 8
8 3 6 4 4 6 3 8 3 6 4 6 3 8 8
8 3 6 4 4 6 3 8 3 6 4 6 3 8 8
8 3 6 6 6 6 3 8 3 6 4 6 3 8 8
8 3 3 3 3 3 3 8 3 6 6 6 3 8 8
8 8 8 8 8 8 8 8 3 3 3 3 3 8 8
8 8 8 8 8 8 8 8 8 8 8 8 8 8 8
8 8 8 3 3 3 3 3 3 3 3 3 8 8 8
8 8 8 3 6 6 6 6 6 6 6 3 8 8 8
8 8 8 3 6 6 4 4 6 6 6 3 8 8 8
8 8 8 3 6 6 6 6 6 6 6 3 8 8 8
8 8 8 3 3 3 3 3 3 3 3 3 8 8 8

Example 1:

Input:
8 8 8 8 8 8 8 8 8 8 8 8 8 8 8
8 8 8 8 8 8 6 6 6 6 6 6 8 8 8
8 8 8 8 8 8 6 8 8 8 6 6 8 8 8
8 8 8 8 8 8 6 8 8 8 6 6 8 8 8
8 8 8 8 8 8 6 8 8 8 6 6 8 8 8
8 8 8 8 8 8 6 8 8 8 6 6 8 8 8
8 8 6 6 8 8 6 6 6 6 6 6 8 8 8
8 8 6 6 8 8 8 8 8 8 8 8 8 8 8
8 8 6 6 8 8 8 8 8 8 8 8 8 8 8
8 8 6 6 8 8 8 8 8 6 6 8 8 8 8
8 8 6 6 8 8 8 8 8 6 6 8 8 8 8
8 8 6 6 8 8 8 8 8 6 6 8 8 8 8
8 8 8 8 8 8 8 8 8 6 6 8 8 8 8
8 8 8 8 8 8 8 8 8 6 6 8 8 8 8
8 8 8 8 8 8 8 8 8 8 8 8 8 8 8
Output:
8 8 8 8 8 3 3 3 3 3 3 3 3 8 8
8 8 8 8 8 3 6 6 6 6 6 6 3 8 8
8 8 8 8 8 3 6 4 4 4 6 6 3 8 8
8 8 8 8 8 3 6 4 4 4 6 6 3 8 8
8 8 8 8 8 3 6 4 4 4 6 6 3 8 8
8 3 3 3 3 3 6 4 4 4 6 6 3 8 8
8 3 6 6 3 3 6 6 6 6 6 6 3 8 8
8 3 6 6 3 3 3 3 3 3 3 3 3 8 8
8 3 6 6 3 8 8 8 3 3 3 3 8 8 8
8 3 6 6 3 8 8 8 3 6 6 3 8 8 8
8 3 6 6 3 8 8 8 3 6 6 3 8 8 8
8 3 6 6 3 8 8 8 3 6 6 3 8 8 8
8 3 3 3 3 8 8 8 3 6 6 3 8 8 8
8 8 8 8 8 8 8 8 3 6 6 3 8 8 8
8 8 8 8 8 8 8 8 3 3 3 3 8 8 8

Example 1:

Input:
8 8 8 8 8 8 8 8 8 8 8 8 8 8 8
8 8 8 8 8 8 8 8 8 6 6 6 6 8 8
8 8 8 8 6 6 6 8 8 6 6 6 6 8 8
8 8 8 8 6 8 6 8 8 6 6 6 6 8 8
8 8 8 8 6 6 6 8 8 6 6 6 6 8 8
8 8 8 8 6 6 6 8 8 6 6 6 6 8 8
8 8 8 8 8 8 8 8 8 8 8 8 8 8 8
8 8 8 8 8 8 8 8 8 8 8 8 8 8 8
8 8 8 8 8 8 8 8 8 8 8 8 8 8 8
8 8 8 8 8 8 6 6 6 6 6 6 8 8 8
8 8 8 8 8 8 6 6 6 6 6 6 8 8 8
8 8 8 8 8 8 6 8 8 8 6 6 8 8 8
8 8 8 8 8 8 6 8 8 8 6 6 8 8 8
8 8 8 8 8 8 6 6 6 6 6 6 8 8 8
8 8 8 8 8 8 8 8 8 8 8 8 8 8 8
Output:
8 8 8 8 8 8 8 8 3 3 3 3 3 3 8
8 8 8 3 3 3 3 3 3 6 6 6 6 3 8
8 8 8 3 6 6 6 3 3 6 6 6 6 3 8
8 8 8 3 6 4 6 3 3 6 6 6 6 3 8
8 8 8 3 6 6 6 3 3 6 6 6 6 3 8
8 8 8 3 6 6 6 3 3 6 6 6 6 3 8
8 8 8 3 3 3 3 3 3 3 3 3 3 3 8
8 8 8 8 8 8 8 8 8 8 8 8 8 8 8
8 8 8 8 8 3 3 3 3 3 3 3 3 8 8
8 8 8 8 8 3 6 6 6 6 6 6 3 8 8
8 8 8 8 8 3 6 6 6 6 6 6 3 8 8
8 8 8 8 8 3 6 4 4 4 6 6 3 8 8
8 8 8 8 8 3 6 4 4 4 6 6 3 8 8
8 8 8 8 8 3 6 6 6 6 6 6 3 8 8
8 8 8 8 8 3 3 3 3 3 3 3 3 8 8

Example 1:

Input:
8 8 8 8 8 8 8 8 8 8 8 8 8 8 8
8 8 8 8 8 8 8 8 8 8 8 8 8 8 8
8 8 8 8 8 8 8 8 8 8 8 8 8 8 8
8 8 8 8 8 8 8 8 8 8 8 8 8 8 8
8 6 6 6 6 6 8 8 8 8 8 6 6 8 8
8 6 6 6 6 6 8 8 8 8 8 6 6 8 8
8 6 6 6 6 6 8 8 8 8 8 8 8 8 8
8 6 8 8 8 6 8 8 8 8 8 8 8 8 8
8 6 8 8 8 6 8 8 8 8 8 8 8 8 8
8 6 6 6 6 6 8 8 6 6 8 8 8 8 8
8 6 6 6 6 6 8 8 6 6 8 8 8 8 8
8 8 8 8 8 8 8 8 6 6 8 8 8 8 8
8 8 8 8 8 8 8 8 6 6 8 8 8 8 8
8 8 8 8 8 8 8 8 6 6 8 8 8 8 8
8 8 8 8 8 8 8 8 8 8 8 8 8 8 8
Output:
8 8 8 8 8 8 8 8 8 8 8 8 8 8 8
8 8 8 8 8 8 8 8 8 8 8 8 8 8 8
8 8 8 8 8 8 8 8 8 8 8 8 8 8 8
3 3 3 3 3 3 3 8 8 8 3 3 3 3 8
3 6 6 6 6 6 3 8 8 8 3 6 6 3 8
3 6 6 6 6 6 3 8 8 8 3 6 6 3 8
3 6 6 6 6 6 3 8 8 8 3 3 3 3 8
3 6 4 4 4 6 3 8 8 8 8 8 8 8 8
3 6 4 4 4 6 3 3 3 3 3 8 8 8 8
3 6 6 6 6 6 3 3 6 6 3 8 8 8 8
3 6 6 6 6 6 3 3 6 6 3 8 8 8 8
3 3 3 3 3 3 3 3 6 6 3 8 8 8 8
8 8 8 8 8 8 8 3 6 6 3 8 8 8 8
8 8 8 8 8 8 8 3 6 6 3 8 8 8 8
8 8 8 8 8 8 8 3 3 3 3 8 8 8 8

Example 1:

Input:
8 8 8 8 8 8 8 8 8 8 8 8 8 8 8
8 8 8 8 8 8 8 8 8 8 6 6 6 6 8
8 8 8 6 6 6 8 8 8 8 6 6 6 6 8
8 8 8 6 6 6 8 8 8 8 6 8 8 6 8
8 8 8 6 6 6 8 8 8 8 6 8 8 6 8
8 8 8 6 6 6 8 8 8 8 6 8 8 6 8
8 8 8 6 8 6 8 8 8 8 6 8 8 6 8
8 8 8 6 6 6 8 8 8 8 6 6 6 6 8
8 8 8 6 6 6 8 8 8 8 8 8 8 8 8
8 8 8 8 8 8 8 8 8 8 8 8 8 8 8
8 8 8 8 8 8 8 8 8 8 8 8 8 8 8
8 8 8 8 8 8 8 8 8 8 8 8 8 8 8
8 8 6 6 6 6 6 6 6 8 8 8 8 8 8
8 8 6 6 6 6 6 6 6 8 8 8 8 8 8
8 8 8 8 8 8 8 8 8 8 8 8 8 8 8
Output:
8 8 8 8 8 8 8 8 8 3 3 3 3 3 3
8 8 3 3 3 3 3 8 8 3 6 6 6 6 3
8 8 3 6 6 6 3 8 8 3 6 6 6 6 3
8 8 3 6 6 6 3 8 8 3 6 4 4 6 3
8 8 3 6 6 6 3 8 8 3 6 4 4 6 3
8 8 3 6 6 6 3 8 8 3 6 4 4 6 3
8 8 3 6 4 6 3 8 8 3 6 4 4 6 3
8 8 3 6 6 6 3 8 8 3 6 6 6 6 3
8 8 3 6 6 6 3 8 8 3 3 3 3 3 3
8 8 3 3 3 3 3 8 8 8 8 8 8 8 8
8 8 8 8 8 8 8 8 8 8 8 8 8 8 8
8 3 3 3 3 3 3 3 3 3 8 8 8 8 8
8 3 6 6 6 6 6 6 6 3 8 8 8 8 8
8 3 6 6 6 6 6 6 6 3 8 8 8 8 8
8 3 3 3 3 3 3 3 3 3 8 8 8 8 8

Example 1:

Input:
8 8 8 8 8 8 8 8 8 8 8 8 8 8 8
8 8 8 8 8 8 8 8 8 8 8 8 8 8 8
8 8 8 8 8 8 8 8 8 8 8 8 8 8 8
8 8 8 8 8 8 8 6 6 6 6 6 6 6 8
8 6 6 6 6 8 8 6 6 6 8 8 8 6 8
8 6 6 6 6 8 8 6 6 6 8 8 8 6 8
8 6 6 6 6 8 8 6 6 6 6 6 6 6 8
8 6 6 6 6 8 8 6 6 6 6 6 6 6 8
8 6 6 6 6 8 8 6 6 6 6 6 6 6 8
8 6 6 6 6 8 8 8 8 8 8 8 8 8 8
8 8 8 8 8 8 8 8 8 8 8 8 8 8 8
8 8 8 8 8 8 8 8 8 8 8 8 8 8 8
8 8 8 8 8 8 6 6 6 8 8 8 8 8 8
8 8 8 8 8 8 6 6 6 8 8 8 8 8 8
8 8 8 8 8 8 8 8 8 8 8 8 8 8 8
Output:
8 8 8 8 8 8 8 8 8 8 8 8 8 8 8
8 8 8 8 8 8 8 8 8 8 8 8 8 8 8
8 8 8 8 8 8 3 3 3 3 3 3 3 3 3
3 3 3 3 3 3 3 6 6 6 6 6 6 6 3
3 6 6 6 6 3 3 6 6 6 4 4 4 6 3
3 6 6 6 6 3 3 6 6 6 4 4 4 6 3
3 6 6 6 6 3 3 6 6 6 6 6 6 6 3
3 6 6 6 6 3 3 6 6 6 6 6 6 6 3
3 6 6 6 6 3 3 6 6 6 6 6 6 6 3
3 6 6 6 6 3 3 3 3 3 3 3 3 3 3
3 3 3 3 3 3 8 8 8 8 8 8 8 8 8
8 8 8 8 8 3 3 3 3 3 8 8 8 8 8
8 8 8 8 8 3 6 6 6 3 8 8 8 8 8
8 8 8 8 8 3 6 6 6 3 8 8 8 8 8
8 8 8 8 8 3 3 3 3 3 8 8 8 8 8


Write Python code that performs the transformation according to the rule in following format: `def p(g): ...`. Note that input and output are passed by 2D arrays.