Find the common rule that maps an input grid to an output grid, given the examples below.

Example 1:

Input:
0 0 0 0 0 0 0
0 8 0 0 0 0 0
0 8 8 0 0 0 0
0 0 0 0 8 8 0
0 0 0 0 0 8 0
0 0 0 0 0 0 0
0 0 0 0 0 0 0
Output:
0 0 0 0 0 0 0
0 8 1 0 0 0 0
0 8 8 0 0 0 0
0 0 0 0 8 8 0
0 0 0 0 1 8 0
0 0 0 0 0 0 0
0 0 0 0 0 0 0

Example 1:

Input:
0 0 0 0 8 8 0
0 0 0 0 0 8 0
0 0 8 0 0 0 0
0 0 8 8 0 0 0
0 0 0 0 0 0 0
0 0 0 0 8 0 0
0 0 0 8 8 0 0
Output:
0 0 0 0 8 8 0
0 0 0 0 1 8 0
0 0 8 1 0 0 0
0 0 8 8 0 0 0
0 0 0 0 0 0 0
0 0 0 1 8 0 0
0 0 0 8 8 0 0

Example 1:

Input:
0 0 0 0 0 8 8
8 8 0 0 0 0 8
8 0 0 0 0 0 0
0 0 0 8 0 0 0
0 0 0 8 8 0 0
0 8 0 0 0 0 0
8 8 0 0 0 0 0
Output:
0 0 0 0 0 8 8
8 8 0 0 0 1 8
8 1 0 0 0 0 0
0 0 0 8 1 0 0
0 0 0 8 8 0 0
1 8 0 0 0 0 0
8 8 0 0 0 0 0

Example 1:

Input:
0 8 0 0 0 8 8
8 8 0 0 0 8 0
0 0 0 8 0 0 0
0 8 0 8 8 0 0
8 8 0 0 0 0 0
0 0 0 0 0 0 0
0 0 0 0 0 0 0
Output:
1 8 0 0 0 8 8
8 8 0 0 0 8 1
0 0 0 8 1 0 0
1 8 0 8 8 0 0
8 8 0 0 0 0 0
0 0 0 0 0 0 0
0 0 0 0 0 0 0

Example 1:

Input:
0 0 0 0 0 0 0
0 0 0 0 0 0 0
0 0 0 0 0 8 0
0 0 0 0 8 8 0
0 0 0 0 0 0 0
0 0 0 0 0 0 0
0 0 0 0 0 0 0
Output:
0 0 0 0 0 0 0
0 0 0 0 0 0 0
0 0 0 0 1 8 0
0 0 0 0 8 8 0
0 0 0 0 0 0 0
0 0 0 0 0 0 0
0 0 0 0 0 0 0

Example 1:

Input:
0 0 0 0 0 0 0
0 0 0 0 0 0 0
0 0 0 0 0 0 0
0 8 0 0 0 0 0
8 8 0 0 0 0 0
0 0 0 0 0 0 0
0 0 0 0 0 0 0
Output:
0 0 0 0 0 0 0
0 0 0 0 0 0 0
0 0 0 0 0 0 0
1 8 0 0 0 0 0
8 8 0 0 0 0 0
0 0 0 0 0 0 0
0 0 0 0 0 0 0

Example 1:

Input:
0 0 0 0 0 0 0
0 0 0 0 0 0 8
0 0 8 8 0 8 8
0 0 0 8 0 0 0
0 8 0 0 0 0 0
8 8 0 0 0 0 0
0 0 0 0 0 0 0
Output:
0 0 0 0 0 0 0
0 0 0 0 0 1 8
0 0 8 8 0 8 8
0 0 1 8 0 0 0
1 8 0 0 0 0 0
8 8 0 0 0 0 0
0 0 0 0 0 0 0

Example 1:

Input:
0 0 0 0 8 0 0
0 0 0 0 8 8 0
0 0 0 0 0 0 0
0 8 0 0 0 0 0
0 8 8 0 0 0 0
0 0 0 0 0 0 0
0 0 0 0 0 0 0
Output:
0 0 0 0 8 1 0
0 0 0 0 8 8 0
0 0 0 0 0 0 0
0 8 1 0 0 0 0
0 8 8 0 0 0 0
0 0 0 0 0 0 0
0 0 0 0 0 0 0


Write Python code that performs the transformation according to the rule in following format: `def p(g): ...`. Note that input and output are passed by 2D arrays.