Find the common rule that maps an input grid to an output grid, given the examples below.

Example 1:

Input:
4 4 4 4 4 4 4 2 2 2 2 2 2 2 8 8
4 4 4 4 4 4 4 4 2 2 2 2 8 8 8 8
4 4 4 4 4 4 4 4 2 2 2 2 8 8 8 8
4 4 4 4 4 4 4 2 2 2 2 2 8 8 8 8
4 4 4 4 4 4 2 2 2 2 2 2 2 8 8 8
4 4 4 4 4 4 2 2 2 2 2 2 8 8 8 8
4 4 4 4 4 4 4 2 2 2 2 2 8 8 8 8
4 4 4 4 4 4 4 2 2 2 2 2 2 8 8 8
4 4 4 4 4 2 2 2 2 2 2 2 2 2 8 8
4 4 4 4 4 2 2 2 2 2 2 2 2 2 8 8
4 4 4 4 2 2 2 2 2 2 2 2 2 8 8 8
4 4 4 4 2 2 2 2 2 2 2 2 8 8 8 8
4 4 4 4 4 2 2 2 2 2 2 2 8 8 8 8
4 4 4 4 4 4 2 2 2 2 2 2 2 8 8 8
Output:
4 2 8

Example 1:

Input:
2 2 2 2 2 2 2
2 2 2 2 2 2 2
2 2 2 2 2 2 2
2 8 8 8 2 2 8
8 8 8 8 8 8 8
8 8 8 8 8 8 8
8 8 8 5 5 8 8
5 8 5 5 5 5 5
5 5 5 5 5 5 5
Output:
2
8
5

Example 1:

Input:
6 6 6 6 6 6 6 6 6
6 6 4 4 6 6 6 6 6
6 4 4 4 6 4 6 4 4
4 4 4 4 4 4 4 4 4
4 4 4 4 4 4 4 4 4
4 4 4 4 4 4 4 4 4
4 2 2 4 4 4 2 2 4
2 2 2 2 2 2 2 2 2
2 3 2 2 2 2 2 3 3
3 3 3 3 3 3 3 3 3
3 3 3 3 3 3 3 3 3
Output:
6
4
2
3

Example 1:

Input:
3 3 3 3 2 2 2 2 2 1 1 1 8 8
3 3 3 2 2 2 2 2 1 1 1 8 8 8
3 3 3 3 3 2 2 1 1 1 8 8 8 8
3 3 3 3 3 2 2 1 1 1 1 8 8 8
3 3 3 3 2 2 2 2 2 1 1 1 8 8
3 3 3 3 3 2 2 2 2 1 1 1 1 8
3 3 3 2 2 2 2 2 1 1 1 1 8 8
3 3 3 3 2 2 2 2 1 1 1 8 8 8
3 3 3 3 2 2 2 2 1 1 1 1 8 8
3 3 3 2 2 2 2 2 2 1 1 1 8 8
3 3 3 2 2 2 2 2 2 1 1 8 8 8
3 3 3 3 2 2 2 2 1 1 1 1 8 8
3 3 3 3 3 2 2 2 1 1 1 1 8 8
3 3 3 3 3 3 2 2 2 1 1 1 8 8
Output:
3 2 1 8

Example 1:

Input:
8 8 8 8 8 8 8 8 8
8 8 8 3 3 3 8 3 8
8 8 8 3 3 3 3 3 3
8 8 3 3 3 3 3 3 3
3 8 3 3 3 3 3 3 3
3 3 3 3 3 3 3 3 3
3 3 3 3 3 3 3 3 3
3 3 3 3 3 3 3 3 3
3 3 3 3 3 3 3 3 3
3 5 3 3 5 5 5 5 5
3 5 3 3 5 5 5 5 5
5 5 5 5 5 5 5 5 5
5 5 5 5 5 5 5 5 5
5 5 5 5 5 5 5 5 5
5 5 5 5 5 5 5 5 5
Output:
8
3
5

Example 1:

Input:
6 6 6 6 6 6 6 6 6 6 6 6 6 6 6 6
6 6 6 6 6 6 6 6 6 6 6 6 6 6 6 6
6 6 6 6 6 6 6 6 6 6 6 6 6 6 6 6
6 6 6 6 6 6 6 6 6 6 6 6 6 6 6 6
6 6 6 6 6 6 6 6 6 6 6 6 6 6 6 6
6 6 6 6 6 6 6 2 2 2 6 2 6 6 2 6
6 6 6 6 2 6 2 2 2 2 2 2 2 2 2 2
6 6 6 6 2 6 2 2 2 2 2 2 2 2 2 2
2 6 6 2 2 2 2 2 2 2 2 2 2 2 2 2
2 2 2 2 2 2 2 2 2 2 2 2 2 2 2 2
2 2 2 2 2 2 2 2 2 2 2 2 2 2 2 2
2 2 2 2 2 2 2 2 2 2 2 2 2 2 2 2
2 2 2 2 2 2 2 2 2 2 2 2 2 2 2 2
2 2 2 2 2 2 2 2 2 2 2 2 2 2 2 2
2 2 2 2 2 2 2 2 2 2 2 2 2 2 2 2
2 2 2 2 2 2 8 2 2 2 2 2 2 2 2 2
8 8 2 2 2 2 8 2 2 2 2 2 2 2 2 2
8 8 8 2 8 8 8 8 2 2 2 2 2 2 2 8
8 8 8 2 8 8 8 8 2 2 2 2 8 2 2 8
8 8 8 8 8 8 8 8 8 8 8 8 8 8 8 8
8 8 8 8 8 8 8 8 8 8 8 8 8 8 8 8
8 8 8 8 8 8 8 8 8 8 8 8 8 8 8 8
8 8 8 8 8 8 8 8 8 8 8 8 8 8 8 8
8 8 8 8 8 8 8 8 8 8 8 8 8 8 8 8
Output:
6
2
8

Example 1:

Input:
8 8 8 8 8 8 8 2 2 2 2 1 1 1 1
8 8 8 8 8 8 2 2 2 2 2 1 1 1 1
8 8 8 8 8 8 2 2 2 2 2 1 1 1 1
8 8 8 8 8 8 2 2 2 2 2 1 1 1 1
8 8 8 8 8 8 8 2 2 2 2 2 1 1 1
8 8 8 8 8 2 2 2 2 2 2 2 2 1 1
8 8 8 8 8 2 2 2 2 2 2 2 2 1 1
8 8 8 8 8 2 2 2 2 2 2 2 1 1 1
8 8 8 2 2 2 2 2 2 2 2 2 2 1 1
8 8 8 2 2 2 2 2 2 2 2 2 2 1 1
8 8 8 2 2 2 2 2 2 2 2 2 2 1 1
8 8 8 8 2 2 2 2 2 2 2 2 2 1 1
8 8 8 8 8 8 2 2 2 2 2 1 1 1 1
Output:
8 2 1

Example 1:

Input:
3 3 3 3 3 3 3 3 3 3 3 3 3
3 3 3 3 3 3 3 3 3 3 3 3 3
3 3 3 3 3 3 3 3 3 3 3 3 3
1 3 3 3 3 3 3 3 1 1 1 3 3
1 3 3 3 3 1 3 3 1 1 1 1 3
1 1 3 3 3 1 3 1 1 1 1 1 3
1 1 1 1 1 1 1 1 1 1 1 1 1
1 1 1 1 1 1 1 1 1 1 1 1 1
1 1 1 1 1 1 1 1 1 1 1 1 1
1 9 1 1 1 1 1 1 1 1 1 1 1
9 9 9 1 1 1 1 1 1 1 1 1 1
9 9 9 1 1 1 9 1 9 1 1 1 1
9 9 9 9 1 1 9 9 9 9 1 1 9
9 9 9 9 9 9 9 9 9 9 9 9 9
9 9 9 9 9 9 9 9 9 9 9 9 9
9 9 9 9 9 9 9 7 9 9 9 9 9
9 9 9 9 9 9 9 7 7 9 9 9 9
9 7 9 9 9 7 7 7 7 9 9 9 9
7 7 9 7 7 7 7 7 7 7 9 9 7
7 7 7 7 7 7 7 7 7 7 7 7 7
7 7 7 7 7 7 7 7 7 7 7 7 7
Output:
3
1
9
7


Write Python code that performs the transformation according to the rule in following format: `def p(g): ...`. Note that input and output are passed by 2D arrays.