Find the common rule that maps an input grid to an output grid, given the examples below.

Example 1:

Input:
8 0 0 0 8 0 3 3 3 3 3 8 0 0
0 0 0 0 0 0 3 3 3 3 3 0 0 0
0 0 0 0 0 0 3 3 8 3 8 0 0 0
0 0 3 3 3 0 3 3 3 3 3 0 0 0
0 0 3 3 3 0 3 8 3 3 3 0 0 0
0 0 3 3 8 0 0 0 0 0 0 0 0 0
0 0 0 0 0 0 0 0 0 3 3 3 3 3
0 8 0 3 3 3 8 3 0 3 3 3 8 3
0 0 0 3 8 3 3 3 0 3 3 3 3 3
0 0 0 3 3 3 3 3 0 3 3 3 3 3
3 3 3 3 8 3 3 3 8 0 0 0 0 0
3 3 3 0 0 0 0 0 0 0 0 0 0 0
3 8 3 0 8 0 0 0 0 0 0 0 0 8
Output:
0 0 0 0 0 0 3 3 3 3 3 0 0 0
0 0 0 0 0 0 3 3 3 3 3 0 0 0
0 0 0 0 0 0 3 3 3 3 3 0 0 0
0 0 3 3 3 0 3 3 3 3 3 0 0 0
0 0 3 3 3 0 3 3 3 3 3 0 0 0
0 0 3 3 3 0 0 0 0 0 0 0 0 0
0 0 0 0 0 0 0 0 0 3 3 3 3 3
0 0 0 3 3 3 3 3 0 3 3 3 3 3
0 0 0 3 3 3 3 3 0 3 3 3 3 3
0 0 0 3 3 3 3 3 0 3 3 3 3 3
3 3 3 3 3 3 3 3 0 0 0 0 0 0
3 3 3 0 0 0 0 0 0 0 0 0 0 0
3 3 3 0 0 0 0 0 0 0 0 0 0 0

Example 1:

Input:
0 0 0 0 0 0 0 0 0 0 0 0 0 0 0 0
0 2 2 2 2 0 1 0 0 0 0 0 0 0 0 0
0 2 2 2 2 0 0 0 0 2 1 2 2 2 2 2
0 2 2 1 2 0 0 0 0 2 2 2 2 2 2 2
0 2 2 2 2 0 0 0 0 2 2 2 2 2 2 2
0 2 2 2 2 1 0 0 0 2 2 2 2 2 1 2
0 0 0 0 0 0 0 0 0 2 2 2 2 2 2 2
0 0 0 0 0 0 0 0 0 0 0 0 0 0 0 0
0 0 0 0 0 0 0 0 0 0 0 0 1 0 0 0
0 1 0 2 2 2 2 2 2 1 2 2 2 0 0 0
0 0 0 1 2 2 2 2 2 2 2 2 2 0 0 1
0 0 0 2 2 2 2 2 2 1 2 2 1 0 0 0
0 0 0 2 2 2 2 2 2 2 2 2 2 0 0 0
Output:
0 0 0 0 0 0 0 0 0 0 0 0 0 0 0 0
0 2 2 2 2 0 0 0 0 0 0 0 0 0 0 0
0 2 2 2 2 0 0 0 0 2 2 2 2 2 2 2
0 2 2 2 2 0 0 0 0 2 2 2 2 2 2 2
0 2 2 2 2 0 0 0 0 2 2 2 2 2 2 2
0 2 2 2 2 0 0 0 0 2 2 2 2 2 2 2
0 0 0 0 0 0 0 0 0 2 2 2 2 2 2 2
0 0 0 0 0 0 0 0 0 0 0 0 0 0 0 0
0 0 0 0 0 0 0 0 0 0 0 0 0 0 0 0
0 0 0 2 2 2 2 2 2 2 2 2 2 0 0 0
0 0 0 2 2 2 2 2 2 2 2 2 2 0 0 0
0 0 0 2 2 2 2 2 2 2 2 2 2 0 0 0
0 0 0 2 2 2 2 2 2 2 2 2 2 0 0 0

Example 1:

Input:
0 0 0 0 0 0 0 0 0 0 0 0 5 5 4 5 0
0 4 0 0 0 0 4 0 0 0 0 0 5 5 5 5 0
0 5 4 5 5 5 5 5 5 0 0 0 5 5 5 5 0
0 5 5 5 5 5 5 5 5 0 0 0 5 5 5 5 4
0 5 5 5 5 5 5 5 5 0 0 0 5 5 5 5 0
0 5 5 5 5 5 5 4 5 0 0 0 5 5 5 5 0
0 5 5 5 5 5 5 5 5 0 0 0 5 5 4 5 0
0 5 5 5 5 4 5 5 5 0 0 0 4 0 0 0 0
0 0 0 0 0 0 0 0 0 0 0 0 0 0 0 0 0
0 0 0 0 0 0 0 0 0 0 0 0 0 0 0 4 0
0 0 0 0 0 0 5 5 5 5 5 4 0 0 0 0 0
0 0 0 4 0 0 5 5 5 4 5 5 0 0 0 0 0
Output:
0 0 0 0 0 0 0 0 0 0 0 0 5 5 5 5 0
0 0 0 0 0 0 0 0 0 0 0 0 5 5 5 5 0
0 5 5 5 5 5 5 5 5 0 0 0 5 5 5 5 0
0 5 5 5 5 5 5 5 5 0 0 0 5 5 5 5 0
0 5 5 5 5 5 5 5 5 0 0 0 5 5 5 5 0
0 5 5 5 5 5 5 5 5 0 0 0 5 5 5 5 0
0 5 5 5 5 5 5 5 5 0 0 0 5 5 5 5 0
0 5 5 5 5 5 5 5 5 0 0 0 0 0 0 0 0
0 0 0 0 0 0 0 0 0 0 0 0 0 0 0 0 0
0 0 0 0 0 0 0 0 0 0 0 0 0 0 0 0 0
0 0 0 0 0 0 5 5 5 5 5 5 0 0 0 0 0
0 0 0 0 0 0 5 5 5 5 5 5 0 0 0 0 0

Example 1:

Input:
0 0 0 0 0 0 2 0 0 0 0 0 0 0 0
0 0 0 0 0 0 0 0 0 0 2 0 0 0 0
0 0 2 0 0 0 0 2 0 0 0 0 0 0 0
0 0 0 0 0 0 0 0 0 0 0 0 0 0 0
2 0 0 0 0 0 0 0 0 0 0 0 0 0 0
0 0 0 0 0 0 0 0 0 0 0 0 0 0 0
0 8 8 8 8 8 0 0 0 0 0 0 0 0 0
2 8 8 8 8 8 0 0 0 0 0 0 0 0 0
0 8 8 8 8 8 0 0 0 0 0 0 0 0 0
0 0 0 0 0 2 0 8 2 8 8 8 8 8 0
0 0 0 0 0 0 0 8 8 8 8 8 8 8 2
8 8 8 0 0 0 0 8 8 8 8 8 8 8 0
8 8 8 0 0 0 0 0 0 0 2 0 0 0 2
8 8 8 0 8 8 8 8 0 0 0 0 0 0 0
8 8 8 0 8 8 8 8 0 0 0 2 0 0 0
2 8 8 0 8 8 8 8 0 0 8 8 8 0 0
8 8 8 0 0 0 0 0 0 0 8 8 8 0 0
2 0 0 0 0 0 0 0 0 0 8 8 8 0 0
0 0 0 0 0 0 0 0 0 0 8 8 8 0 0
Output:
0 0 0 0 0 0 0 0 0 0 0 0 0 0 0
0 0 0 0 0 0 0 0 0 0 0 0 0 0 0
0 0 0 0 0 0 0 0 0 0 0 0 0 0 0
0 0 0 0 0 0 0 0 0 0 0 0 0 0 0
0 0 0 0 0 0 0 0 0 0 0 0 0 0 0
0 0 0 0 0 0 0 0 0 0 0 0 0 0 0
0 8 8 8 8 8 0 0 0 0 0 0 0 0 0
0 8 8 8 8 8 0 0 0 0 0 0 0 0 0
0 8 8 8 8 8 0 0 0 0 0 0 0 0 0
0 0 0 0 0 0 0 8 8 8 8 8 8 8 0
0 0 0 0 0 0 0 8 8 8 8 8 8 8 0
8 8 8 0 0 0 0 8 8 8 8 8 8 8 0
8 8 8 0 0 0 0 0 0 0 0 0 0 0 0
8 8 8 0 8 8 8 8 0 0 0 0 0 0 0
8 8 8 0 8 8 8 8 0 0 0 0 0 0 0
8 8 8 0 8 8 8 8 0 0 8 8 8 0 0
8 8 8 0 0 0 0 0 0 0 8 8 8 0 0
0 0 0 0 0 0 0 0 0 0 8 8 8 0 0
0 0 0 0 0 0 0 0 0 0 8 8 8 0 0

Example 1:

Input:
0 0 0 0 0 0 0 0 0 0 0 0 0 0 0 0 0 0 0 0
6 0 0 0 0 0 0 0 6 0 0 0 0 0 0 0 0 0 0 0
0 0 0 0 0 0 0 0 0 0 0 0 0 0 0 0 0 6 0 0
0 0 0 0 0 0 0 0 0 0 0 0 0 6 0 0 0 0 0 0
0 0 0 0 0 0 0 0 0 0 0 0 0 0 0 0 0 6 0 0
0 0 0 0 6 0 0 0 0 0 0 0 0 0 0 0 0 0 0 0
0 0 2 2 2 2 2 2 2 2 2 2 6 0 0 0 0 0 0 0
0 0 2 2 2 2 2 2 2 2 2 2 0 0 0 0 0 0 0 0
0 0 2 2 2 6 2 2 2 2 6 2 0 0 0 0 2 2 2 0
0 0 6 0 0 0 0 0 0 0 0 0 0 0 0 0 2 2 2 0
0 0 0 0 0 0 0 0 0 0 0 0 0 6 0 0 6 2 2 0
0 0 0 0 0 0 0 0 0 0 0 0 0 0 0 0 2 2 2 0
0 0 2 2 2 2 2 2 0 0 0 0 0 0 0 0 2 2 2 0
0 0 2 2 2 2 2 2 0 0 0 0 0 0 0 0 2 2 2 0
0 0 2 2 2 2 2 2 0 0 0 0 0 0 0 0 2 2 2 0
0 0 2 2 2 2 2 2 0 6 0 0 0 0 0 0 2 2 2 0
0 0 2 2 2 2 2 2 0 0 0 0 0 0 0 6 2 6 2 0
0 0 0 0 0 0 0 0 0 0 0 0 0 0 0 0 2 2 2 0
Output:
0 0 0 0 0 0 0 0 0 0 0 0 0 0 0 0 0 0 0 0
0 0 0 0 0 0 0 0 0 0 0 0 0 0 0 0 0 0 0 0
0 0 0 0 0 0 0 0 0 0 0 0 0 0 0 0 0 0 0 0
0 0 0 0 0 0 0 0 0 0 0 0 0 0 0 0 0 0 0 0
0 0 0 0 0 0 0 0 0 0 0 0 0 0 0 0 0 0 0 0
0 0 0 0 0 0 0 0 0 0 0 0 0 0 0 0 0 0 0 0
0 0 2 2 2 2 2 2 2 2 2 2 0 0 0 0 0 0 0 0
0 0 2 2 2 2 2 2 2 2 2 2 0 0 0 0 0 0 0 0
0 0 2 2 2 2 2 2 2 2 2 2 0 0 0 0 2 2 2 0
0 0 0 0 0 0 0 0 0 0 0 0 0 0 0 0 2 2 2 0
0 0 0 0 0 0 0 0 0 0 0 0 0 0 0 0 2 2 2 0
0 0 0 0 0 0 0 0 0 0 0 0 0 0 0 0 2 2 2 0
0 0 2 2 2 2 2 2 0 0 0 0 0 0 0 0 2 2 2 0
0 0 2 2 2 2 2 2 0 0 0 0 0 0 0 0 2 2 2 0
0 0 2 2 2 2 2 2 0 0 0 0 0 0 0 0 2 2 2 0
0 0 2 2 2 2 2 2 0 0 0 0 0 0 0 0 2 2 2 0
0 0 2 2 2 2 2 2 0 0 0 0 0 0 0 0 2 2 2 0
0 0 0 0 0 0 0 0 0 0 0 0 0 0 0 0 2 2 2 0

Example 1:

Input:
0 8 0 0 0 0 0 0 0 0 0 0 0 0 0 0
0 0 0 0 8 0 0 0 0 0 0 0 2 2 2 2
0 0 0 0 0 8 0 0 0 0 0 0 2 2 2 2
0 2 2 2 2 0 0 0 0 0 0 0 2 2 2 2
0 2 2 2 2 0 0 0 0 0 8 0 8 2 2 2
0 2 2 2 2 0 0 0 0 0 0 0 2 2 2 2
0 2 2 2 8 0 0 0 0 0 0 0 0 0 0 0
0 2 2 2 2 0 0 8 0 2 2 2 0 0 0 0
0 2 2 2 2 0 0 0 0 2 2 2 0 0 0 0
0 0 0 0 0 0 0 0 0 2 2 2 0 0 0 0
0 0 0 0 0 0 0 0 0 2 2 8 0 0 0 0
0 0 0 0 0 0 0 0 0 2 2 2 0 0 0 0
Output:
0 0 0 0 0 0 0 0 0 0 0 0 0 0 0 0
0 0 0 0 0 0 0 0 0 0 0 0 2 2 2 2
0 0 0 0 0 0 0 0 0 0 0 0 2 2 2 2
0 2 2 2 2 0 0 0 0 0 0 0 2 2 2 2
0 2 2 2 2 0 0 0 0 0 0 0 2 2 2 2
0 2 2 2 2 0 0 0 0 0 0 0 2 2 2 2
0 2 2 2 2 0 0 0 0 0 0 0 0 0 0 0
0 2 2 2 2 0 0 0 0 2 2 2 0 0 0 0
0 2 2 2 2 0 0 0 0 2 2 2 0 0 0 0
0 0 0 0 0 0 0 0 0 2 2 2 0 0 0 0
0 0 0 0 0 0 0 0 0 2 2 2 0 0 0 0
0 0 0 0 0 0 0 0 0 2 2 2 0 0 0 0

Example 1:

Input:
0 0 0 0 0 0 0 0 0 0 0 0 0 0 0 0
0 0 0 0 0 0 0 0 0 0 0 0 0 0 0 0
0 0 0 3 0 0 0 0 0 0 0 3 0 0 0 0
0 0 0 0 0 0 0 3 1 1 1 1 1 1 1 0
0 0 0 0 0 0 0 1 1 1 1 1 1 1 1 0
0 0 0 0 0 3 0 1 1 1 1 1 1 1 1 0
0 0 0 0 0 0 0 0 0 0 3 0 0 3 0 0
0 0 0 0 0 0 0 0 0 0 0 0 0 0 0 0
0 0 0 0 3 0 0 0 0 0 1 1 1 0 0 0
0 1 1 1 1 1 1 1 0 0 1 1 1 0 0 0
0 1 1 1 1 1 1 1 3 0 1 1 3 0 0 0
0 1 1 1 1 1 1 3 0 0 1 1 1 0 0 0
0 0 0 0 0 0 0 0 0 0 0 0 0 0 0 0
3 0 0 0 0 0 0 1 1 1 3 1 1 1 0 0
0 0 0 0 0 0 0 1 3 1 1 1 1 1 0 0
0 0 0 0 0 0 0 1 1 1 1 1 3 1 0 0
0 0 0 0 3 0 0 0 0 0 0 0 0 0 0 0
Output:
0 0 0 0 0 0 0 0 0 0 0 0 0 0 0 0
0 0 0 0 0 0 0 0 0 0 0 0 0 0 0 0
0 0 0 0 0 0 0 0 0 0 0 0 0 0 0 0
0 0 0 0 0 0 0 1 1 1 1 1 1 1 1 0
0 0 0 0 0 0 0 1 1 1 1 1 1 1 1 0
0 0 0 0 0 0 0 1 1 1 1 1 1 1 1 0
0 0 0 0 0 0 0 0 0 0 0 0 0 0 0 0
0 0 0 0 0 0 0 0 0 0 0 0 0 0 0 0
0 0 0 0 0 0 0 0 0 0 1 1 1 0 0 0
0 1 1 1 1 1 1 1 0 0 1 1 1 0 0 0
0 1 1 1 1 1 1 1 0 0 1 1 1 0 0 0
0 1 1 1 1 1 1 1 0 0 1 1 1 0 0 0
0 0 0 0 0 0 0 0 0 0 0 0 0 0 0 0
0 0 0 0 0 0 0 1 1 1 1 1 1 1 0 0
0 0 0 0 0 0 0 1 1 1 1 1 1 1 0 0
0 0 0 0 0 0 0 1 1 1 1 1 1 1 0 0
0 0 0 0 0 0 0 0 0 0 0 0 0 0 0 0

Example 1:

Input:
0 0 0 9 9 9 9 9 9 9 9 9 0 0 0 0 0 0 0
0 8 0 9 9 9 9 9 9 9 9 9 0 0 0 0 0 0 0
0 0 0 9 9 9 9 9 9 9 9 9 0 0 0 0 0 0 0
0 0 0 8 0 0 0 0 0 0 0 0 0 0 0 0 0 0 0
0 0 0 0 0 0 0 0 0 0 0 0 0 0 0 0 0 0 0
0 0 0 0 0 0 0 0 0 9 9 9 9 9 9 9 0 0 0
0 0 0 0 0 0 0 0 0 9 9 9 9 8 9 9 0 0 0
0 0 0 0 0 0 0 0 0 9 9 9 9 9 9 9 0 8 0
0 0 0 0 0 0 8 0 0 0 0 0 0 0 0 0 0 0 0
0 0 0 0 0 0 0 0 0 0 0 0 0 0 0 0 9 9 9
0 0 0 0 9 9 9 0 0 0 0 0 0 0 0 0 9 9 9
0 0 0 0 9 9 9 0 0 0 0 0 0 0 0 0 9 9 9
0 0 0 0 9 9 9 0 9 9 9 0 0 0 0 0 9 9 9
8 0 0 0 9 9 9 0 9 9 9 0 0 0 0 0 9 9 9
0 0 0 0 9 9 9 0 9 9 9 0 0 0 0 8 9 9 9
0 0 0 0 9 9 9 0 8 9 9 0 0 0 0 0 9 9 9
0 0 0 0 9 9 9 0 9 9 9 0 0 0 0 0 8 9 8
0 0 8 0 9 9 9 8 9 9 9 0 0 0 0 0 9 9 9
0 8 0 0 9 9 9 0 0 0 0 0 0 0 0 0 0 0 0
0 0 0 0 9 9 8 0 0 8 0 0 8 0 0 0 0 0 0
Output:
0 0 0 9 9 9 9 9 9 9 9 9 0 0 0 0 0 0 0
0 0 0 9 9 9 9 9 9 9 9 9 0 0 0 0 0 0 0
0 0 0 9 9 9 9 9 9 9 9 9 0 0 0 0 0 0 0
0 0 0 0 0 0 0 0 0 0 0 0 0 0 0 0 0 0 0
0 0 0 0 0 0 0 0 0 0 0 0 0 0 0 0 0 0 0
0 0 0 0 0 0 0 0 0 9 9 9 9 9 9 9 0 0 0
0 0 0 0 0 0 0 0 0 9 9 9 9 9 9 9 0 0 0
0 0 0 0 0 0 0 0 0 9 9 9 9 9 9 9 0 0 0
0 0 0 0 0 0 0 0 0 0 0 0 0 0 0 0 0 0 0
0 0 0 0 0 0 0 0 0 0 0 0 0 0 0 0 9 9 9
0 0 0 0 9 9 9 0 0 0 0 0 0 0 0 0 9 9 9
0 0 0 0 9 9 9 0 0 0 0 0 0 0 0 0 9 9 9
0 0 0 0 9 9 9 0 9 9 9 0 0 0 0 0 9 9 9
0 0 0 0 9 9 9 0 9 9 9 0 0 0 0 0 9 9 9
0 0 0 0 9 9 9 0 9 9 9 0 0 0 0 0 9 9 9
0 0 0 0 9 9 9 0 9 9 9 0 0 0 0 0 9 9 9
0 0 0 0 9 9 9 0 9 9 9 0 0 0 0 0 9 9 9
0 0 0 0 9 9 9 0 9 9 9 0 0 0 0 0 9 9 9
0 0 0 0 9 9 9 0 0 0 0 0 0 0 0 0 0 0 0
0 0 0 0 9 9 9 0 0 0 0 0 0 0 0 0 0 0 0


Write Python code that performs the transformation according to the rule in following format: `def p(g): ...`. Note that input and output are passed by 2D arrays.