Find the common rule that maps an input grid to an output grid, given the examples below.

Example 1:

Input:
0 0 0 0 3
0 8 8 0 3
0 8 8 0 3
0 0 0 0 3
3 3 3 3 3
Output:
2 0 0 0 0 0 0 2 3 3
0 2 0 0 0 0 2 0 3 3
0 0 8 8 8 8 0 0 3 3
0 0 8 8 8 8 0 0 3 3
0 0 8 8 8 8 0 0 3 3
0 0 8 8 8 8 0 0 3 3
0 2 0 0 0 0 2 0 3 3
2 0 0 0 0 0 0 2 3 3
3 3 3 3 3 3 3 3 3 3
3 3 3 3 3 3 3 3 3 3

Example 1:

Input:
0 0 0 0 7
4 4 0 0 7
4 4 0 0 6
0 0 0 0 6
7 7 6 6 6
Output:
0 0 0 0 0 0 0 0 2 0 0 0 7 7 7
0 0 0 0 0 0 0 2 0 0 0 0 7 7 7
0 0 0 0 0 0 2 0 0 0 0 0 7 7 7
4 4 4 4 4 4 0 0 0 0 0 0 7 7 7
4 4 4 4 4 4 0 0 0 0 0 0 7 7 7
4 4 4 4 4 4 0 0 0 0 0 0 7 7 7
4 4 4 4 4 4 0 0 0 0 0 0 6 6 6
4 4 4 4 4 4 0 0 0 0 0 0 6 6 6
4 4 4 4 4 4 0 0 0 0 0 0 6 6 6
0 0 0 0 0 0 2 0 0 0 0 0 6 6 6
0 0 0 0 0 0 0 2 0 0 0 0 6 6 6
0 0 0 0 0 0 0 0 2 0 0 0 6 6 6
7 7 7 7 7 7 6 6 6 6 6 6 6 6 6
7 7 7 7 7 7 6 6 6 6 6 6 6 6 6
7 7 7 7 7 7 6 6 6 6 6 6 6 6 6

Example 1:

Input:
0 0 0 0 9
0 1 1 0 9
0 1 1 0 3
0 0 0 0 3
9 9 3 3 4
Output:
2 0 0 0 0 0 0 0 0 0 0 0 0 0 0 2 9 9 9 9
0 2 0 0 0 0 0 0 0 0 0 0 0 0 2 0 9 9 9 9
0 0 2 0 0 0 0 0 0 0 0 0 0 2 0 0 9 9 9 9
0 0 0 2 0 0 0 0 0 0 0 0 2 0 0 0 9 9 9 9
0 0 0 0 1 1 1 1 1 1 1 1 0 0 0 0 9 9 9 9
0 0 0 0 1 1 1 1 1 1 1 1 0 0 0 0 9 9 9 9
0 0 0 0 1 1 1 1 1 1 1 1 0 0 0 0 9 9 9 9
0 0 0 0 1 1 1 1 1 1 1 1 0 0 0 0 9 9 9 9
0 0 0 0 1 1 1 1 1 1 1 1 0 0 0 0 3 3 3 3
0 0 0 0 1 1 1 1 1 1 1 1 0 0 0 0 3 3 3 3
0 0 0 0 1 1 1 1 1 1 1 1 0 0 0 0 3 3 3 3
0 0 0 0 1 1 1 1 1 1 1 1 0 0 0 0 3 3 3 3
0 0 0 2 0 0 0 0 0 0 0 0 2 0 0 0 3 3 3 3
0 0 2 0 0 0 0 0 0 0 0 0 0 2 0 0 3 3 3 3
0 2 0 0 0 0 0 0 0 0 0 0 0 0 2 0 3 3 3 3
2 0 0 0 0 0 0 0 0 0 0 0 0 0 0 2 3 3 3 3
9 9 9 9 9 9 9 9 3 3 3 3 3 3 3 3 4 4 4 4
9 9 9 9 9 9 9 9 3 3 3 3 3 3 3 3 4 4 4 4
9 9 9 9 9 9 9 9 3 3 3 3 3 3 3 3 4 4 4 4
9 9 9 9 9 9 9 9 3 3 3 3 3 3 3 3 4 4 4 4

Example 1:

Input:
0 6 6 0 8
0 6 6 0 8
0 0 0 0 1
0 0 0 0 7
8 8 1 7 9
Output:
0 0 0 0 0 6 6 6 6 6 6 6 6 6 6 0 0 0 0 0 8 8 8 8 8
0 0 0 0 0 6 6 6 6 6 6 6 6 6 6 0 0 0 0 0 8 8 8 8 8
0 0 0 0 0 6 6 6 6 6 6 6 6 6 6 0 0 0 0 0 8 8 8 8 8
0 0 0 0 0 6 6 6 6 6 6 6 6 6 6 0 0 0 0 0 8 8 8 8 8
0 0 0 0 0 6 6 6 6 6 6 6 6 6 6 0 0 0 0 0 8 8 8 8 8
0 0 0 0 0 6 6 6 6 6 6 6 6 6 6 0 0 0 0 0 8 8 8 8 8
0 0 0 0 0 6 6 6 6 6 6 6 6 6 6 0 0 0 0 0 8 8 8 8 8
0 0 0 0 0 6 6 6 6 6 6 6 6 6 6 0 0 0 0 0 8 8 8 8 8
0 0 0 0 0 6 6 6 6 6 6 6 6 6 6 0 0 0 0 0 8 8 8 8 8
0 0 0 0 0 6 6 6 6 6 6 6 6 6 6 0 0 0 0 0 8 8 8 8 8
0 0 0 0 2 0 0 0 0 0 0 0 0 0 0 2 0 0 0 0 1 1 1 1 1
0 0 0 2 0 0 0 0 0 0 0 0 0 0 0 0 2 0 0 0 1 1 1 1 1
0 0 2 0 0 0 0 0 0 0 0 0 0 0 0 0 0 2 0 0 1 1 1 1 1
0 2 0 0 0 0 0 0 0 0 0 0 0 0 0 0 0 0 2 0 1 1 1 1 1
2 0 0 0 0 0 0 0 0 0 0 0 0 0 0 0 0 0 0 2 1 1 1 1 1
0 0 0 0 0 0 0 0 0 0 0 0 0 0 0 0 0 0 0 0 7 7 7 7 7
0 0 0 0 0 0 0 0 0 0 0 0 0 0 0 0 0 0 0 0 7 7 7 7 7
0 0 0 0 0 0 0 0 0 0 0 0 0 0 0 0 0 0 0 0 7 7 7 7 7
0 0 0 0 0 0 0 0 0 0 0 0 0 0 0 0 0 0 0 0 7 7 7 7 7
0 0 0 0 0 0 0 0 0 0 0 0 0 0 0 0 0 0 0 0 7 7 7 7 7
8 8 8 8 8 8 8 8 8 8 1 1 1 1 1 7 7 7 7 7 9 9 9 9 9
8 8 8 8 8 8 8 8 8 8 1 1 1 1 1 7 7 7 7 7 9 9 9 9 9
8 8 8 8 8 8 8 8 8 8 1 1 1 1 1 7 7 7 7 7 9 9 9 9 9
8 8 8 8 8 8 8 8 8 8 1 1 1 1 1 7 7 7 7 7 9 9 9 9 9
8 8 8 8 8 8 8 8 8 8 1 1 1 1 1 7 7 7 7 7 9 9 9 9 9

Example 1:

Input:
0 0 0 0 5
0 3 3 0 5
0 3 3 0 8
0 0 0 0 8
5 5 8 8 8
Output:
2 0 0 0 0 0 0 0 0 0 0 2 5 5 5
0 2 0 0 0 0 0 0 0 0 2 0 5 5 5
0 0 2 0 0 0 0 0 0 2 0 0 5 5 5
0 0 0 3 3 3 3 3 3 0 0 0 5 5 5
0 0 0 3 3 3 3 3 3 0 0 0 5 5 5
0 0 0 3 3 3 3 3 3 0 0 0 5 5 5
0 0 0 3 3 3 3 3 3 0 0 0 8 8 8
0 0 0 3 3 3 3 3 3 0 0 0 8 8 8
0 0 0 3 3 3 3 3 3 0 0 0 8 8 8
0 0 2 0 0 0 0 0 0 2 0 0 8 8 8
0 2 0 0 0 0 0 0 0 0 2 0 8 8 8
2 0 0 0 0 0 0 0 0 0 0 2 8 8 8
5 5 5 5 5 5 8 8 8 8 8 8 8 8 8
5 5 5 5 5 5 8 8 8 8 8 8 8 8 8
5 5 5 5 5 5 8 8 8 8 8 8 8 8 8

Example 1:

Input:
0 7 7 0 9
0 7 7 0 9
0 0 0 0 3
0 0 0 0 6
9 9 3 6 6
Output:
0 0 0 0 7 7 7 7 7 7 7 7 0 0 0 0 9 9 9 9
0 0 0 0 7 7 7 7 7 7 7 7 0 0 0 0 9 9 9 9
0 0 0 0 7 7 7 7 7 7 7 7 0 0 0 0 9 9 9 9
0 0 0 0 7 7 7 7 7 7 7 7 0 0 0 0 9 9 9 9
0 0 0 0 7 7 7 7 7 7 7 7 0 0 0 0 9 9 9 9
0 0 0 0 7 7 7 7 7 7 7 7 0 0 0 0 9 9 9 9
0 0 0 0 7 7 7 7 7 7 7 7 0 0 0 0 9 9 9 9
0 0 0 0 7 7 7 7 7 7 7 7 0 0 0 0 9 9 9 9
0 0 0 2 0 0 0 0 0 0 0 0 2 0 0 0 3 3 3 3
0 0 2 0 0 0 0 0 0 0 0 0 0 2 0 0 3 3 3 3
0 2 0 0 0 0 0 0 0 0 0 0 0 0 2 0 3 3 3 3
2 0 0 0 0 0 0 0 0 0 0 0 0 0 0 2 3 3 3 3
0 0 0 0 0 0 0 0 0 0 0 0 0 0 0 0 6 6 6 6
0 0 0 0 0 0 0 0 0 0 0 0 0 0 0 0 6 6 6 6
0 0 0 0 0 0 0 0 0 0 0 0 0 0 0 0 6 6 6 6
0 0 0 0 0 0 0 0 0 0 0 0 0 0 0 0 6 6 6 6
9 9 9 9 9 9 9 9 3 3 3 3 6 6 6 6 6 6 6 6
9 9 9 9 9 9 9 9 3 3 3 3 6 6 6 6 6 6 6 6
9 9 9 9 9 9 9 9 3 3 3 3 6 6 6 6 6 6 6 6
9 9 9 9 9 9 9 9 3 3 3 3 6 6 6 6 6 6 6 6

Example 1:

Input:
0 9 9 0 3
0 9 9 0 3
0 0 0 0 3
0 0 0 0 3
3 3 3 3 1
Output:
0 0 0 9 9 9 9 9 9 0 0 0 3 3 3
0 0 0 9 9 9 9 9 9 0 0 0 3 3 3
0 0 0 9 9 9 9 9 9 0 0 0 3 3 3
0 0 0 9 9 9 9 9 9 0 0 0 3 3 3
0 0 0 9 9 9 9 9 9 0 0 0 3 3 3
0 0 0 9 9 9 9 9 9 0 0 0 3 3 3
0 0 2 0 0 0 0 0 0 2 0 0 3 3 3
0 2 0 0 0 0 0 0 0 0 2 0 3 3 3
2 0 0 0 0 0 0 0 0 0 0 2 3 3 3
0 0 0 0 0 0 0 0 0 0 0 0 3 3 3
0 0 0 0 0 0 0 0 0 0 0 0 3 3 3
0 0 0 0 0 0 0 0 0 0 0 0 3 3 3
3 3 3 3 3 3 3 3 3 3 3 3 1 1 1
3 3 3 3 3 3 3 3 3 3 3 3 1 1 1
3 3 3 3 3 3 3 3 3 3 3 3 1 1 1

Example 1:

Input:
0 0 0 0 5
4 4 0 0 6
4 4 0 0 6
0 0 0 0 1
5 6 6 1 8
Output:
0 0 0 0 0 0 0 0 0 0 0 0 0 0 2 0 0 0 0 0 5 5 5 5 5
0 0 0 0 0 0 0 0 0 0 0 0 0 2 0 0 0 0 0 0 5 5 5 5 5
0 0 0 0 0 0 0 0 0 0 0 0 2 0 0 0 0 0 0 0 5 5 5 5 5
0 0 0 0 0 0 0 0 0 0 0 2 0 0 0 0 0 0 0 0 5 5 5 5 5
0 0 0 0 0 0 0 0 0 0 2 0 0 0 0 0 0 0 0 0 5 5 5 5 5
4 4 4 4 4 4 4 4 4 4 0 0 0 0 0 0 0 0 0 0 6 6 6 6 6
4 4 4 4 4 4 4 4 4 4 0 0 0 0 0 0 0 0 0 0 6 6 6 6 6
4 4 4 4 4 4 4 4 4 4 0 0 0 0 0 0 0 0 0 0 6 6 6 6 6
4 4 4 4 4 4 4 4 4 4 0 0 0 0 0 0 0 0 0 0 6 6 6 6 6
4 4 4 4 4 4 4 4 4 4 0 0 0 0 0 0 0 0 0 0 6 6 6 6 6
4 4 4 4 4 4 4 4 4 4 0 0 0 0 0 0 0 0 0 0 6 6 6 6 6
4 4 4 4 4 4 4 4 4 4 0 0 0 0 0 0 0 0 0 0 6 6 6 6 6
4 4 4 4 4 4 4 4 4 4 0 0 0 0 0 0 0 0 0 0 6 6 6 6 6
4 4 4 4 4 4 4 4 4 4 0 0 0 0 0 0 0 0 0 0 6 6 6 6 6
4 4 4 4 4 4 4 4 4 4 0 0 0 0 0 0 0 0 0 0 6 6 6 6 6
0 0 0 0 0 0 0 0 0 0 2 0 0 0 0 0 0 0 0 0 1 1 1 1 1
0 0 0 0 0 0 0 0 0 0 0 2 0 0 0 0 0 0 0 0 1 1 1 1 1
0 0 0 0 0 0 0 0 0 0 0 0 2 0 0 0 0 0 0 0 1 1 1 1 1
0 0 0 0 0 0 0 0 0 0 0 0 0 2 0 0 0 0 0 0 1 1 1 1 1
0 0 0 0 0 0 0 0 0 0 0 0 0 0 2 0 0 0 0 0 1 1 1 1 1
5 5 5 5 5 6 6 6 6 6 6 6 6 6 6 1 1 1 1 1 8 8 8 8 8
5 5 5 5 5 6 6 6 6 6 6 6 6 6 6 1 1 1 1 1 8 8 8 8 8
5 5 5 5 5 6 6 6 6 6 6 6 6 6 6 1 1 1 1 1 8 8 8 8 8
5 5 5 5 5 6 6 6 6 6 6 6 6 6 6 1 1 1 1 1 8 8 8 8 8
5 5 5 5 5 6 6 6 6 6 6 6 6 6 6 1 1 1 1 1 8 8 8 8 8


Write the **short** Python code in code golf manners that performs the transformation according to the rule in following format: `def p(g): ...`. Note that input and output are passed by 2D arrays.