Find the common rule that maps an input grid to an output grid, given the examples below.

Example 1:

Input:
1 4 0 1 1 0 1 4
1 1 0 1 1 0 1 1
0 0 0 0 0 0 0 0
1 1 0 1 1 0 1 1
2 1 0 1 1 0 2 1
0 0 0 0 0 0 0 0
1 4 0 1 1 0 1 1
1 1 0 1 1 0 1 1
Output:
1 4 0 1 4 0 1 4
1 1 0 1 1 0 1 1
0 0 0 0 0 0 0 0
1 4 0 1 1 0 1 1
2 1 0 2 1 0 2 1
0 0 0 0 0 0 0 0
1 4 0 1 1 0 1 1
1 1 0 1 1 0 1 1

Example 1:

Input:
1 1 0 7 1 0 1 1
1 3 0 1 1 0 1 3
0 0 0 0 0 0 0 0
1 1 0 1 1 0 1 1
1 1 0 1 1 0 1 1
0 0 0 0 0 0 0 0
1 1 0 7 1 0 1 1
1 1 0 1 1 0 1 3
Output:
1 1 0 7 1 0 1 1
1 3 0 1 3 0 1 3
0 0 0 0 0 0 0 0
1 1 0 7 1 0 1 1
1 1 0 1 1 0 1 3
0 0 0 0 0 0 0 0
1 1 0 7 1 0 1 1
1 1 0 1 1 0 1 3

Example 1:

Input:
1 1 0 1 1 0 1 1
1 1 0 1 1 0 1 1
0 0 0 0 0 0 0 0
1 1 0 1 1 0 1 1
3 1 0 1 1 0 3 1
0 0 0 0 0 0 0 0
1 1 0 1 1 0 1 1
1 1 0 1 1 0 1 1
Output:
1 1 0 1 1 0 1 1
1 1 0 1 1 0 1 1
0 0 0 0 0 0 0 0
1 1 0 1 1 0 1 1
3 1 0 3 1 0 3 1
0 0 0 0 0 0 0 0
1 1 0 1 1 0 1 1
1 1 0 1 1 0 1 1

Example 1:

Input:
1 1 0 1 1 0 1 1
1 8 0 1 1 0 1 8
0 0 0 0 0 0 0 0
1 1 0 1 1 0 1 1
1 1 0 1 1 0 1 1
0 0 0 0 0 0 0 0
6 1 0 1 1 0 6 1
1 1 0 1 1 0 1 8
Output:
1 1 0 1 1 0 1 1
1 8 0 1 8 0 1 8
0 0 0 0 0 0 0 0
1 1 0 1 1 0 1 1
1 1 0 1 1 0 1 8
0 0 0 0 0 0 0 0
6 1 0 6 1 0 6 1
1 1 0 1 1 0 1 8

Example 1:

Input:
1 1 0 1 1 0 1 1
6 1 0 1 1 0 1 1
0 0 0 0 0 0 0 0
1 4 0 1 1 0 1 4
1 1 0 1 1 0 1 1
0 0 0 0 0 0 0 0
1 1 0 1 1 0 1 1
1 1 0 1 1 0 1 1
Output:
1 1 0 1 1 0 1 1
6 1 0 1 1 0 1 1
0 0 0 0 0 0 0 0
1 4 0 1 4 0 1 4
1 1 0 1 1 0 1 1
0 0 0 0 0 0 0 0
1 1 0 1 1 0 1 1
1 1 0 1 1 0 1 1

Example 1:

Input:
1 1 0 1 1 0 3 1
1 1 0 1 1 0 1 1
0 0 0 0 0 0 0 0
1 1 0 1 1 0 1 1
1 7 0 1 1 0 1 7
0 0 0 0 0 0 0 0
1 1 0 1 1 0 3 1
1 1 0 1 1 0 1 1
Output:
1 1 0 1 1 0 3 1
1 1 0 1 1 0 1 1
0 0 0 0 0 0 0 0
1 1 0 1 1 0 3 1
1 7 0 1 7 0 1 7
0 0 0 0 0 0 0 0
1 1 0 1 1 0 3 1
1 1 0 1 1 0 1 1

Example 1:

Input:
1 1 0 1 1 0 1 1
1 7 0 1 1 0 1 7
0 0 0 0 0 0 0 0
9 1 0 1 1 0 9 1
1 1 0 1 1 0 1 1
0 0 0 0 0 0 0 0
1 1 0 1 1 0 1 1
1 7 0 1 1 0 1 7
Output:
1 1 0 1 1 0 1 1
1 7 0 1 7 0 1 7
0 0 0 0 0 0 0 0
9 1 0 9 1 0 9 1
1 7 0 1 1 0 1 7
0 0 0 0 0 0 0 0
1 1 0 1 1 0 1 1
1 7 0 1 7 0 1 7

Example 1:

Input:
1 5 0 1 1 0 1 5
1 1 0 1 1 0 4 1
0 0 0 0 0 0 0 0
1 1 0 1 1 0 1 1
1 1 0 1 1 0 1 1
0 0 0 0 0 0 0 0
1 5 0 1 1 0 1 1
1 1 0 1 1 0 1 1
Output:
1 5 0 1 5 0 1 5
1 1 0 1 1 0 4 1
0 0 0 0 0 0 0 0
1 5 0 1 1 0 1 1
1 1 0 1 1 0 1 1
0 0 0 0 0 0 0 0
1 5 0 1 1 0 1 1
1 1 0 1 1 0 1 1


Write Python code that performs the transformation according to the rule in following format: `def p(g): ...`. Note that input and output are passed by 2D arrays.