Find the common rule that maps an input grid to an output grid, given the examples below.

Example 1:

Input:
8 8 8 8 8 8 8 8 8 8 8 8 8 8 8 8 8
8 8 8 8 8 8 8 8 8 8 8 8 8 8 8 8 8
8 8 8 8 8 8 8 8 8 8 8 8 8 8 8 8 8
8 8 8 8 8 8 8 8 8 8 8 8 8 8 8 8 8
8 8 1 1 1 2 1 1 1 8 8 8 8 8 8 8 8
8 8 1 2 1 1 1 2 1 8 8 8 8 8 8 8 8
8 8 8 8 8 8 8 8 8 8 8 8 8 8 8 8 8
8 8 1 1 3 1 8 8 8 8 8 8 8 8 8 8 8
8 8 1 3 1 1 8 8 8 8 1 1 1 2 1 8 8
8 8 1 1 1 1 8 8 8 8 1 2 1 2 1 8 8
8 8 1 3 1 1 8 8 8 8 1 2 1 1 1 8 8
8 8 1 1 3 1 8 8 8 8 8 8 8 8 8 8 8
8 8 8 8 8 8 8 8 8 8 8 8 8 8 8 8 8
8 8 8 8 8 8 8 8 8 8 8 8 8 8 8 8 8
8 8 8 8 8 8 8 8 8 8 8 8 8 8 8 8 8
0 0 0 0 0 0 0 0 0 0 0 0 0 0 0 0 0
0 0 0 0 0 0 0 0 0 0 0 2 0 0 0 0 0
0 0 0 0 0 0 0 0 0 2 0 0 0 2 0 0 0
0 0 0 0 0 0 0 0 0 0 0 0 0 0 0 0 0
0 0 0 0 0 0 0 0 0 0 0 0 0 0 0 0 0
0 0 0 0 0 0 0 0 0 0 0 0 0 0 0 0 0
0 0 0 0 0 0 0 0 0 0 0 0 0 0 0 0 0
0 0 0 0 0 0 0 0 0 0 0 0 0 0 0 0 0
0 0 0 0 0 0 0 0 0 0 0 0 0 0 0 0 0
0 0 0 0 3 0 0 0 0 0 0 0 0 0 0 0 0
0 0 0 3 0 0 0 0 0 0 0 0 0 0 0 0 0
0 0 0 0 0 0 0 0 0 0 0 0 0 0 0 0 0
0 0 0 3 0 0 0 0 0 0 0 0 0 0 0 0 0
0 0 0 0 3 0 0 0 0 0 0 0 0 0 0 0 0
0 0 0 0 0 0 0 0 0 0 0 0 0 0 0 0 0
Output:
0 0 0 0 0 0 0 0 0 0 0 0 0 0 0 0 0
0 0 0 0 0 0 0 0 1 1 1 2 1 1 1 0 0
0 0 0 0 0 0 0 0 1 2 1 1 1 2 1 0 0
0 0 0 0 0 0 0 0 0 0 0 0 0 0 0 0 0
0 0 0 0 0 0 0 0 0 0 0 0 0 0 0 0 0
0 0 0 0 0 0 0 0 0 0 0 0 0 0 0 0 0
0 0 0 0 0 0 0 0 0 0 0 0 0 0 0 0 0
0 0 0 0 0 0 0 0 0 0 0 0 0 0 0 0 0
0 0 0 0 0 0 0 0 0 0 0 0 0 0 0 0 0
0 0 1 1 3 1 0 0 0 0 0 0 0 0 0 0 0
0 0 1 3 1 1 0 0 0 0 0 0 0 0 0 0 0
0 0 1 1 1 1 0 0 0 0 0 0 0 0 0 0 0
0 0 1 3 1 1 0 0 0 0 0 0 0 0 0 0 0
0 0 1 1 3 1 0 0 0 0 0 0 0 0 0 0 0
0 0 0 0 0 0 0 0 0 0 0 0 0 0 0 0 0

Example 1:

Input:
6 6 6 6 6 6 6 6 6 6 1 1 1 1 1 1 1 1 1 1
6 6 6 6 6 6 6 6 6 6 1 1 1 1 1 8 1 8 1 1
6 6 3 3 3 6 6 6 6 6 1 1 1 1 1 1 1 1 1 1
6 6 8 3 8 6 6 6 6 6 1 1 1 1 1 1 1 1 1 1
6 6 3 3 3 6 6 6 6 6 1 1 1 1 1 1 1 1 1 1
6 6 3 3 3 6 6 6 6 6 1 1 1 1 1 1 1 1 1 1
6 6 6 6 6 6 6 6 6 6 1 1 1 1 2 1 1 1 1 1
6 6 6 6 6 6 6 6 6 6 1 1 2 1 1 1 1 1 1 1
6 6 6 6 3 3 3 2 6 6 1 1 1 1 1 1 1 1 1 1
6 6 6 6 3 2 3 3 6 6 1 1 1 1 1 1 1 1 1 1
6 6 6 6 3 3 3 3 6 6 1 1 1 1 1 1 1 1 1 1
Output:
1 1 1 1 1 3 3 3 1 1
1 1 1 1 1 8 3 8 1 1
1 1 1 1 1 3 3 3 1 1
1 1 1 1 1 3 3 3 1 1
1 1 1 1 1 1 1 1 1 1
1 1 1 1 1 1 1 1 1 1
1 3 3 3 2 1 1 1 1 1
1 3 2 3 3 1 1 1 1 1
1 3 3 3 3 1 1 1 1 1
1 1 1 1 1 1 1 1 1 1
1 1 1 1 1 1 1 1 1 1

Example 1:

Input:
4 4 4 4 4 4 4 4 8 8 8 8 8 8 8 8
4 4 4 4 4 4 4 4 8 1 1 1 8 8 8 8
4 4 4 4 2 4 4 4 8 2 1 1 8 8 8 8
4 4 4 4 4 4 4 4 8 1 1 1 8 8 8 8
4 4 4 4 2 4 4 4 8 2 1 1 8 8 8 8
4 4 4 4 4 4 4 4 8 8 8 8 8 8 8 8
4 4 4 4 4 4 4 4 8 8 8 8 8 8 8 8
4 4 4 4 4 4 4 4 8 8 1 1 6 8 8 8
4 4 6 4 4 4 4 4 8 8 1 1 1 8 8 8
4 4 4 4 4 4 4 4 8 8 8 8 8 8 8 8
Output:
4 4 4 4 4 4 4 4
4 4 4 4 1 1 1 4
4 4 4 4 2 1 1 4
4 4 4 4 1 1 1 4
4 4 4 4 2 1 1 4
4 4 4 4 4 4 4 4
4 4 4 4 4 4 4 4
4 4 4 4 4 4 4 4
1 1 6 4 4 4 4 4
1 1 1 4 4 4 4 4

Example 1:

Input:
4 4 4 4 4 4 4 4 4 4 4 4
4 4 4 4 4 4 4 4 4 4 4 4
4 4 4 4 4 4 4 4 4 4 4 4
4 4 4 4 4 4 4 1 4 4 4 4
4 4 4 4 4 4 4 4 1 4 4 4
4 4 4 4 4 4 4 4 4 4 4 4
4 4 4 1 4 4 4 4 4 4 4 4
4 1 4 4 4 4 4 4 4 4 4 4
4 4 4 1 4 4 4 4 4 4 4 4
4 4 4 4 4 4 4 4 4 4 4 4
4 4 4 4 4 4 4 4 4 4 4 4
4 4 4 4 4 4 4 4 4 4 4 4
2 2 2 2 2 2 2 2 2 2 2 2
2 2 2 2 2 2 2 2 2 2 2 2
2 2 2 2 2 2 2 2 2 2 2 2
2 2 2 8 8 8 8 8 2 2 2 2
2 2 2 8 8 8 1 8 2 2 2 2
2 2 2 8 8 8 8 1 2 2 2 2
2 2 2 2 2 2 2 2 2 2 2 2
2 8 8 2 2 2 2 2 2 2 2 2
2 1 8 2 2 2 8 8 1 8 8 2
2 8 8 2 2 2 1 8 8 8 8 2
2 8 8 2 2 2 8 8 1 8 8 2
2 2 2 2 2 2 2 2 2 2 2 2
Output:
4 4 4 4 4 4 4 4 4 4 4 4
4 4 4 4 4 4 4 4 4 4 4 4
4 4 4 4 8 8 8 8 8 4 4 4
4 4 4 4 8 8 8 1 8 4 4 4
4 4 4 4 8 8 8 8 1 4 4 4
4 4 4 4 4 4 4 4 4 4 4 4
4 8 8 1 8 8 4 4 4 4 4 4
4 1 8 8 8 8 4 4 4 4 4 4
4 8 8 1 8 8 4 4 4 4 4 4
4 4 4 4 4 4 4 4 4 4 4 4
4 4 4 4 4 4 4 4 4 4 4 4
4 4 4 4 4 4 4 4 4 4 4 4

Example 1:

Input:
7 7 7 6 6 6 7 7 7 7 7 7 2 2 2 2 2 2 2 2 2 2 2 2
7 7 7 6 6 6 7 7 6 6 6 7 2 2 2 2 2 2 2 2 2 2 2 2
7 7 7 6 6 6 7 7 6 6 6 7 2 2 2 2 2 2 2 2 2 2 2 2
7 7 7 6 6 6 7 7 6 6 6 7 2 2 2 2 2 2 2 2 2 2 2 2
7 7 7 6 3 6 7 7 6 8 6 7 2 2 8 2 2 2 2 2 2 2 2 2
7 7 7 3 6 6 7 7 6 6 6 7 2 2 2 2 2 2 2 2 2 2 2 2
7 7 7 7 7 7 7 7 6 6 6 7 2 2 2 2 2 2 2 2 2 2 2 2
7 7 7 7 7 7 7 7 7 7 7 7 2 2 2 2 2 2 3 2 2 2 2 2
7 7 7 7 7 7 7 7 7 7 7 7 2 2 2 2 2 3 2 2 2 2 2 2
7 7 7 7 7 7 7 7 7 7 7 7 2 2 2 2 2 2 2 2 2 2 2 2
7 7 6 6 3 6 6 7 7 7 7 7 2 2 2 2 2 2 2 2 2 2 2 2
7 7 3 6 6 3 6 7 7 7 7 7 2 2 2 2 2 2 2 2 2 2 2 2
7 7 6 6 6 6 6 7 7 7 7 7 2 2 2 2 2 2 2 2 2 2 2 2
7 7 7 7 7 7 7 7 7 7 7 7 2 2 2 2 2 2 2 2 2 2 2 2
Output:
2 2 2 2 2 2 2 2 2 2 2 2
2 6 6 6 2 2 2 2 2 2 2 2
2 6 6 6 2 2 2 2 2 2 2 2
2 6 6 6 2 6 6 6 2 2 2 2
2 6 8 6 2 6 6 6 2 2 2 2
2 6 6 6 2 6 6 6 2 2 2 2
2 6 6 6 2 6 6 6 2 2 2 2
2 2 2 2 2 6 3 6 2 2 2 2
2 2 2 2 2 3 6 6 2 2 2 2
2 2 2 2 2 2 2 2 2 2 2 2
2 2 2 2 2 2 2 2 2 2 2 2
2 2 2 2 2 2 2 2 2 2 2 2
2 2 2 2 2 2 2 2 2 2 2 2
2 2 2 2 2 2 2 2 2 2 2 2

Example 1:

Input:
8 8 8 8 8 8 8 8 8 8
8 8 8 8 8 8 8 8 8 8
8 8 8 8 8 8 8 8 8 8
8 8 8 8 8 8 8 8 8 8
8 6 6 8 8 8 8 8 8 8
8 6 3 8 8 8 8 8 8 8
8 8 8 8 8 8 8 8 8 8
6 6 6 6 6 4 8 8 8 8
6 6 6 6 6 4 8 8 8 8
8 8 8 8 8 8 8 8 8 8
9 9 9 9 9 9 9 9 9 9
9 9 9 9 9 9 9 9 9 9
9 9 9 9 9 9 9 9 9 9
9 9 9 9 9 9 9 9 9 9
9 9 9 9 9 9 9 9 9 9
9 9 9 9 9 9 9 9 9 9
9 9 9 9 9 9 9 9 9 9
9 9 9 9 9 9 9 9 9 9
9 9 9 9 9 9 3 9 9 9
9 9 9 9 9 9 9 9 9 9
Output:
9 9 9 9 9 9 9 9 9 9
9 9 9 9 9 9 9 9 9 9
9 9 9 9 9 9 9 9 9 9
9 9 9 9 9 9 9 9 9 9
9 9 9 9 9 9 9 9 9 9
9 9 9 9 9 9 9 9 9 9
9 9 9 9 9 9 9 9 9 9
9 9 9 9 9 6 6 9 9 9
9 9 9 9 9 6 3 9 9 9
9 9 9 9 9 9 9 9 9 9

Example 1:

Input:
1 1 1 1 1 1 1 1 1 1 1
1 1 1 1 1 1 1 1 1 1 1
1 1 1 1 1 1 1 1 1 1 1
1 1 1 1 1 1 1 1 1 1 1
1 1 1 1 1 1 1 1 1 1 1
1 1 1 1 1 1 1 1 1 1 1
1 6 1 1 1 1 1 9 9 1 1
1 1 1 1 1 1 1 1 1 1 1
1 1 1 1 1 1 1 1 1 1 1
1 1 1 1 1 1 1 1 1 1 1
0 0 7 9 9 7 0 0 0 0 0
0 0 7 7 7 7 0 0 0 0 0
0 0 7 7 7 7 0 0 0 0 0
0 0 7 7 7 7 0 0 0 7 7
0 0 0 0 0 0 0 0 0 7 7
0 0 0 0 0 0 0 0 0 6 7
0 0 0 0 0 0 0 0 0 7 7
0 0 0 0 0 0 0 0 0 7 7
0 0 0 0 0 0 0 0 0 0 0
0 0 0 0 0 0 0 0 0 0 0
Output:
1 1 1 1 1 1 1 1 1 1 1
1 1 1 1 1 1 1 1 1 1 1
1 1 1 1 1 1 1 1 1 1 1
1 1 1 1 1 1 1 1 1 1 1
1 7 7 1 1 1 1 1 1 1 1
1 7 7 1 1 1 1 1 1 1 1
1 6 7 1 1 1 7 9 9 7 1
1 7 7 1 1 1 7 7 7 7 1
1 7 7 1 1 1 7 7 7 7 1
1 1 1 1 1 1 7 7 7 7 1

Example 1:

Input:
0 0 0 0 0 0 0 0 0 2 0
0 0 0 0 0 0 0 2 0 2 0
0 0 0 0 0 0 0 0 0 0 0
0 0 0 0 0 0 0 0 0 0 0
0 0 0 9 0 9 0 0 0 0 0
0 0 0 0 0 0 0 0 0 0 0
0 0 0 0 0 0 0 0 0 0 0
0 0 0 0 0 0 0 0 0 0 0
0 0 0 0 0 0 0 0 0 0 0
0 0 0 0 0 0 0 0 3 0 0
0 0 0 0 0 0 0 0 0 0 0
0 0 0 0 0 0 0 0 0 0 0
5 5 5 5 5 5 5 5 5 5 5
5 5 5 5 5 7 7 7 7 7 7
5 5 5 5 5 7 7 7 9 7 9
5 5 5 5 5 5 5 5 5 5 5
5 5 5 5 5 5 5 5 5 5 5
5 5 5 5 5 5 5 5 5 5 5
5 5 5 5 5 7 7 2 5 5 5
5 7 7 5 5 2 7 2 5 5 5
5 7 3 5 5 5 5 5 5 5 5
5 7 7 5 5 5 5 5 5 5 5
5 7 7 5 5 5 5 5 5 5 5
5 5 5 5 5 5 5 5 5 5 5
Output:
0 0 0 0 0 0 0 7 7 2 0
0 0 0 0 0 0 0 2 7 2 0
0 0 0 0 0 0 0 0 0 0 0
7 7 7 7 7 7 0 0 0 0 0
7 7 7 9 7 9 0 0 0 0 0
0 0 0 0 0 0 0 0 0 0 0
0 0 0 0 0 0 0 0 0 0 0
0 0 0 0 0 0 0 0 0 0 0
0 0 0 0 0 0 0 7 7 0 0
0 0 0 0 0 0 0 7 3 0 0
0 0 0 0 0 0 0 7 7 0 0
0 0 0 0 0 0 0 7 7 0 0


Write the **short** Python code in code golf manners that performs the transformation according to the rule in following format: `def p(g): ...`. Note that input and output are passed by 2D arrays. Use `val_` as a prefix for all variables except `_`. Avoid line breaks as much as possible.
