Find the common rule that maps an input grid to an output grid, given the examples below.

Example 1:

Input:
4 2 2 5 0 0 0 0 0 0 0 0 0
2 6 2 5 0 1 0 0 0 0 0 0 0
6 4 4 5 0 0 0 0 0 0 0 0 0
0 0 0 5 0 0 0 0 0 0 0 0 0
0 0 0 5 0 0 0 0 1 0 0 0 0
0 0 0 5 0 0 0 0 0 0 0 0 0
0 0 0 5 0 0 0 0 0 0 0 0 0
0 0 0 5 0 0 0 0 1 0 0 0 0
0 0 0 5 0 0 0 0 0 0 0 0 0
Output:
4 2 2 5 4 2 2 0 0 0 0 0 0
2 6 2 5 2 6 2 0 0 0 0 0 0
6 4 4 5 6 4 4 0 0 0 0 0 0
0 0 0 5 0 0 0 4 2 2 0 0 0
0 0 0 5 0 0 0 2 6 2 0 0 0
0 0 0 5 0 0 0 6 4 4 0 0 0
0 0 0 5 0 0 0 4 2 2 0 0 0
0 0 0 5 0 0 0 2 6 2 0 0 0
0 0 0 5 0 0 0 6 4 4 0 0 0

Example 1:

Input:
2 7 3 5 0 0 0 0 0 0 0 0 0
2 3 3 5 0 0 0 0 1 0 0 0 0
3 7 7 5 0 0 0 0 0 0 0 0 0
0 0 0 5 0 0 0 0 0 0 0 0 0
0 0 0 5 0 1 0 0 0 0 0 1 0
0 0 0 5 0 0 0 0 0 0 0 0 0
0 0 0 5 0 0 0 0 0 0 0 0 0
0 0 0 5 0 1 0 0 1 0 0 0 0
0 0 0 5 0 0 0 0 0 0 0 0 0
Output:
2 7 3 5 0 0 0 2 7 3 0 0 0
2 3 3 5 0 0 0 2 3 3 0 0 0
3 7 7 5 0 0 0 3 7 7 0 0 0
0 0 0 5 2 7 3 0 0 0 2 7 3
0 0 0 5 2 3 3 0 0 0 2 3 3
0 0 0 5 3 7 7 0 0 0 3 7 7
0 0 0 5 2 7 3 2 7 3 0 0 0
0 0 0 5 2 3 3 2 3 3 0 0 0
0 0 0 5 3 7 7 3 7 7 0 0 0

Example 1:

Input:
3 8 6 5 0 0 0 0 0 0 0 0 0
9 8 2 5 0 1 0 0 0 0 0 1 0
9 9 9 5 0 0 0 0 0 0 0 0 0
0 0 0 5 0 0 0 0 0 0 0 0 0
0 0 0 5 0 0 0 0 1 0 0 0 0
0 0 0 5 0 0 0 0 0 0 0 0 0
0 0 0 5 0 0 0 0 0 0 0 0 0
0 0 0 5 0 0 0 0 1 0 0 1 0
0 0 0 5 0 0 0 0 0 0 0 0 0
Output:
3 8 6 5 3 8 6 0 0 0 3 8 6
9 8 2 5 9 8 2 0 0 0 9 8 2
9 9 9 5 9 9 9 0 0 0 9 9 9
0 0 0 5 0 0 0 3 8 6 0 0 0
0 0 0 5 0 0 0 9 8 2 0 0 0
0 0 0 5 0 0 0 9 9 9 0 0 0
0 0 0 5 0 0 0 3 8 6 3 8 6
0 0 0 5 0 0 0 9 8 2 9 8 2
0 0 0 5 0 0 0 9 9 9 9 9 9

Example 1:

Input:
3 3 9 5 0 0 0 0 0 0 0 0 0
8 4 4 5 0 0 0 0 1 0 0 1 0
8 9 8 5 0 0 0 0 0 0 0 0 0
0 0 0 5 0 0 0 0 0 0 0 0 0
0 0 0 5 0 1 0 0 0 0 0 1 0
0 0 0 5 0 0 0 0 0 0 0 0 0
0 0 0 5 0 0 0 0 0 0 0 0 0
0 0 0 5 0 1 0 0 1 0 0 0 0
0 0 0 5 0 0 0 0 0 0 0 0 0
Output:
3 3 9 5 0 0 0 3 3 9 3 3 9
8 4 4 5 0 0 0 8 4 4 8 4 4
8 9 8 5 0 0 0 8 9 8 8 9 8
0 0 0 5 3 3 9 0 0 0 3 3 9
0 0 0 5 8 4 4 0 0 0 8 4 4
0 0 0 5 8 9 8 0 0 0 8 9 8
0 0 0 5 3 3 9 3 3 9 0 0 0
0 0 0 5 8 4 4 8 4 4 0 0 0
0 0 0 5 8 9 8 8 9 8 0 0 0

Example 1:

Input:
2 6 3 5 0 0 0 0 0 0 0 0 0
4 8 2 5 0 0 0 0 1 0 0 0 0
3 3 2 5 0 0 0 0 0 0 0 0 0
0 0 0 5 0 0 0 0 0 0 0 0 0
0 0 0 5 0 1 0 0 0 0 0 0 0
0 0 0 5 0 0 0 0 0 0 0 0 0
0 0 0 5 0 0 0 0 0 0 0 0 0
0 0 0 5 0 0 0 0 0 0 0 0 0
0 0 0 5 0 0 0 0 0 0 0 0 0
Output:
2 6 3 5 0 0 0 2 6 3 0 0 0
4 8 2 5 0 0 0 4 8 2 0 0 0
3 3 2 5 0 0 0 3 3 2 0 0 0
0 0 0 5 2 6 3 0 0 0 0 0 0
0 0 0 5 4 8 2 0 0 0 0 0 0
0 0 0 5 3 3 2 0 0 0 0 0 0
0 0 0 5 0 0 0 0 0 0 0 0 0
0 0 0 5 0 0 0 0 0 0 0 0 0
0 0 0 5 0 0 0 0 0 0 0 0 0

Example 1:

Input:
8 4 4 5 0 0 0 0 0 0 0 0 0
8 8 8 5 0 1 0 0 1 0 0 0 0
7 8 8 5 0 0 0 0 0 0 0 0 0
0 0 0 5 0 0 0 0 0 0 0 0 0
0 0 0 5 0 1 0 0 1 0 0 1 0
0 0 0 5 0 0 0 0 0 0 0 0 0
0 0 0 5 0 0 0 0 0 0 0 0 0
0 0 0 5 0 0 0 0 1 0 0 1 0
0 0 0 5 0 0 0 0 0 0 0 0 0
Output:
8 4 4 5 8 4 4 8 4 4 0 0 0
8 8 8 5 8 8 8 8 8 8 0 0 0
7 8 8 5 7 8 8 7 8 8 0 0 0
0 0 0 5 8 4 4 8 4 4 8 4 4
0 0 0 5 8 8 8 8 8 8 8 8 8
0 0 0 5 7 8 8 7 8 8 7 8 8
0 0 0 5 0 0 0 8 4 4 8 4 4
0 0 0 5 0 0 0 8 8 8 8 8 8
0 0 0 5 0 0 0 7 8 8 7 8 8

Example 1:

Input:
8 2 2 5 0 0 0 0 0 0 0 0 0
8 6 2 5 0 0 0 0 0 0 0 0 0
6 2 8 5 0 0 0 0 0 0 0 0 0
0 0 0 5 0 0 0 0 0 0 0 0 0
0 0 0 5 0 0 0 0 1 0 0 1 0
0 0 0 5 0 0 0 0 0 0 0 0 0
0 0 0 5 0 0 0 0 0 0 0 0 0
0 0 0 5 0 0 0 0 0 0 0 1 0
0 0 0 5 0 0 0 0 0 0 0 0 0
Output:
8 2 2 5 0 0 0 0 0 0 0 0 0
8 6 2 5 0 0 0 0 0 0 0 0 0
6 2 8 5 0 0 0 0 0 0 0 0 0
0 0 0 5 0 0 0 8 2 2 8 2 2
0 0 0 5 0 0 0 8 6 2 8 6 2
0 0 0 5 0 0 0 6 2 8 6 2 8
0 0 0 5 0 0 0 0 0 0 8 2 2
0 0 0 5 0 0 0 0 0 0 8 6 2
0 0 0 5 0 0 0 0 0 0 6 2 8

Example 1:

Input:
2 2 3 5 0 0 0 0 0 0 0 0 0
9 3 2 5 0 1 0 0 1 0 0 1 0
2 9 9 5 0 0 0 0 0 0 0 0 0
0 0 0 5 0 0 0 0 0 0 0 0 0
0 0 0 5 0 1 0 0 0 0 0 0 0
0 0 0 5 0 0 0 0 0 0 0 0 0
0 0 0 5 0 0 0 0 0 0 0 0 0
0 0 0 5 0 0 0 0 1 0 0 1 0
0 0 0 5 0 0 0 0 0 0 0 0 0
Output:
2 2 3 5 2 2 3 2 2 3 2 2 3
9 3 2 5 9 3 2 9 3 2 9 3 2
2 9 9 5 2 9 9 2 9 9 2 9 9
0 0 0 5 2 2 3 0 0 0 0 0 0
0 0 0 5 9 3 2 0 0 0 0 0 0
0 0 0 5 2 9 9 0 0 0 0 0 0
0 0 0 5 0 0 0 2 2 3 2 2 3
0 0 0 5 0 0 0 9 3 2 9 3 2
0 0 0 5 0 0 0 2 9 9 2 9 9


Write the **short** Python code in code golf manners that performs the transformation according to the rule in following format: `def p(g): ...`. Note that input and output are passed by 2D arrays. Use `val_` as a prefix for all variables except `_`. Avoid line breaks as much as possible.
