Find the common rule that maps an input grid to an output grid, given the examples below.

Example 1:

Input:
0 0 0 1 0 0 0 5 0 0
0 0 0 0 0 0 0 0 0 0
2 0 0 0 0 2 0 0 0 1
0 0 1 0 0 0 0 0 0 5
0 0 8 0 0 0 0 0 0 0
0 0 0 0 0 0 0 0 0 0
0 4 0 0 0 0 0 0 0 0
0 5 1 0 1 0 0 0 0 0
0 8 1 0 0 0 1 0 3 0
0 0 0 0 0 0 0 3 0 0
Output:
0 0 0 0 0 0 0 0 0 0
0 0 0 0 0 0 0 0 0 0
0 0 0 0 0 0 0 0 0 0
0 0 0 0 0 0 0 0 0 0
0 0 0 0 0 0 0 0 0 0
2 2 2 0 0 0 0 0 0 0
2 4 2 0 0 0 0 0 0 0
2 2 2 0 0 0 0 0 0 0
0 0 0 0 0 0 0 0 0 0
0 0 0 0 0 0 0 0 0 0

Example 1:

Input:
2 7 7 1 0 3 0 0 0 3
0 0 0 9 0 0 0 0 3 7
0 0 0 1 0 0 0 6 0 9
0 0 0 0 0 0 0 1 0 0
9 0 0 0 0 0 0 0 0 0
0 0 0 0 2 0 0 0 3 0
0 5 0 7 3 0 0 0 1 0
4 4 0 0 0 1 0 0 0 5
0 0 0 0 0 0 0 5 3 0
0 0 0 0 4 5 0 0 0 0
Output:
0 0 0 0 0 0 0 0 0 0
0 0 0 0 0 0 2 2 2 0
0 0 0 0 0 0 2 6 2 0
0 0 0 0 0 0 2 2 2 0
0 0 0 0 0 0 0 0 0 0
0 0 0 0 0 0 0 0 0 0
0 0 0 0 0 0 0 0 0 0
0 0 0 0 0 0 0 0 0 0
0 0 0 0 0 0 0 0 0 0
0 0 0 0 0 0 0 0 0 0

Example 1:

Input:
6 0 0 0 8 0 0 0 0 0
0 0 0 0 0 0 0 0 2 8
0 7 0 0 2 0 5 0 2 0
0 9 0 1 0 0 0 0 0 0
0 9 0 0 0 0 0 0 0 1
0 0 0 0 0 6 0 0 0 0
0 1 0 7 0 0 0 0 0 0
0 0 0 0 0 0 0 0 0 0
0 0 0 0 0 0 3 0 0 0
0 0 5 0 0 0 0 0 0 0
Output:
0 0 0 0 0 0 0 0 0 0
0 0 0 0 0 0 0 0 0 0
0 0 0 0 0 0 0 0 0 0
0 0 0 0 0 0 0 0 0 0
0 0 0 0 0 0 0 0 0 0
0 0 0 0 0 0 0 0 0 0
0 0 0 0 0 0 0 0 0 0
0 0 0 0 0 2 2 2 0 0
0 0 0 0 0 2 3 2 0 0
0 0 0 0 0 2 2 2 0 0

Example 1:

Input:
0 0 0 0 2 5 7 0 0 0
0 0 0 5 6 0 2 0 0 0
0 0 0 0 0 0 3 0 0 0
0 0 8 0 3 0 0 0 0 8
7 4 7 7 4 0 0 0 0 4
0 0 0 8 0 0 7 0 0 0
0 0 0 0 0 9 0 4 0 0
5 5 0 3 0 0 6 7 0 7
0 0 3 0 0 0 0 0 0 2
1 0 1 0 0 0 0 0 6 7
Output:
0 0 0 0 0 0 0 0 0 0
0 0 0 0 0 0 0 0 0 0
0 0 0 0 0 0 0 0 0 0
0 0 0 0 0 0 0 0 0 0
0 0 0 0 0 0 0 0 0 0
0 0 0 0 2 2 2 0 0 0
0 0 0 0 2 9 2 0 0 0
0 0 0 0 2 2 2 0 0 0
0 0 0 0 0 0 0 0 0 0
0 0 0 0 0 0 0 0 0 0

Example 1:

Input:
0 3 0 1 0 0 0 0 0 3
0 0 4 5 0 0 3 0 0 0
0 0 0 0 0 0 0 0 0 0
0 0 0 0 0 0 3 0 0 0
0 0 8 0 0 0 0 0 0 0
0 0 0 0 0 0 0 0 1 0
0 3 0 0 0 0 0 1 0 0
0 0 0 0 0 0 0 0 0 0
0 0 0 9 0 4 0 0 5 0
4 9 0 0 0 0 0 0 0 0
Output:
0 0 0 0 0 0 0 0 0 0
0 0 0 0 0 0 0 0 0 0
0 0 0 0 0 0 0 0 0 0
0 2 2 2 0 0 0 0 0 0
0 2 8 2 0 0 0 0 0 0
0 2 2 2 0 0 0 0 0 0
0 0 0 0 0 0 0 0 0 0
0 0 0 0 0 0 0 0 0 0
0 0 0 0 0 0 0 0 0 0
0 0 0 0 0 0 0 0 0 0

Example 1:

Input:
0 0 0 0 0 0 0 8 0 2
0 2 0 0 0 5 0 0 5 0
0 0 0 0 0 0 0 0 0 5
0 0 0 0 0 0 0 0 0 0
5 2 0 0 0 0 4 5 0 0
0 0 0 8 0 8 0 0 0 0
0 0 0 0 8 0 0 0 8 9
0 0 0 0 0 0 5 0 0 0
0 0 0 0 5 0 0 9 6 0
0 0 0 0 0 0 0 4 0 0
Output:
0 0 0 0 0 0 0 0 0 0
0 0 0 0 0 0 0 0 0 0
0 0 0 0 0 0 0 0 0 0
0 0 0 0 0 0 0 0 0 0
0 0 0 0 0 0 0 0 0 0
0 0 0 0 0 0 0 0 0 0
0 0 0 0 0 0 0 0 0 0
0 0 0 0 0 0 0 2 2 2
0 0 0 0 0 0 0 2 6 2
0 0 0 0 0 0 0 2 2 2

Example 1:

Input:
0 4 0 0 0 3 0 0 0 0
0 3 3 3 1 0 0 4 0 0
0 0 0 0 2 6 0 0 0 0
0 0 0 4 0 0 0 8 0 0
0 0 0 0 0 0 6 0 0 2
0 0 0 6 1 0 0 0 0 2
0 0 6 0 0 0 0 6 0 3
0 0 0 0 3 6 0 0 0 0
4 3 0 6 0 0 4 0 0 0
0 4 0 0 0 0 0 0 4 0
Output:
0 0 0 0 0 0 0 0 0 0
0 0 0 0 0 0 0 0 0 0
0 0 0 0 0 0 2 2 2 0
0 0 0 0 0 0 2 8 2 0
0 0 0 0 0 0 2 2 2 0
0 0 0 0 0 0 0 0 0 0
0 0 0 0 0 0 0 0 0 0
0 0 0 0 0 0 0 0 0 0
0 0 0 0 0 0 0 0 0 0
0 0 0 0 0 0 0 0 0 0

Example 1:

Input:
0 0 0 0 1 0 0 0 0 1
2 0 0 0 0 0 0 9 0 8
0 0 0 0 0 0 0 0 5 2
1 0 0 0 8 0 0 0 0 0
6 0 0 9 0 3 5 0 0 0
0 0 0 7 0 0 0 2 0 7
0 0 0 0 0 0 7 0 9 0
0 0 0 0 0 5 8 0 6 2
1 0 6 2 0 0 0 0 0 0
0 0 9 0 0 1 8 9 1 0
Output:
0 0 0 0 0 0 0 0 0 0
0 0 0 0 0 0 0 0 0 0
0 0 0 0 0 0 0 0 0 0
0 0 0 0 2 2 2 0 0 0
0 0 0 0 2 3 2 0 0 0
0 0 0 0 2 2 2 0 0 0
0 0 0 0 0 0 0 0 0 0
0 0 0 0 0 0 0 0 0 0
0 0 0 0 0 0 0 0 0 0
0 0 0 0 0 0 0 0 0 0


Write Python code that performs the transformation according to the rule in following format: `def p(g): ...`. Note that input and output are passed by 2D arrays.