Find the common rule that maps an input grid to an output grid, given the examples below.

Example 1:

Input:
1 0 0 0 0 1 1 0 0 0 0 0 0 1 0 0 0 1
1 1 2 1 1 1 1 1 1 0 0 1 0 1 1 1 0 0
1 1 1 2 1 2 2 2 2 0 1 1 1 0 0 1 1 0
1 0 2 1 2 2 2 2 2 0 1 0 0 0 1 1 1 1
0 1 1 1 0 0 1 1 1 0 0 0 1 0 1 1 0 0
1 0 1 0 0 1 1 0 0 0 1 1 1 1 0 0 0 0
1 0 1 0 0 0 1 0 1 0 0 0 0 0 1 1 0 1
0 0 0 1 0 0 1 0 0 0 1 0 0 0 1 2 1 0
0 1 0 1 1 0 0 0 0 1 0 0 0 0 2 2 1 1
0 0 0 0 0 1 0 0 0 0 0 0 0 0 1 1 0 0
0 1 1 0 1 1 2 1 2 1 2 1 0 1 0 0 0 0
0 0 0 0 0 0 1 1 1 1 1 0 0 1 1 0 0 1
0 0 0 0 0 1 1 2 1 2 2 0 0 1 0 1 1 1
0 1 0 0 0 0 0 0 1 1 0 1 0 1 1 1 0 0
0 0 1 0 0 0 1 0 0 1 0 0 0 0 0 1 1 0
0 0 0 0 0 0 1 1 1 0 1 0 1 0 0 1 1 1
1 0 0 1 0 0 1 1 1 0 1 1 0 0 0 0 0 1
Output:
1 0 0 0 0 1 1 0 0 0 0 0 0 1 0 0 0 1
1 1 2 4 4 4 4 4 4 0 0 1 0 1 1 1 0 0
1 1 4 2 4 2 2 2 2 0 1 1 1 0 0 1 1 0
1 0 2 4 2 2 2 2 2 0 1 0 0 0 1 1 1 1
0 1 1 1 0 0 1 1 1 0 0 0 1 0 1 1 0 0
1 0 1 0 0 1 1 0 0 0 1 1 1 1 0 0 0 0
1 0 1 0 0 0 1 0 1 0 0 0 0 0 1 1 0 1
0 0 0 1 0 0 1 0 0 0 1 0 0 0 4 2 1 0
0 1 0 1 1 0 0 0 0 1 0 0 0 0 2 2 1 1
0 0 0 0 0 1 0 0 0 0 0 0 0 0 1 1 0 0
0 1 1 0 1 1 2 4 2 4 2 1 0 1 0 0 0 0
0 0 0 0 0 0 4 4 4 4 4 0 0 1 1 0 0 1
0 0 0 0 0 1 4 2 4 2 2 0 0 1 0 1 1 1
0 1 0 0 0 0 0 0 1 1 0 1 0 1 1 1 0 0
0 0 1 0 0 0 1 0 0 1 0 0 0 0 0 1 1 0
0 0 0 0 0 0 1 1 1 0 1 0 1 0 0 1 1 1
1 0 0 1 0 0 1 1 1 0 1 1 0 0 0 0 0 1

Example 1:

Input:
8 0 0 0 0 8 0 0 8 8 8 8 8 0 0 0
0 8 0 0 0 0 0 0 0 8 0 8 0 8 0 0
0 0 8 8 8 0 8 8 8 8 8 8 0 8 0 8
0 0 8 0 8 0 0 0 0 8 0 8 8 2 8 0
0 0 2 8 2 2 2 8 0 0 0 2 8 2 8 0
8 0 2 8 2 8 8 8 0 0 0 8 0 0 8 8
8 0 0 8 8 0 8 8 8 8 0 8 8 0 0 0
8 0 8 0 8 0 8 0 8 8 0 8 8 8 0 8
8 0 0 0 8 0 0 0 0 0 0 0 0 0 0 0
8 0 8 8 2 8 8 8 0 8 0 0 0 8 8 8
8 0 2 8 8 2 8 8 0 8 0 0 8 8 0 8
0 8 0 0 0 8 8 0 0 2 8 8 0 8 8 8
8 0 0 8 8 8 8 0 0 2 8 2 0 0 0 8
0 8 8 0 8 8 8 0 0 0 8 0 8 8 8 8
8 8 8 0 8 0 8 0 0 0 8 8 8 8 8 8
Output:
8 0 0 0 0 8 0 0 8 8 8 8 8 0 0 0
0 8 0 0 0 0 0 0 0 8 0 8 0 8 0 0
0 0 8 8 8 0 8 8 8 8 8 8 0 8 0 8
0 0 8 0 8 0 0 0 0 8 0 4 4 2 8 0
0 0 2 4 2 2 2 8 0 0 0 2 4 2 8 0
8 0 2 4 2 4 4 8 0 0 0 8 0 0 8 8
8 0 0 8 8 0 8 8 8 8 0 8 8 0 0 0
8 0 8 0 8 0 8 0 8 8 0 8 8 8 0 8
8 0 0 0 8 0 0 0 0 0 0 0 0 0 0 0
8 0 4 4 2 4 8 8 0 8 0 0 0 8 8 8
8 0 2 4 4 2 8 8 0 8 0 0 8 8 0 8
0 8 0 0 0 8 8 0 0 2 4 4 0 8 8 8
8 0 0 8 8 8 8 0 0 2 4 2 0 0 0 8
0 8 8 0 8 8 8 0 0 0 8 0 8 8 8 8
8 8 8 0 8 0 8 0 0 0 8 8 8 8 8 8

Example 1:

Input:
3 3 0 0 0 0 0 3 0 3 3 0 0 0
0 0 3 0 0 3 3 0 3 0 0 0 3 0
0 0 3 3 0 0 0 3 3 3 0 0 0 0
3 0 0 0 0 0 0 3 3 3 0 0 3 3
0 0 0 2 2 2 2 3 0 0 0 3 0 3
0 3 3 2 2 3 3 2 0 0 0 3 3 0
0 3 0 2 2 2 3 2 0 0 3 0 0 0
0 0 0 0 0 3 3 0 3 0 0 0 0 3
0 0 3 3 0 3 3 0 3 3 0 0 3 3
3 3 3 2 0 3 3 0 0 0 3 0 3 0
0 3 2 3 0 0 0 3 3 0 0 0 3 0
0 3 3 0 3 3 0 0 3 3 0 3 0 3
0 0 3 0 3 3 0 0 3 0 3 3 0 3
0 3 3 0 3 0 3 0 3 0 0 0 0 0
3 0 0 3 0 0 0 0 0 3 3 0 3 3
Output:
3 3 0 0 0 0 0 3 0 3 3 0 0 0
0 0 3 0 0 3 3 0 3 0 0 0 3 0
0 0 3 3 0 0 0 3 3 3 0 0 0 0
3 0 0 0 0 0 0 3 3 3 0 0 3 3
0 0 0 2 2 2 2 4 0 0 0 3 0 3
0 3 3 2 2 4 4 2 0 0 0 3 3 0
0 3 0 2 2 2 4 2 0 0 3 0 0 0
0 0 0 0 0 3 3 0 3 0 0 0 0 3
0 0 3 3 0 3 3 0 3 3 0 0 3 3
3 3 4 2 0 3 3 0 0 0 3 0 3 0
0 3 2 4 0 0 0 3 3 0 0 0 3 0
0 3 3 0 3 3 0 0 3 3 0 3 0 3
0 0 3 0 3 3 0 0 3 0 3 3 0 3
0 3 3 0 3 0 3 0 3 0 0 0 0 0
3 0 0 3 0 0 0 0 0 3 3 0 3 3

Example 1:

Input:
0 0 0 9 9 9 0 0 9 9 0 0 0 0 0 0 9 0
9 2 9 2 2 9 0 0 0 9 0 0 9 0 0 0 0 0
0 2 2 9 9 2 0 0 9 9 9 0 0 9 0 0 9 0
0 0 0 0 0 0 0 0 0 9 9 9 9 9 9 0 9 0
0 9 9 0 0 0 9 0 9 9 0 9 0 0 9 9 9 9
9 9 9 9 0 9 2 9 2 2 9 0 0 9 0 0 0 0
0 0 0 0 0 9 2 2 2 2 9 0 9 9 0 0 0 0
9 0 9 9 0 9 0 0 9 0 9 9 0 9 9 9 0 9
0 0 0 9 0 0 0 9 9 9 9 9 0 9 0 0 0 0
9 9 0 9 0 9 0 9 9 0 0 9 9 0 0 0 0 9
0 9 9 0 9 0 9 2 9 0 0 9 0 0 9 9 9 9
0 9 9 0 0 9 2 9 9 9 0 0 0 9 9 9 0 9
9 0 9 9 0 9 9 9 0 0 9 0 0 0 9 9 9 0
9 9 9 9 9 9 0 0 0 0 9 2 2 9 2 2 9 0
0 9 9 9 9 9 9 0 9 0 0 2 9 2 9 9 2 9
0 9 0 9 0 0 9 9 0 9 0 2 2 9 2 2 9 0
9 0 0 0 0 0 0 0 0 0 0 0 9 0 9 9 9 0
Output:
0 0 0 9 9 9 0 0 9 9 0 0 0 0 0 0 9 0
9 2 4 2 2 4 0 0 0 9 0 0 9 0 0 0 0 0
0 2 2 4 4 2 0 0 9 9 9 0 0 9 0 0 9 0
0 0 0 0 0 0 0 0 0 9 9 9 9 9 9 0 9 0
0 9 9 0 0 0 9 0 9 9 0 9 0 0 9 9 9 9
9 9 9 9 0 9 2 4 2 2 9 0 0 9 0 0 0 0
0 0 0 0 0 9 2 2 2 2 9 0 9 9 0 0 0 0
9 0 9 9 0 9 0 0 9 0 9 9 0 9 9 9 0 9
0 0 0 9 0 0 0 9 9 9 9 9 0 9 0 0 0 0
9 9 0 9 0 9 0 9 9 0 0 9 9 0 0 0 0 9
0 9 9 0 9 0 4 2 9 0 0 9 0 0 9 9 9 9
0 9 9 0 0 9 2 4 9 9 0 0 0 9 9 9 0 9
9 0 9 9 0 9 9 9 0 0 9 0 0 0 9 9 9 0
9 9 9 9 9 9 0 0 0 0 9 2 2 4 2 2 4 0
0 9 9 9 9 9 9 0 9 0 0 2 4 2 4 4 2 9
0 9 0 9 0 0 9 9 0 9 0 2 2 4 2 2 4 0
9 0 0 0 0 0 0 0 0 0 0 0 9 0 9 9 9 0

Example 1:

Input:
0 0 0 1 1 1 1 1 1 1 1 1 0 0 1 0 0 1 1 0
0 1 1 0 1 1 1 1 0 1 1 0 1 2 2 1 2 1 0 0
0 0 1 1 0 1 0 1 1 0 1 1 2 1 2 2 1 1 1 0
0 0 0 1 0 0 0 0 0 1 0 0 0 1 1 0 1 1 1 1
0 0 0 1 0 1 1 0 0 0 1 1 0 0 0 1 1 1 0 0
1 1 0 1 0 1 0 0 0 0 1 0 0 0 1 0 1 0 0 1
0 1 1 0 1 1 0 1 0 0 1 1 1 1 0 0 0 1 1 0
0 0 1 0 0 0 0 0 1 1 1 0 0 0 1 0 0 0 1 1
0 0 0 1 0 0 0 0 0 0 0 1 0 1 0 1 0 0 0 1
1 0 0 1 1 1 1 0 0 0 0 1 0 0 1 1 1 1 0 0
1 1 1 1 0 1 1 1 0 0 0 2 2 2 1 0 1 0 0 1
1 1 0 1 0 1 1 1 1 1 0 2 1 2 1 1 0 1 0 1
1 0 1 1 0 1 0 0 1 1 1 1 1 1 2 0 1 0 1 0
0 0 1 1 0 1 0 1 1 1 0 0 1 1 1 0 1 1 1 1
1 1 1 1 0 0 1 0 0 0 1 1 0 0 1 0 1 0 1 0
0 0 0 1 1 1 1 2 1 2 0 0 1 0 1 0 0 0 1 1
0 0 0 0 0 2 2 1 2 1 0 0 0 1 0 0 0 1 0 1
1 0 0 1 1 0 0 0 1 0 0 1 0 1 1 1 1 1 1 0
0 1 0 1 0 0 1 0 1 1 0 1 1 1 0 0 0 0 1 1
Output:
0 0 0 1 1 1 1 1 1 1 1 1 0 0 1 0 0 1 1 0
0 1 1 0 1 1 1 1 0 1 1 0 4 2 2 4 2 1 0 0
0 0 1 1 0 1 0 1 1 0 1 1 2 4 2 2 4 1 1 0
0 0 0 1 0 0 0 0 0 1 0 0 0 1 1 0 1 1 1 1
0 0 0 1 0 1 1 0 0 0 1 1 0 0 0 1 1 1 0 0
1 1 0 1 0 1 0 0 0 0 1 0 0 0 1 0 1 0 0 1
0 1 1 0 1 1 0 1 0 0 1 1 1 1 0 0 0 1 1 0
0 0 1 0 0 0 0 0 1 1 1 0 0 0 1 0 0 0 1 1
0 0 0 1 0 0 0 0 0 0 0 1 0 1 0 1 0 0 0 1
1 0 0 1 1 1 1 0 0 0 0 1 0 0 1 1 1 1 0 0
1 1 1 1 0 1 1 1 0 0 0 2 2 2 4 0 1 0 0 1
1 1 0 1 0 1 1 1 1 1 0 2 4 2 4 1 0 1 0 1
1 0 1 1 0 1 0 0 1 1 1 4 4 4 2 0 1 0 1 0
0 0 1 1 0 1 0 1 1 1 0 0 1 1 1 0 1 1 1 1
1 1 1 1 0 0 1 0 0 0 1 1 0 0 1 0 1 0 1 0
0 0 0 1 1 4 4 2 4 2 0 0 1 0 1 0 0 0 1 1
0 0 0 0 0 2 2 4 2 4 0 0 0 1 0 0 0 1 0 1
1 0 0 1 1 0 0 0 1 0 0 1 0 1 1 1 1 1 1 0
0 1 0 1 0 0 1 0 1 1 0 1 1 1 0 0 0 0 1 1

Example 1:

Input:
0 2 2 2 2 2 5 0 0 0 5 0 5 5 5 5
5 5 2 5 5 5 5 0 5 5 0 0 0 5 0 5
5 0 0 5 0 5 5 5 0 0 0 5 0 0 0 5
0 0 0 0 0 0 0 0 0 0 0 0 0 5 5 0
0 5 0 0 0 0 0 5 5 0 0 0 0 0 5 5
0 5 5 0 0 0 0 5 5 0 5 0 5 5 0 5
5 5 0 5 0 0 5 0 5 5 0 0 0 0 5 5
0 5 0 5 5 0 0 0 5 5 5 0 5 0 5 5
0 0 0 0 0 0 0 5 5 0 0 5 5 5 5 0
0 0 5 5 0 5 0 5 5 0 2 2 2 5 5 0
5 0 5 5 0 5 0 5 0 5 5 2 2 5 0 5
0 0 5 0 0 5 0 5 0 5 2 2 5 0 5 5
0 0 5 5 5 5 2 2 5 5 0 5 0 0 5 5
5 5 5 5 5 0 2 2 5 5 0 5 0 0 5 0
5 0 0 0 0 0 5 2 5 5 5 5 5 0 0 5
Output:
0 2 2 2 2 2 5 0 0 0 5 0 5 5 5 5
5 4 2 4 4 4 5 0 5 5 0 0 0 5 0 5
5 0 0 5 0 5 5 5 0 0 0 5 0 0 0 5
0 0 0 0 0 0 0 0 0 0 0 0 0 5 5 0
0 5 0 0 0 0 0 5 5 0 0 0 0 0 5 5
0 5 5 0 0 0 0 5 5 0 5 0 5 5 0 5
5 5 0 5 0 0 5 0 5 5 0 0 0 0 5 5
0 5 0 5 5 0 0 0 5 5 5 0 5 0 5 5
0 0 0 0 0 0 0 5 5 0 0 5 5 5 5 0
0 0 5 5 0 5 0 5 5 0 2 2 2 5 5 0
5 0 5 5 0 5 0 5 0 5 4 2 2 5 0 5
0 0 5 0 0 5 0 5 0 5 2 2 4 0 5 5
0 0 5 5 5 5 2 2 5 5 0 5 0 0 5 5
5 5 5 5 5 0 2 2 5 5 0 5 0 0 5 0
5 0 0 0 0 0 4 2 5 5 5 5 5 0 0 5

Example 1:

Input:
6 6 6 0 6 6 0 6 0 6 0 6 6 0
0 0 6 6 0 6 6 6 6 6 0 6 0 6
0 0 0 0 6 6 0 6 0 6 2 2 6 6
0 0 0 0 6 6 6 6 0 2 6 6 2 0
6 6 6 0 0 0 0 0 6 0 6 6 6 6
6 2 6 2 2 6 6 0 6 0 6 6 0 6
2 2 2 6 2 6 2 6 0 0 0 6 0 0
2 6 2 6 6 2 2 6 6 6 0 6 6 6
6 0 6 6 0 6 0 0 6 6 0 6 6 6
6 0 0 6 0 0 0 0 6 0 0 6 0 0
0 6 2 6 6 0 6 6 6 2 2 2 6 6
0 2 2 6 0 0 6 6 2 6 2 2 6 0
6 0 0 6 6 6 2 2 6 2 6 6 6 6
0 6 6 6 0 0 6 0 6 6 0 0 0 6
0 6 0 0 0 0 0 0 6 6 6 0 6 0
Output:
6 6 6 0 6 6 0 6 0 6 0 6 6 0
0 0 6 6 0 6 6 6 6 6 0 6 0 6
0 0 0 0 6 6 0 6 0 4 2 2 4 6
0 0 0 0 6 6 6 6 0 2 4 4 2 0
6 6 6 0 0 0 0 0 6 0 6 6 6 6
4 2 4 2 2 4 4 0 6 0 6 6 0 6
2 2 2 4 2 4 2 6 0 0 0 6 0 0
2 4 2 4 4 2 2 6 6 6 0 6 6 6
6 0 6 6 0 6 0 0 6 6 0 6 6 6
6 0 0 6 0 0 0 0 6 0 0 6 0 0
0 4 2 6 6 0 4 4 4 2 2 2 6 6
0 2 2 6 0 0 4 4 2 4 2 2 6 0
6 0 0 6 6 6 2 2 4 2 4 4 6 6
0 6 6 6 0 0 6 0 6 6 0 0 0 6
0 6 0 0 0 0 0 0 6 6 6 0 6 0

Example 1:

Input:
0 9 9 9 9 9 2 2 2 2 2 9 0 9 9 9
9 0 2 2 0 0 2 2 9 9 9 0 9 0 9 9
9 0 2 9 0 9 9 2 9 2 9 0 9 9 0 0
0 0 2 2 0 0 9 0 9 9 0 9 9 9 9 0
0 0 0 9 9 9 0 9 9 0 0 0 9 0 0 0
9 9 9 0 9 0 9 9 0 0 0 0 9 9 0 9
9 9 0 9 0 9 0 9 0 9 9 9 9 0 0 0
9 9 0 0 9 0 0 0 0 9 9 0 9 9 0 0
9 0 9 9 0 2 9 2 9 0 0 9 9 9 0 0
0 0 0 9 0 9 2 2 0 9 9 9 9 0 9 0
0 0 9 9 9 9 0 9 0 0 0 9 0 9 9 0
0 0 0 9 9 9 9 9 9 9 0 0 0 0 9 9
9 0 0 0 0 9 9 9 9 9 9 2 0 9 9 9
0 0 9 0 0 0 2 9 2 2 2 2 9 0 0 9
9 0 9 0 0 9 2 2 9 9 9 9 0 0 9 9
9 0 0 0 0 9 9 0 0 9 0 0 0 9 0 9
9 9 0 0 9 0 9 0 0 0 9 0 9 9 0 0
Output:
0 9 9 9 9 9 2 2 2 2 2 9 0 9 9 9
9 0 2 2 0 0 2 2 4 4 4 0 9 0 9 9
9 0 2 4 0 9 4 2 4 2 4 0 9 9 0 0
0 0 2 2 0 0 9 0 9 9 0 9 9 9 9 0
0 0 0 9 9 9 0 9 9 0 0 0 9 0 0 0
9 9 9 0 9 0 9 9 0 0 0 0 9 9 0 9
9 9 0 9 0 9 0 9 0 9 9 9 9 0 0 0
9 9 0 0 9 0 0 0 0 9 9 0 9 9 0 0
9 0 9 9 0 2 4 2 9 0 0 9 9 9 0 0
0 0 0 9 0 4 2 2 0 9 9 9 9 0 9 0
0 0 9 9 9 9 0 9 0 0 0 9 0 9 9 0
0 0 0 9 9 9 9 9 9 9 0 0 0 0 9 9
9 0 0 0 0 9 4 4 4 4 4 2 0 9 9 9
0 0 9 0 0 0 2 4 2 2 2 2 9 0 0 9
9 0 9 0 0 9 2 2 4 4 4 4 0 0 9 9
9 0 0 0 0 9 9 0 0 9 0 0 0 9 0 9
9 9 0 0 9 0 9 0 0 0 9 0 9 9 0 0


Write the **short** Python code in code golf manners that performs the transformation according to the rule in following format: `def p(g): ...`. Note that input and output are passed by 2D arrays.