Find the common rule that maps an input grid to an output grid, given the examples below.

Example 1:

Input:
2 0 4 0 8 0
0 3 0 8 8 8
0 0 0 0 8 0
Output:
0 2 0 0 0 0 0 4 0
2 2 2 0 0 0 4 4 4
0 2 0 0 0 0 0 4 0
0 0 0 0 3 0 0 0 0
0 0 0 3 3 3 0 0 0
0 0 0 0 3 0 0 0 0
0 0 0 0 0 0 0 0 0
0 0 0 0 0 0 0 0 0
0 0 0 0 0 0 0 0 0

Example 1:

Input:
0 0 8 0 4 0
8 0 0 1 2 4
8 8 0 0 1 0
Output:
0 0 0 0 0 4 0 0 0
0 0 0 4 0 0 0 0 0
0 0 0 4 4 0 0 0 0
0 0 1 0 0 2 0 0 4
1 0 0 2 0 0 4 0 0
1 1 0 2 2 0 4 4 0
0 0 0 0 0 1 0 0 0
0 0 0 1 0 0 0 0 0
0 0 0 1 1 0 0 0 0

Example 1:

Input:
2 0 0 4 0 0 8 0
0 2 4 0 8 8 8 8
0 4 2 0 0 0 8 0
4 0 0 2 0 0 8 0
Output:
0 0 2 0 0 0 0 0 0 0 0 0 0 0 4 0
2 2 2 2 0 0 0 0 0 0 0 0 4 4 4 4
0 0 2 0 0 0 0 0 0 0 0 0 0 0 4 0
0 0 2 0 0 0 0 0 0 0 0 0 0 0 4 0
0 0 0 0 0 0 2 0 0 0 4 0 0 0 0 0
0 0 0 0 2 2 2 2 4 4 4 4 0 0 0 0
0 0 0 0 0 0 2 0 0 0 4 0 0 0 0 0
0 0 0 0 0 0 2 0 0 0 4 0 0 0 0 0
0 0 0 0 0 0 4 0 0 0 2 0 0 0 0 0
0 0 0 0 4 4 4 4 2 2 2 2 0 0 0 0
0 0 0 0 0 0 4 0 0 0 2 0 0 0 0 0
0 0 0 0 0 0 4 0 0 0 2 0 0 0 0 0
0 0 4 0 0 0 0 0 0 0 0 0 0 0 2 0
4 4 4 4 0 0 0 0 0 0 0 0 2 2 2 2
0 0 4 0 0 0 0 0 0 0 0 0 0 0 2 0
0 0 4 0 0 0 0 0 0 0 0 0 0 0 2 0

Example 1:

Input:
3 0 0 1
0 2 2 0
0 2 2 0
3 0 0 3
0 8 8 0
8 8 8 8
8 0 0 8
8 8 8 8
Output:
0 3 3 0 0 0 0 0 0 0 0 0 0 1 1 0
3 3 3 3 0 0 0 0 0 0 0 0 1 1 1 1
3 0 0 3 0 0 0 0 0 0 0 0 1 0 0 1
3 3 3 3 0 0 0 0 0 0 0 0 1 1 1 1
0 0 0 0 0 2 2 0 0 2 2 0 0 0 0 0
0 0 0 0 2 2 2 2 2 2 2 2 0 0 0 0
0 0 0 0 2 0 0 2 2 0 0 2 0 0 0 0
0 0 0 0 2 2 2 2 2 2 2 2 0 0 0 0
0 0 0 0 0 2 2 0 0 2 2 0 0 0 0 0
0 0 0 0 2 2 2 2 2 2 2 2 0 0 0 0
0 0 0 0 2 0 0 2 2 0 0 2 0 0 0 0
0 0 0 0 2 2 2 2 2 2 2 2 0 0 0 0
0 3 3 0 0 0 0 0 0 0 0 0 0 3 3 0
3 3 3 3 0 0 0 0 0 0 0 0 3 3 3 3
3 0 0 3 0 0 0 0 0 0 0 0 3 0 0 3
3 3 3 3 0 0 0 0 0 0 0 0 3 3 3 3

Example 1:

Input:
8 8 0
0 8 8
8 8 0
4 1 0
1 0 0
1 0 0
Output:
4 4 0 1 1 0 0 0 0
0 4 4 0 1 1 0 0 0
4 4 0 1 1 0 0 0 0
1 1 0 0 0 0 0 0 0
0 1 1 0 0 0 0 0 0
1 1 0 0 0 0 0 0 0
1 1 0 0 0 0 0 0 0
0 1 1 0 0 0 0 0 0
1 1 0 0 0 0 0 0 0

Example 1:

Input:
8 8 0 0 0 0
8 0 8 3 0 0
0 8 0 4 4 0
Output:
0 0 0 0 0 0 0 0 0
0 0 0 0 0 0 0 0 0
0 0 0 0 0 0 0 0 0
3 3 0 0 0 0 0 0 0
3 0 3 0 0 0 0 0 0
0 3 0 0 0 0 0 0 0
4 4 0 4 4 0 0 0 0
4 0 4 4 0 4 0 0 0
0 4 0 0 4 0 0 0 0

Example 1:

Input:
0 0 0
8 8 0
0 0 8
0 0 3
0 2 2
0 0 0
Output:
0 0 0 0 0 0 0 0 0
0 0 0 0 0 0 3 3 0
0 0 0 0 0 0 0 0 3
0 0 0 0 0 0 0 0 0
0 0 0 2 2 0 2 2 0
0 0 0 0 0 2 0 0 2
0 0 0 0 0 0 0 0 0
0 0 0 0 0 0 0 0 0
0 0 0 0 0 0 0 0 0

Example 1:

Input:
4 0 3 3
3 0 2 2
0 4 0 0
0 4 2 2
8 0 0 0
8 0 0 8
8 0 8 8
0 8 0 0
Output:
4 0 0 0 0 0 0 0 3 0 0 0 3 0 0 0
4 0 0 4 0 0 0 0 3 0 0 3 3 0 0 3
4 0 4 4 0 0 0 0 3 0 3 3 3 0 3 3
0 4 0 0 0 0 0 0 0 3 0 0 0 3 0 0
3 0 0 0 0 0 0 0 2 0 0 0 2 0 0 0
3 0 0 3 0 0 0 0 2 0 0 2 2 0 0 2
3 0 3 3 0 0 0 0 2 0 2 2 2 0 2 2
0 3 0 0 0 0 0 0 0 2 0 0 0 2 0 0
0 0 0 0 4 0 0 0 0 0 0 0 0 0 0 0
0 0 0 0 4 0 0 4 0 0 0 0 0 0 0 0
0 0 0 0 4 0 4 4 0 0 0 0 0 0 0 0
0 0 0 0 0 4 0 0 0 0 0 0 0 0 0 0
0 0 0 0 4 0 0 0 2 0 0 0 2 0 0 0
0 0 0 0 4 0 0 4 2 0 0 2 2 0 0 2
0 0 0 0 4 0 4 4 2 0 2 2 2 0 2 2
0 0 0 0 0 4 0 0 0 2 0 0 0 2 0 0


Write Python code that performs the transformation according to the rule in following format: `def p(g): ...`. Note that input and output are passed by 2D arrays.