Find the common rule that maps an input grid to an output grid, given the examples below.

Example 1:

Input:
0 0 0 0 0 0 0 0 0 0 0 0 0 0 0 0 0 0 0 0 0
0 1 1 1 1 1 0 0 0 0 0 1 1 1 1 1 0 0 0 0 0
0 1 1 1 1 1 0 0 0 0 0 1 1 1 1 1 0 0 0 0 0
0 1 1 1 1 1 0 0 0 0 0 1 1 1 1 1 0 0 0 0 0
0 1 1 1 1 1 0 0 0 0 0 1 1 1 1 1 0 0 0 0 0
0 1 1 1 1 1 0 0 0 0 0 1 1 1 1 1 0 0 0 0 0
0 0 0 0 0 0 1 1 1 1 1 0 0 0 0 0 0 0 0 0 0
0 0 0 0 0 0 1 1 1 1 1 0 0 0 0 0 0 0 0 0 0
0 0 0 0 0 0 1 1 1 1 1 0 0 0 0 0 0 0 0 0 0
0 0 0 0 0 0 1 1 1 1 1 0 0 0 0 0 0 0 0 0 0
0 0 0 0 0 0 1 1 1 1 1 0 0 0 0 0 0 0 0 0 0
0 1 1 1 1 1 0 0 0 0 0 1 1 1 1 1 0 0 0 0 0
0 1 1 1 1 1 0 0 0 0 0 1 1 1 1 1 0 0 0 0 0
0 1 1 1 1 1 0 0 0 0 0 1 1 1 1 1 0 0 0 0 0
0 1 1 1 1 1 0 0 0 0 0 1 1 1 1 1 0 0 0 0 0
0 1 1 1 1 1 0 0 0 0 0 1 1 1 1 1 0 0 0 0 0
0 0 0 0 0 0 0 0 0 0 0 0 0 0 0 0 0 0 0 0 0
0 0 0 0 0 0 0 0 0 0 0 0 0 0 0 0 0 0 0 0 0
0 0 0 0 0 0 0 0 0 0 0 0 0 0 0 0 0 0 0 0 0
0 0 0 0 0 0 0 3 1 7 0 0 0 0 0 0 0 0 0 0 0
0 0 0 0 0 0 0 2 8 9 0 0 0 0 0 0 0 0 0 0 0
0 0 0 0 0 0 0 3 4 6 0 0 0 0 0 0 0 0 0 0 0
0 0 0 0 0 0 0 0 0 0 0 0 0 0 0 0 0 0 0 0 0
0 0 0 0 0 0 0 0 0 0 0 0 0 0 0 0 0 0 0 0 0
0 0 0 0 0 0 0 0 0 0 0 0 0 0 0 0 0 0 0 0 0
0 0 0 0 0 0 0 0 0 0 0 0 0 0 0 0 0 0 0 0 0
0 0 0 0 0 0 0 0 0 0 0 0 0 0 0 0 0 0 0 0 0
Output:
3 0 7
0 8 0
3 0 6

Example 1:

Input:
0 0 0 0 0 0 0 0 0 0 0 0 0 0 0 0 0 0 0 0 0 0 0 0 0
0 0 0 0 0 0 0 0 0 0 0 0 0 0 0 0 0 0 0 0 0 0 0 0 0
0 0 0 0 0 0 0 0 0 0 0 0 0 0 0 0 0 0 0 0 0 0 0 0 0
0 0 0 0 0 0 0 0 0 3 3 3 0 0 0 3 3 3 0 0 0 0 0 0 0
0 0 0 0 0 0 0 0 0 3 3 3 0 0 0 3 3 3 0 0 0 0 0 0 0
0 0 0 0 0 0 0 0 0 3 3 3 0 0 0 3 3 3 0 0 0 0 0 0 0
0 0 0 0 0 0 0 0 0 3 3 3 3 3 3 0 0 0 0 0 0 0 0 0 0
0 0 0 0 0 0 0 0 0 3 3 3 3 3 3 0 0 0 0 0 0 0 0 0 0
0 0 0 0 0 0 0 0 0 3 3 3 3 3 3 0 0 0 0 0 0 0 0 0 0
0 0 0 0 0 0 0 0 0 0 0 0 3 3 3 3 3 3 0 0 0 0 0 0 0
0 0 0 0 0 0 0 0 0 0 0 0 3 3 3 3 3 3 0 0 0 0 0 0 0
0 0 0 0 0 0 0 0 0 0 0 0 3 3 3 3 3 3 0 0 0 0 0 0 0
0 0 0 0 0 0 0 0 0 0 0 0 0 0 0 0 0 0 0 0 0 0 0 0 0
0 0 0 0 0 0 0 0 0 0 0 0 0 0 0 0 0 0 0 0 0 0 0 0 0
0 0 0 0 0 0 0 0 0 0 0 0 0 0 0 0 0 0 0 0 0 0 0 0 0
0 0 0 0 0 0 0 0 0 0 0 0 0 0 0 0 0 0 0 0 0 0 0 0 0
0 0 0 0 0 0 0 0 0 0 0 0 0 0 0 0 0 0 0 0 0 0 0 0 0
0 0 0 0 0 0 0 0 0 0 0 0 0 0 0 0 0 0 0 0 0 0 0 0 0
0 0 0 0 0 0 0 0 0 0 0 0 0 0 0 0 0 0 0 0 0 0 0 0 0
0 0 0 0 0 0 0 0 2 1 7 0 0 0 0 0 0 0 0 0 0 0 0 0 0
0 0 0 0 0 0 0 0 4 8 9 0 0 0 0 0 0 0 0 0 0 0 0 0 0
0 0 0 0 0 0 0 0 8 6 1 0 0 0 0 0 0 0 0 0 0 0 0 0 0
0 0 0 0 0 0 0 0 0 0 0 0 0 0 0 0 0 0 0 0 0 0 0 0 0
0 0 0 0 0 0 0 0 0 0 0 0 0 0 0 0 0 0 0 0 0 0 0 0 0
0 0 0 0 0 0 0 0 0 0 0 0 0 0 0 0 0 0 0 0 0 0 0 0 0
0 0 0 0 0 0 0 0 0 0 0 0 0 0 0 0 0 0 0 0 0 0 0 0 0
0 0 0 0 0 0 0 0 0 0 0 0 0 0 0 0 0 0 0 0 0 0 0 0 0
Output:
2 0 7
4 8 0
0 6 1

Example 1:

Input:
0 0 0 0 0 0 0 0 0 0 0 0 0 0 0 0 0 0 0 0 0 0
0 0 8 8 8 8 0 0 0 0 8 8 8 8 8 8 8 8 0 0 0 0
0 0 8 8 8 8 0 0 0 0 8 8 8 8 8 8 8 8 0 0 0 0
0 0 8 8 8 8 0 0 0 0 8 8 8 8 8 8 8 8 0 0 0 0
0 0 8 8 8 8 0 0 0 0 8 8 8 8 8 8 8 8 0 0 0 0
0 0 8 8 8 8 0 0 0 0 8 8 8 8 0 0 0 0 0 0 0 0
0 0 8 8 8 8 0 0 0 0 8 8 8 8 0 0 0 0 0 0 0 0
0 0 8 8 8 8 0 0 0 0 8 8 8 8 0 0 0 0 0 0 0 0
0 0 8 8 8 8 0 0 0 0 8 8 8 8 0 0 0 0 0 0 0 0
0 0 8 8 8 8 0 0 0 0 0 0 0 0 8 8 8 8 0 0 0 0
0 0 8 8 8 8 0 0 0 0 0 0 0 0 8 8 8 8 0 0 0 0
0 0 8 8 8 8 0 0 0 0 0 0 0 0 8 8 8 8 0 0 0 0
0 0 8 8 8 8 0 0 0 0 0 0 0 0 8 8 8 8 0 0 0 0
0 0 8 8 8 8 8 8 8 8 8 8 8 8 0 0 0 0 0 0 0 0
0 0 8 8 8 8 8 8 8 8 8 8 8 8 0 0 0 0 0 0 0 0
0 0 8 8 8 8 8 8 8 8 8 8 8 8 0 0 0 0 0 0 0 0
0 0 8 8 8 8 8 8 8 8 8 8 8 8 0 0 0 4 1 9 4 0
0 0 0 0 0 0 0 0 0 0 0 0 0 0 0 0 0 6 3 6 1 0
0 0 0 0 0 0 0 0 0 0 0 0 0 0 0 0 0 3 5 7 5 0
0 0 0 0 0 0 0 0 0 0 0 0 0 0 0 0 0 2 4 2 7 0
0 0 0 0 0 0 0 0 0 0 0 0 0 0 0 0 0 0 0 0 0 0
0 0 0 0 0 0 0 0 0 0 0 0 0 0 0 0 0 0 0 0 0 0
Output:
4 0 9 4
6 0 6 0
3 0 0 5
2 4 2 0

Example 1:

Input:
0 0 0 0 0 0 0 0 0 0 0 0 0 0 0 0 0 0 0 0 0 0 0 0
0 0 2 2 2 0 0 0 2 2 2 2 2 2 0 0 0 0 0 0 0 0 0 0
0 0 2 2 2 0 0 0 2 2 2 2 2 2 0 0 0 0 0 0 0 0 0 0
0 0 2 2 2 0 0 0 2 2 2 2 2 2 0 0 0 0 0 0 0 0 0 0
0 0 0 0 0 2 2 2 2 2 2 0 0 0 0 0 0 0 0 0 0 0 0 0
0 0 0 0 0 2 2 2 2 2 2 0 0 0 0 0 0 0 0 0 0 0 0 0
0 0 0 0 0 2 2 2 2 2 2 0 0 0 0 0 0 0 0 0 0 0 0 0
0 0 2 2 2 2 2 2 2 2 2 2 2 2 0 0 0 0 0 0 0 0 0 0
0 0 2 2 2 2 2 2 2 2 2 2 2 2 0 0 0 0 0 0 0 0 0 0
0 0 2 2 2 2 2 2 2 2 2 2 2 2 0 0 0 0 0 0 0 0 0 0
0 0 2 2 2 0 0 0 0 0 0 2 2 2 0 0 0 0 0 0 0 0 0 0
0 0 2 2 2 0 0 0 0 0 0 2 2 2 0 0 0 0 0 0 0 0 0 0
0 0 2 2 2 0 0 0 0 0 0 2 2 2 0 0 0 0 0 0 0 0 0 0
0 0 0 0 0 0 0 0 0 0 0 0 0 0 0 0 0 0 0 0 0 0 0 0
0 0 0 0 0 0 0 0 0 0 0 0 0 0 0 0 0 0 0 0 0 0 0 0
0 0 0 0 0 0 0 0 0 0 0 0 0 0 0 4 8 6 3 0 0 0 0 0
0 0 0 0 0 0 0 0 0 0 0 0 0 0 0 9 3 3 5 0 0 0 0 0
0 0 0 0 0 0 0 0 0 0 0 0 0 0 0 6 7 7 4 0 0 0 0 0
0 0 0 0 0 0 0 0 0 0 0 0 0 0 0 1 5 8 1 0 0 0 0 0
0 0 0 0 0 0 0 0 0 0 0 0 0 0 0 0 0 0 0 0 0 0 0 0
0 0 0 0 0 0 0 0 0 0 0 0 0 0 0 0 0 0 0 0 0 0 0 0
Output:
4 0 6 3
0 3 3 0
6 7 7 4
1 0 0 1

Example 1:

Input:
0 0 0 0 0 0 0 0 0 0 0 0 0 0 0 0 0 0 0 0 0 0 0 0
0 0 0 0 0 0 0 0 0 0 0 0 8 8 8 8 8 0 0 0 0 0 0 0
0 0 0 0 0 0 0 0 0 0 0 0 8 8 8 8 8 0 0 0 0 0 0 0
0 0 0 0 0 0 0 0 0 0 0 0 8 8 8 8 8 0 0 0 0 0 0 0
0 0 0 0 0 0 0 0 0 0 0 0 8 8 8 8 8 0 0 0 0 0 0 0
0 0 0 0 0 0 0 0 0 0 0 0 8 8 8 8 8 0 0 0 0 0 0 0
0 0 0 0 0 0 0 0 0 0 0 0 8 8 8 8 8 8 8 8 8 8 0 0
0 0 0 0 0 0 0 0 0 0 0 0 8 8 8 8 8 8 8 8 8 8 0 0
0 0 0 0 0 0 0 0 0 0 0 0 8 8 8 8 8 8 8 8 8 8 0 0
0 0 0 0 0 0 0 0 0 0 0 0 8 8 8 8 8 8 8 8 8 8 0 0
0 0 0 0 0 0 0 0 0 0 0 0 8 8 8 8 8 8 8 8 8 8 0 0
0 0 0 0 0 0 0 8 8 8 8 8 0 0 0 0 0 0 0 0 0 0 0 0
0 0 0 0 0 0 0 8 8 8 8 8 0 0 0 0 0 0 0 0 0 0 0 0
0 0 0 0 0 0 0 8 8 8 8 8 0 0 0 0 0 0 0 0 0 0 0 0
0 0 0 0 0 0 0 8 8 8 8 8 0 0 0 0 0 0 0 0 0 0 0 0
0 0 0 0 0 0 0 8 8 8 8 8 0 0 0 0 0 0 0 0 0 0 0 0
0 0 0 0 0 0 0 0 0 0 0 0 0 0 0 0 0 0 0 0 0 0 0 0
0 0 0 0 0 0 0 0 0 0 0 0 0 0 0 0 0 0 0 2 8 5 0 0
0 0 0 0 0 0 0 0 0 0 0 0 0 0 0 0 0 0 0 8 3 6 0 0
0 0 0 0 0 0 0 0 0 0 0 0 0 0 0 0 0 0 0 9 8 9 0 0
0 0 0 0 0 0 0 0 0 0 0 0 0 0 0 0 0 0 0 0 0 0 0 0
Output:
0 8 0
0 3 6
9 0 0

Example 1:

Input:
0 0 0 0 0 0 0 0 0 0 0 0 0 0 0 0 0 0 0 0 0
0 0 9 9 9 9 9 9 9 9 9 9 0 0 0 0 0 0 0 0 0
0 0 9 9 9 9 9 9 9 9 9 9 0 0 0 0 0 0 0 0 0
0 0 9 9 9 9 9 9 9 9 9 9 0 0 0 0 0 0 0 0 0
0 0 9 9 9 9 9 9 9 9 9 9 0 0 0 0 0 0 0 0 0
0 0 9 9 9 9 9 9 9 9 9 9 0 0 0 0 0 0 0 0 0
0 0 0 0 0 0 0 0 0 0 0 0 9 9 9 9 9 0 0 0 0
0 0 0 0 0 0 0 0 0 0 0 0 9 9 9 9 9 0 0 0 0
0 0 0 0 0 0 0 0 0 0 0 0 9 9 9 9 9 0 0 0 0
0 0 0 0 0 0 0 0 0 0 0 0 9 9 9 9 9 0 0 0 0
0 0 0 0 0 0 0 0 0 0 0 0 9 9 9 9 9 0 0 0 0
0 0 9 9 9 9 9 9 9 9 9 9 0 0 0 0 0 0 0 0 0
0 0 9 9 9 9 9 9 9 9 9 9 0 0 0 0 0 0 0 0 0
0 0 9 9 9 9 9 9 9 9 9 9 0 0 0 0 0 0 0 0 0
0 0 9 9 9 9 9 9 9 9 9 9 0 0 0 0 0 0 0 0 0
0 0 9 9 9 9 9 9 9 9 9 9 0 0 0 0 0 0 0 0 0
0 0 0 0 0 0 0 0 0 0 0 0 0 0 0 0 0 0 0 0 0
0 0 0 0 0 0 0 0 0 0 0 0 0 0 0 0 0 0 0 0 0
0 0 0 0 0 0 0 0 0 0 0 0 0 0 0 0 0 0 0 0 0
0 0 0 0 0 0 0 0 0 0 0 0 7 5 8 0 0 0 0 0 0
0 0 0 0 0 0 0 0 0 0 0 0 3 6 9 0 0 0 0 0 0
0 0 0 0 0 0 0 0 0 0 0 0 8 8 2 0 0 0 0 0 0
0 0 0 0 0 0 0 0 0 0 0 0 0 0 0 0 0 0 0 0 0
Output:
7 5 0
0 0 9
8 8 0

Example 1:

Input:
0 0 0 0 0 0 0 0 0 0 0 0 0 0 0 0 0 0 0 0 0
0 0 0 0 0 0 0 0 0 0 0 0 6 6 6 6 0 0 0 0 0
0 0 0 0 0 0 0 0 0 0 0 0 6 6 6 6 0 0 0 0 0
0 0 0 0 0 0 0 0 0 0 0 0 6 6 6 6 0 0 0 0 0
0 0 0 0 0 0 0 0 0 0 0 0 6 6 6 6 0 0 0 0 0
0 0 0 0 0 0 0 0 6 6 6 6 0 0 0 0 6 6 6 6 0
0 0 0 0 0 0 0 0 6 6 6 6 0 0 0 0 6 6 6 6 0
0 0 0 0 0 0 0 0 6 6 6 6 0 0 0 0 6 6 6 6 0
0 0 0 0 0 0 0 0 6 6 6 6 0 0 0 0 6 6 6 6 0
0 0 0 0 0 0 0 0 6 6 6 6 0 0 0 0 6 6 6 6 0
0 0 0 0 0 0 0 0 6 6 6 6 0 0 0 0 6 6 6 6 0
0 0 0 0 0 0 0 0 6 6 6 6 0 0 0 0 6 6 6 6 0
0 0 0 0 0 0 0 0 6 6 6 6 0 0 0 0 6 6 6 6 0
0 0 0 0 0 0 0 0 0 0 0 0 0 0 0 0 0 0 0 0 0
0 0 0 0 0 0 0 0 0 0 0 0 0 0 0 0 0 0 0 0 0
0 0 0 0 0 0 0 0 0 0 0 0 0 0 0 0 0 0 0 0 0
0 0 0 0 0 0 0 0 0 0 0 0 0 0 0 0 0 0 0 0 0
0 0 0 0 0 0 0 0 0 0 0 0 0 0 0 0 0 0 0 0 0
0 0 0 0 0 0 0 0 0 0 8 5 4 0 0 0 0 0 0 0 0
0 0 0 0 0 0 0 0 0 0 1 8 5 0 0 0 0 0 0 0 0
0 0 0 0 0 0 0 0 0 0 9 3 4 0 0 0 0 0 0 0 0
0 0 0 0 0 0 0 0 0 0 0 0 0 0 0 0 0 0 0 0 0
Output:
0 5 0
1 0 5
9 0 4

Example 1:

Input:
0 0 0 0 0 0 0 0 0 0 0 0 0 0 0 0 0 0 0 0 0
0 0 9 9 9 9 9 9 9 9 9 9 9 9 0 0 0 0 0 0 0
0 0 9 9 9 9 9 9 9 9 9 9 9 9 0 0 0 0 0 0 0
0 0 9 9 9 9 9 9 9 9 9 9 9 9 0 0 0 0 0 0 0
0 0 9 9 9 9 9 9 9 9 9 0 0 0 0 0 0 0 0 0 0
0 0 9 9 9 9 9 9 9 9 9 0 0 0 0 0 0 0 0 0 0
0 0 9 9 9 9 9 9 9 9 9 0 0 0 0 0 0 0 0 0 0
0 0 9 9 9 0 0 0 9 9 9 9 9 9 0 0 0 0 0 0 0
0 0 9 9 9 0 0 0 9 9 9 9 9 9 0 0 0 0 0 0 0
0 0 9 9 9 0 0 0 9 9 9 9 9 9 0 0 0 0 0 0 0
0 0 0 0 0 9 9 9 0 0 0 0 0 0 0 0 0 0 0 0 0
0 0 0 0 0 9 9 9 0 0 0 0 0 0 0 0 0 0 0 0 0
0 0 0 0 0 9 9 9 0 0 0 0 0 0 0 0 0 0 0 0 0
0 0 0 0 0 0 0 0 0 0 0 0 0 0 0 0 0 0 0 0 0
0 0 0 0 0 0 0 0 0 0 0 0 0 0 0 0 0 0 0 0 0
0 0 0 0 0 0 0 0 0 0 0 0 0 0 0 0 0 0 0 0 0
0 0 0 0 0 0 0 0 0 0 0 0 0 0 0 0 0 0 0 0 0
0 0 0 0 0 0 0 0 0 0 0 0 0 0 0 0 0 0 0 0 0
0 0 0 0 0 0 0 0 0 0 0 0 0 0 0 0 0 0 0 0 0
0 0 0 0 0 0 0 0 0 0 0 0 0 0 0 0 0 0 0 0 0
0 0 0 0 0 0 0 0 0 0 0 0 0 0 0 0 0 0 0 0 0
0 0 0 0 0 0 0 0 0 0 0 0 0 0 0 0 0 0 0 0 0
0 0 0 0 0 0 0 0 0 0 0 0 0 0 0 0 0 0 0 0 0
0 0 0 0 0 0 0 0 0 0 0 0 0 0 0 0 1 1 3 6 0
0 0 0 0 0 0 0 0 0 0 0 0 0 0 0 0 7 1 8 5 0
0 0 0 0 0 0 0 0 0 0 0 0 0 0 0 0 9 3 6 6 0
0 0 0 0 0 0 0 0 0 0 0 0 0 0 0 0 4 1 1 5 0
0 0 0 0 0 0 0 0 0 0 0 0 0 0 0 0 0 0 0 0 0
Output:
1 1 3 6
7 1 8 0
9 0 6 6
0 1 0 0


Write Python code that performs the transformation according to the rule in following format: `def p(g): ...`. Note that input and output are passed by 2D arrays.