Find the common rule that maps an input grid to an output grid, given the examples below.

Example 1:

Input:
0 0 0 0 0 0 0 0 0 0 0 0 0
0 3 3 0 1 1 0 1 1 0 1 1 0
0 0 0 0 0 0 0 0 0 0 0 0 0
0 1 1 0 1 1 0 4 4 0 4 4 0
0 0 0 0 0 0 0 0 0 0 0 0 0
0 1 1 0 4 4 0 1 1 0 1 1 0
0 0 0 0 0 0 0 0 0 0 0 0 0
0 2 2 0 1 1 0 1 1 0 1 1 0
0 0 0 0 0 0 0 0 0 0 0 0 0
0 1 1 0 2 2 0 1 1 0 1 1 0
0 0 0 0 0 0 0 0 0 0 0 0 0
0 1 1 0 1 1 0 1 1 0 1 1 0
0 0 0 0 0 0 0 0 0 0 0 0 0
Output:
4
2
3

Example 1:

Input:
0 0 0 0 0 0 0 0 0 0 0 0 0 0 0 0
0 6 6 0 8 8 0 8 8 0 8 8 0 8 8 0
0 0 0 0 0 0 0 0 0 0 0 0 0 0 0 0
0 8 8 0 8 8 0 2 2 0 6 6 0 8 8 0
0 0 0 0 0 0 0 0 0 0 0 0 0 0 0 0
0 1 1 0 8 8 0 1 1 0 8 8 0 8 8 0
0 0 0 0 0 0 0 0 0 0 0 0 0 0 0 0
0 8 8 0 1 1 0 8 8 0 8 8 0 8 8 0
0 0 0 0 0 0 0 0 0 0 0 0 0 0 0 0
0 8 8 0 8 8 0 6 6 0 8 8 0 6 6 0
0 0 0 0 0 0 0 0 0 0 0 0 0 0 0 0
0 8 8 0 8 8 0 8 8 0 8 8 0 8 8 0
0 0 0 0 0 0 0 0 0 0 0 0 0 0 0 0
Output:
6
1
2

Example 1:

Input:
0 0 0 0 0 0 0 0 0 0
0 3 3 0 3 3 0 3 3 0
0 0 0 0 0 0 0 0 0 0
0 1 1 0 3 3 0 3 3 0
0 0 0 0 0 0 0 0 0 0
0 3 3 0 8 8 0 3 3 0
0 0 0 0 0 0 0 0 0 0
0 3 3 0 8 8 0 3 3 0
0 0 0 0 0 0 0 0 0 0
0 3 3 0 2 2 0 2 2 0
0 0 0 0 0 0 0 0 0 0
0 2 2 0 3 3 0 3 3 0
0 0 0 0 0 0 0 0 0 0
Output:
2
8
1

Example 1:

Input:
0 0 0 0 0 0 0 0 0 0 0 0 0
0 1 1 0 1 1 0 8 8 0 1 1 0
0 0 0 0 0 0 0 0 0 0 0 0 0
0 1 1 0 2 2 0 1 1 0 2 2 0
0 0 0 0 0 0 0 0 0 0 0 0 0
0 2 2 0 1 1 0 1 1 0 1 1 0
0 0 0 0 0 0 0 0 0 0 0 0 0
0 1 1 0 1 1 0 8 8 0 1 1 0
0 0 0 0 0 0 0 0 0 0 0 0 0
0 1 1 0 8 8 0 1 1 0 4 4 0
0 0 0 0 0 0 0 0 0 0 0 0 0
0 1 1 0 8 8 0 1 1 0 1 1 0
0 0 0 0 0 0 0 0 0 0 0 0 0
Output:
8
2
4

Example 1:

Input:
0 0 0 0 0 0 0 0 0 0 0 0 0
0 2 2 0 4 4 0 2 2 0 2 2 0
0 0 0 0 0 0 0 0 0 0 0 0 0
0 1 1 0 2 2 0 4 4 0 2 2 0
0 0 0 0 0 0 0 0 0 0 0 0 0
0 8 8 0 2 2 0 2 2 0 8 8 0
0 0 0 0 0 0 0 0 0 0 0 0 0
0 2 2 0 2 2 0 1 1 0 2 2 0
0 0 0 0 0 0 0 0 0 0 0 0 0
0 4 4 0 2 2 0 2 2 0 2 2 0
0 0 0 0 0 0 0 0 0 0 0 0 0
0 2 2 0 1 1 0 2 2 0 4 4 0
0 0 0 0 0 0 0 0 0 0 0 0 0
0 2 2 0 2 2 0 4 4 0 2 2 0
0 0 0 0 0 0 0 0 0 0 0 0 0
Output:
4
1
8

Example 1:

Input:
0 0 0 0 0 0 0 0 0 0 0 0 0 0 0 0
0 3 3 0 8 8 0 8 8 0 3 3 0 5 5 0
0 0 0 0 0 0 0 0 0 0 0 0 0 0 0 0
0 8 8 0 8 8 0 8 8 0 5 5 0 8 8 0
0 0 0 0 0 0 0 0 0 0 0 0 0 0 0 0
0 8 8 0 8 8 0 8 8 0 8 8 0 8 8 0
0 0 0 0 0 0 0 0 0 0 0 0 0 0 0 0
0 3 3 0 8 8 0 8 8 0 8 8 0 8 8 0
0 0 0 0 0 0 0 0 0 0 0 0 0 0 0 0
0 1 1 0 8 8 0 8 8 0 8 8 0 8 8 0
0 0 0 0 0 0 0 0 0 0 0 0 0 0 0 0
0 8 8 0 8 8 0 8 8 0 8 8 0 8 8 0
0 0 0 0 0 0 0 0 0 0 0 0 0 0 0 0
Output:
3
5
1

Example 1:

Input:
0 0 0 0 0 0 0 0 0 0
0 2 2 0 9 9 0 2 2 0
0 0 0 0 0 0 0 0 0 0
0 9 9 0 9 9 0 9 9 0
0 0 0 0 0 0 0 0 0 0
0 8 8 0 5 5 0 9 9 0
0 0 0 0 0 0 0 0 0 0
0 2 2 0 8 8 0 8 8 0
0 0 0 0 0 0 0 0 0 0
0 9 9 0 9 9 0 9 9 0
0 0 0 0 0 0 0 0 0 0
0 9 9 0 9 9 0 9 9 0
0 0 0 0 0 0 0 0 0 0
0 9 9 0 5 5 0 2 2 0
0 0 0 0 0 0 0 0 0 0
Output:
2
8
5

Example 1:

Input:
0 0 0 0 0 0 0 0 0 0
0 2 2 0 6 6 0 2 2 0
0 0 0 0 0 0 0 0 0 0
0 2 2 0 1 1 0 2 2 0
0 0 0 0 0 0 0 0 0 0
0 2 2 0 6 6 0 1 1 0
0 0 0 0 0 0 0 0 0 0
0 1 1 0 2 2 0 2 2 0
0 0 0 0 0 0 0 0 0 0
0 1 1 0 2 2 0 2 2 0
0 0 0 0 0 0 0 0 0 0
0 2 2 0 2 2 0 6 6 0
0 0 0 0 0 0 0 0 0 0
0 2 2 0 2 2 0 3 3 0
0 0 0 0 0 0 0 0 0 0
Output:
1
6
3


Write the **short** Python code in code golf manners that performs the transformation according to the rule in following format: `def p(g): ...`. Note that input and output are passed by 2D arrays.