Find the common rule that maps an input grid to an output grid, given the examples below.

Example 1:

Input:
0 0 0 0 0 0 8 8 8 8
0 8 8 8 8 0 8 2 2 8
0 8 1 8 8 0 8 8 8 8
0 8 8 2 8 0 8 2 1 8
0 8 8 8 8 0 8 8 8 8
0 0 0 0 0 0 0 0 0 0
0 0 0 8 8 8 8 8 8 0
0 0 0 8 8 8 2 8 8 0
0 0 0 8 2 8 1 8 8 0
0 0 0 8 1 8 8 8 8 0
Output:
8 8 8 8
8 2 2 8
8 8 8 8
8 2 1 8
8 8 8 8

Example 1:

Input:
1 1 1 8 0 0 0 0 0 0
1 8 1 1 0 1 8 8 1 8
8 2 8 1 0 8 1 8 2 8
1 1 1 8 0 8 8 8 8 1
8 1 8 8 0 8 1 2 8 2
0 0 0 0 0 8 8 8 1 8
0 0 0 0 0 1 1 8 1 8
0 8 2 2 0 8 1 1 8 2
0 2 2 1 0 0 0 0 0 0
0 2 1 8 0 0 0 0 0 0
Output:
8 2 2
2 2 1
2 1 8

Example 1:

Input:
2 8 8 8 0 0 0 0 0 0
8 8 1 8 0 0 0 0 0 0
1 8 8 8 0 0 0 0 0 0
8 8 8 2 0 0 1 8 8 2
8 2 8 1 0 0 8 8 1 8
8 1 8 8 0 0 8 2 8 8
0 0 0 0 0 0 8 8 8 1
0 0 0 0 0 0 1 8 8 8
0 0 0 0 0 0 8 8 1 8
0 0 0 0 0 0 0 0 0 0
Output:
2 8 8 8
8 8 1 8
1 8 8 8
8 8 8 2
8 2 8 1
8 1 8 8

Example 1:

Input:
2 8 8 8 0 0 0 0 0 0
8 8 1 8 0 0 2 8 1 0
1 2 8 1 0 0 8 8 8 0
8 8 8 8 0 0 2 1 8 0
0 0 0 0 0 0 8 8 2 0
0 0 0 0 0 0 2 8 1 0
0 1 2 8 2 0 1 8 8 0
0 8 8 1 8 0 0 0 0 0
0 1 2 8 1 0 0 0 0 0
0 0 0 0 0 0 0 0 0 0
Output:
2 8 1
8 8 8
2 1 8
8 8 2
2 8 1
1 8 8

Example 1:

Input:
0 0 0 0 0 0 0 0 0 0
0 0 0 0 0 0 0 0 0 0
0 0 0 0 0 0 0 0 0 0
0 0 0 0 0 0 0 0 0 0
0 0 0 0 0 1 1 1 8 1
0 0 0 0 0 8 1 2 8 1
8 8 1 1 0 1 1 1 8 8
2 8 8 8 0 1 8 8 1 8
8 8 1 1 0 1 2 1 1 1
0 0 0 0 0 0 0 0 0 0
Output:
1 1 1 8 1
8 1 2 8 1
1 1 1 8 8
1 8 8 1 8
1 2 1 1 1

Example 1:

Input:
0 0 0 0 0 0 0 0 0 0
0 0 0 0 0 0 0 0 0 0
8 2 1 8 2 1 0 0 0 0
8 8 8 8 8 8 0 0 0 0
8 8 2 8 8 1 0 0 0 0
0 0 0 0 0 0 0 0 0 0
0 0 0 0 8 8 1 8 8 8
0 0 0 0 2 8 1 8 8 8
0 0 0 0 1 8 8 8 1 8
0 0 0 0 8 1 8 8 8 1
Output:
8 2 1 8 2 1
8 8 8 8 8 8
8 8 2 8 8 1

Example 1:

Input:
0 0 1 8 8 0 0 0 0 0
0 0 1 2 8 0 0 0 0 0
0 0 1 2 1 0 0 0 0 0
0 0 0 0 0 0 0 0 0 0
0 1 1 1 0 0 0 0 0 0
0 2 2 8 0 0 0 0 0 0
0 8 8 8 0 0 0 0 0 0
0 2 1 8 0 0 0 0 0 0
0 8 1 8 0 0 0 0 0 0
0 0 0 0 0 0 0 0 0 0
Output:
1 1 1
2 2 8
8 8 8
2 1 8
8 1 8

Example 1:

Input:
8 8 8 0 0 0 0 0 0 0
8 8 1 0 0 0 0 0 0 0
1 1 2 0 0 0 0 0 0 0
0 0 0 0 0 1 1 8 8 1
1 1 8 0 0 8 2 8 1 8
1 1 8 0 0 1 2 2 1 8
1 8 8 0 0 0 0 0 0 0
8 2 1 0 0 0 0 0 0 0
8 8 8 0 0 0 0 0 0 0
2 8 8 0 0 0 0 0 0 0
Output:
1 1 8 8 1
8 2 8 1 8
1 2 2 1 8


Write the **short** Python code in code golf manners that performs the transformation according to the rule in following format: `def p(g): ...`. Note that input and output are passed by 2D arrays.