Find the common rule that maps an input grid to an output grid, given the examples below.

Example 1:

Input:
8 8 8 8 8 8 8 8 8 8 8 8 8 8
8 8 8 8 8 8 8 8 8 8 8 8 8 8
8 8 8 8 8 8 8 8 8 8 8 8 8 8
8 8 8 8 0 8 8 8 8 8 8 8 8 8
8 8 8 0 8 0 8 8 8 8 8 8 8 8
8 8 8 8 0 8 2 8 8 8 8 8 8 8
8 8 8 8 8 8 8 8 8 8 8 8 8 8
8 8 8 8 8 8 8 8 8 8 8 8 8 8
8 8 8 8 8 8 8 8 8 8 8 8 8 8
8 8 8 8 8 8 8 8 8 8 8 8 8 8
8 8 8 8 8 8 8 8 8 8 8 8 8 8
8 8 8 8 8 8 8 8 8 8 8 8 8 8
Output:
8 8 8 8 8 8 8 8 8 8 8 8 8 8
8 8 8 8 8 8 8 8 8 8 8 8 8 8
8 8 8 8 8 8 8 8 8 8 8 8 8 8
8 8 8 8 0 8 8 8 8 8 8 8 8 8
8 8 8 0 8 0 8 8 8 8 8 8 8 8
8 8 8 8 0 8 2 8 8 8 8 8 8 8
8 8 8 8 8 2 8 2 8 8 8 8 8 8
8 8 8 8 8 8 2 8 2 8 8 8 8 8
8 8 8 8 8 8 8 2 8 2 8 8 8 8
8 8 8 8 8 8 8 8 2 8 2 8 8 8
8 8 8 8 8 8 8 8 8 2 8 2 8 8
8 8 8 8 8 8 8 8 8 8 2 8 2 8

Example 1:

Input:
1 1 1 1 1 1 1 1 1 1 1 1 1 1 1
1 1 1 1 1 1 1 1 1 1 1 1 1 1 1
1 1 1 1 1 1 1 1 1 1 1 1 1 1 1
1 1 1 1 1 1 1 1 1 1 1 1 1 1 1
1 1 1 1 1 1 1 1 1 1 1 1 1 1 1
1 1 1 1 1 1 0 1 1 1 1 1 1 1 1
1 1 1 1 1 0 0 0 1 1 1 1 1 1 1
1 1 1 1 3 1 0 1 1 1 1 1 1 1 1
1 1 1 1 1 1 1 1 1 1 1 1 1 1 1
1 1 1 1 1 1 1 1 1 1 1 1 1 1 1
1 1 1 1 1 1 1 1 1 1 1 1 1 1 1
1 1 1 1 1 1 1 1 1 1 1 1 1 1 1
1 1 1 1 1 1 1 1 1 1 1 1 1 1 1
Output:
1 1 1 1 1 1 1 1 1 1 1 1 1 1 1
1 1 1 1 1 1 1 1 1 1 1 1 1 1 1
1 1 1 1 1 1 1 1 1 1 1 1 1 1 1
1 1 1 1 1 1 1 1 1 1 1 1 1 1 1
1 1 1 1 1 1 1 1 1 1 1 1 1 1 1
1 1 1 1 1 1 0 1 1 1 1 1 1 1 1
1 1 1 1 1 0 0 0 1 1 1 1 1 1 1
1 1 1 1 3 1 0 1 1 1 1 1 1 1 1
1 1 1 3 3 3 1 1 1 1 1 1 1 1 1
1 1 3 1 3 1 1 1 1 1 1 1 1 1 1
1 3 3 3 1 1 1 1 1 1 1 1 1 1 1
3 1 3 1 1 1 1 1 1 1 1 1 1 1 1
3 3 1 1 1 1 1 1 1 1 1 1 1 1 1

Example 1:

Input:
4 4 4 4 4 4 4 4 4 4 4 4 4 4 4 4
4 4 4 4 4 4 4 4 4 4 4 4 4 4 4 4
4 4 4 4 4 4 4 4 4 4 4 4 4 4 4 4
4 4 4 4 4 4 4 4 4 4 4 4 4 4 4 4
4 4 4 4 4 4 4 4 4 4 4 8 4 4 4 4
4 4 4 4 4 4 0 0 4 0 0 4 4 4 4 4
4 4 4 4 4 4 0 0 4 0 0 4 4 4 4 4
4 4 4 4 4 4 4 4 0 4 4 4 4 4 4 4
4 4 4 4 4 4 0 0 4 0 0 4 4 4 4 4
4 4 4 4 4 4 0 0 4 0 0 4 4 4 4 4
4 4 4 4 4 4 4 4 4 4 4 4 4 4 4 4
4 4 4 4 4 4 4 4 4 4 4 4 4 4 4 4
Output:
4 4 4 4 4 4 4 4 4 4 4 8 8 4 8 8
4 4 4 4 4 4 4 4 4 4 4 8 8 4 8 8
4 4 4 4 4 4 4 4 4 4 4 4 4 8 4 4
4 4 4 4 4 4 4 4 4 4 4 8 8 4 8 8
4 4 4 4 4 4 4 4 4 4 4 8 8 4 8 8
4 4 4 4 4 4 0 0 4 0 0 4 4 4 4 4
4 4 4 4 4 4 0 0 4 0 0 4 4 4 4 4
4 4 4 4 4 4 4 4 0 4 4 4 4 4 4 4
4 4 4 4 4 4 0 0 4 0 0 4 4 4 4 4
4 4 4 4 4 4 0 0 4 0 0 4 4 4 4 4
4 4 4 4 4 4 4 4 4 4 4 4 4 4 4 4
4 4 4 4 4 4 4 4 4 4 4 4 4 4 4 4

Example 1:

Input:
3 3 3 3 3 3 3 3 3 3 3 3 3 3 3 3
3 3 3 3 3 3 3 3 3 3 3 3 3 3 3 3
3 3 3 3 3 3 3 3 3 3 3 3 3 3 3 3
3 3 3 3 3 3 3 3 3 3 3 3 3 3 3 3
3 3 3 3 3 3 3 3 3 3 3 3 3 3 3 3
3 3 3 6 3 3 3 3 3 3 3 3 3 3 3 3
3 3 3 3 0 3 0 3 3 3 3 3 3 3 3 3
3 3 3 3 3 0 3 3 3 3 3 3 3 3 3 3
3 3 3 3 0 3 0 3 3 3 3 3 3 3 3 3
3 3 3 3 3 3 3 3 3 3 3 3 3 3 3 3
3 3 3 3 3 3 3 3 3 3 3 3 3 3 3 3
3 3 3 3 3 3 3 3 3 3 3 3 3 3 3 3
3 3 3 3 3 3 3 3 3 3 3 3 3 3 3 3
3 3 3 3 3 3 3 3 3 3 3 3 3 3 3 3
3 3 3 3 3 3 3 3 3 3 3 3 3 3 3 3
3 3 3 3 3 3 3 3 3 3 3 3 3 3 3 3
3 3 3 3 3 3 3 3 3 3 3 3 3 3 3 3
3 3 3 3 3 3 3 3 3 3 3 3 3 3 3 3
Output:
6 3 3 3 3 3 3 3 3 3 3 3 3 3 3 3
3 3 3 3 3 3 3 3 3 3 3 3 3 3 3 3
6 3 3 3 3 3 3 3 3 3 3 3 3 3 3 3
3 6 3 6 3 3 3 3 3 3 3 3 3 3 3 3
3 3 6 3 3 3 3 3 3 3 3 3 3 3 3 3
3 6 3 6 3 3 3 3 3 3 3 3 3 3 3 3
3 3 3 3 0 3 0 3 3 3 3 3 3 3 3 3
3 3 3 3 3 0 3 3 3 3 3 3 3 3 3 3
3 3 3 3 0 3 0 3 3 3 3 3 3 3 3 3
3 3 3 3 3 3 3 3 3 3 3 3 3 3 3 3
3 3 3 3 3 3 3 3 3 3 3 3 3 3 3 3
3 3 3 3 3 3 3 3 3 3 3 3 3 3 3 3
3 3 3 3 3 3 3 3 3 3 3 3 3 3 3 3
3 3 3 3 3 3 3 3 3 3 3 3 3 3 3 3
3 3 3 3 3 3 3 3 3 3 3 3 3 3 3 3
3 3 3 3 3 3 3 3 3 3 3 3 3 3 3 3
3 3 3 3 3 3 3 3 3 3 3 3 3 3 3 3
3 3 3 3 3 3 3 3 3 3 3 3 3 3 3 3

Example 1:

Input:
1 1 1 1 1 1 1 1 1 1 1 1 1 1 1 1 1 1
1 1 1 1 1 1 1 1 1 1 1 1 1 1 1 1 1 1
1 1 1 1 1 1 1 1 1 1 1 1 1 1 1 1 1 1
1 1 1 1 1 1 1 1 1 1 1 1 1 1 1 1 1 1
1 1 1 1 1 1 1 1 1 1 1 1 1 1 1 1 1 1
1 1 1 1 1 1 0 0 0 0 1 1 1 1 1 1 1 1
1 1 1 1 1 1 0 0 0 0 1 1 1 1 1 1 1 1
1 1 1 1 1 1 0 0 0 0 1 1 1 1 1 1 1 1
1 1 1 1 1 1 0 0 0 0 1 1 1 1 1 1 1 1
1 1 1 1 1 1 1 1 1 1 9 1 1 1 1 1 1 1
1 1 1 1 1 1 1 1 1 1 1 1 1 1 1 1 1 1
Output:
1 1 1 1 1 1 1 1 1 1 1 1 1 1 1 1 1 1
1 1 1 1 1 1 1 1 1 1 1 1 1 1 1 1 1 1
1 1 1 1 1 1 1 1 1 1 1 1 1 1 1 1 1 1
1 1 1 1 1 1 1 1 1 1 1 1 1 1 1 1 1 1
1 1 1 1 1 1 1 1 1 1 1 1 1 1 1 1 1 1
1 1 1 1 1 1 0 0 0 0 1 1 1 1 1 1 1 1
1 1 1 1 1 1 0 0 0 0 1 1 1 1 1 1 1 1
1 1 1 1 1 1 0 0 0 0 1 1 1 1 1 1 1 1
1 1 1 1 1 1 0 0 0 0 1 1 1 1 1 1 1 1
1 1 1 1 1 1 1 1 1 1 9 9 9 9 1 1 1 1
1 1 1 1 1 1 1 1 1 1 9 9 9 9 1 1 1 1

Example 1:

Input:
4 4 4 4 4 4 4 4 4 4 4 4 4 4 4
4 4 4 4 4 4 4 4 4 4 4 4 4 4 4
4 4 4 4 4 4 4 4 4 4 4 4 4 4 4
4 4 4 4 4 4 4 4 4 4 4 4 4 4 4
4 4 4 4 4 4 4 4 4 4 4 4 4 4 4
4 4 4 4 4 4 0 0 0 4 4 4 4 4 4
4 4 4 4 4 4 0 4 0 4 4 4 4 4 4
4 4 4 4 4 4 0 0 0 4 4 4 4 4 4
4 4 4 4 4 6 4 4 4 4 4 4 4 4 4
4 4 4 4 4 4 4 4 4 4 4 4 4 4 4
4 4 4 4 4 4 4 4 4 4 4 4 4 4 4
Output:
4 4 4 4 4 4 4 4 4 4 4 4 4 4 4
4 4 4 4 4 4 4 4 4 4 4 4 4 4 4
4 4 4 4 4 4 4 4 4 4 4 4 4 4 4
4 4 4 4 4 4 4 4 4 4 4 4 4 4 4
4 4 4 4 4 4 4 4 4 4 4 4 4 4 4
4 4 4 4 4 4 0 0 0 4 4 4 4 4 4
4 4 4 4 4 4 0 4 0 4 4 4 4 4 4
4 4 4 4 4 4 0 0 0 4 4 4 4 4 4
4 4 4 6 6 6 4 4 4 4 4 4 4 4 4
4 4 4 6 4 6 4 4 4 4 4 4 4 4 4
4 4 4 6 6 6 4 4 4 4 4 4 4 4 4

Example 1:

Input:
3 3 3 3 3 3 3 3 3 3 3 3 3 3 3 3 3
3 3 3 3 3 3 3 3 3 3 3 3 3 3 3 3 3
3 3 3 3 3 3 3 3 3 3 3 3 3 3 3 3 3
3 3 3 3 3 3 3 3 3 3 3 3 3 3 3 3 3
3 3 3 3 3 3 3 3 3 3 3 3 3 3 3 3 3
3 3 3 3 3 3 3 3 0 0 0 3 3 3 3 3 3
3 3 3 3 3 3 3 3 0 0 0 3 3 3 3 3 3
3 3 3 3 3 3 3 3 0 0 0 3 3 3 3 3 3
3 3 3 3 3 3 3 4 3 3 3 3 3 3 3 3 3
3 3 3 3 3 3 3 3 3 3 3 3 3 3 3 3 3
3 3 3 3 3 3 3 3 3 3 3 3 3 3 3 3 3
Output:
3 3 3 3 3 3 3 3 3 3 3 3 3 3 3 3 3
3 3 3 3 3 3 3 3 3 3 3 3 3 3 3 3 3
3 3 3 3 3 3 3 3 3 3 3 3 3 3 3 3 3
3 3 3 3 3 3 3 3 3 3 3 3 3 3 3 3 3
3 3 3 3 3 3 3 3 3 3 3 3 3 3 3 3 3
3 3 3 3 3 3 3 3 0 0 0 3 3 3 3 3 3
3 3 3 3 3 3 3 3 0 0 0 3 3 3 3 3 3
3 3 3 3 3 3 3 3 0 0 0 3 3 3 3 3 3
3 3 3 3 3 4 4 4 3 3 3 3 3 3 3 3 3
3 3 3 3 3 4 4 4 3 3 3 3 3 3 3 3 3
3 3 3 3 3 4 4 4 3 3 3 3 3 3 3 3 3

Example 1:

Input:
3 3 3 3 3 3 3 3 3 3 3 3 3 3 3
3 3 3 3 3 3 3 3 3 3 3 3 3 3 3
3 3 3 3 3 3 3 3 3 3 3 3 3 3 3
3 3 3 3 3 3 3 3 3 3 3 3 3 3 3
3 3 3 3 3 3 3 3 3 3 3 3 3 3 3
3 3 3 3 3 3 3 3 8 3 3 3 3 3 3
3 3 3 3 3 0 0 0 3 3 3 3 3 3 3
3 3 3 3 3 0 3 0 3 3 3 3 3 3 3
3 3 3 3 3 0 0 0 3 3 3 3 3 3 3
3 3 3 3 3 3 3 3 3 3 3 3 3 3 3
3 3 3 3 3 3 3 3 3 3 3 3 3 3 3
3 3 3 3 3 3 3 3 3 3 3 3 3 3 3
Output:
3 3 3 3 3 3 3 3 3 3 3 8 8 8 3
3 3 3 3 3 3 3 3 3 3 3 8 3 8 3
3 3 3 3 3 3 3 3 3 3 3 8 8 8 3
3 3 3 3 3 3 3 3 8 8 8 3 3 3 3
3 3 3 3 3 3 3 3 8 3 8 3 3 3 3
3 3 3 3 3 3 3 3 8 8 8 3 3 3 3
3 3 3 3 3 0 0 0 3 3 3 3 3 3 3
3 3 3 3 3 0 3 0 3 3 3 3 3 3 3
3 3 3 3 3 0 0 0 3 3 3 3 3 3 3
3 3 3 3 3 3 3 3 3 3 3 3 3 3 3
3 3 3 3 3 3 3 3 3 3 3 3 3 3 3
3 3 3 3 3 3 3 3 3 3 3 3 3 3 3


Write the **short** Python code in code golf manners that performs the transformation according to the rule in following format: `def p(g): ...`. Note that input and output are passed by 2D arrays. Use `val_` as a prefix for all variables except `_`. Avoid line breaks as much as possible.
