Find the common rule that maps an input grid to an output grid, given the examples below.

Example 1:

Input:
0 0 5 0 0 0 0 5 0 0
0 0 5 0 0 0 0 5 0 0
0 0 5 0 0 0 0 5 0 0
5 5 5 5 5 5 5 5 5 5
0 0 5 0 0 0 0 5 0 0
0 0 5 0 0 0 0 5 0 0
0 0 5 0 0 0 0 5 0 0
5 5 5 5 5 5 5 5 5 5
0 0 5 0 0 0 0 5 0 0
0 0 5 0 0 0 0 5 0 0
Output:
1 1 5 0 0 0 0 5 0 0
1 1 5 0 0 0 0 5 0 0
1 1 5 0 0 0 0 5 0 0
5 5 5 5 5 5 5 5 5 5
0 0 5 2 2 2 2 5 0 0
0 0 5 2 2 2 2 5 0 0
0 0 5 2 2 2 2 5 0 0
5 5 5 5 5 5 5 5 5 5
0 0 5 0 0 0 0 5 3 3
0 0 5 0 0 0 0 5 3 3

Example 1:

Input:
0 0 0 5 0 0 0 0 5 0
5 5 5 5 5 5 5 5 5 5
0 0 0 5 0 0 0 0 5 0
5 5 5 5 5 5 5 5 5 5
0 0 0 5 0 0 0 0 5 0
0 0 0 5 0 0 0 0 5 0
5 5 5 5 5 5 5 5 5 5
0 0 0 5 0 0 0 0 5 0
5 5 5 5 5 5 5 5 5 5
0 0 0 5 0 0 0 0 5 0
Output:
1 1 1 5 0 0 0 0 5 0
5 5 5 5 5 5 5 5 5 5
0 0 0 5 0 0 0 0 5 0
5 5 5 5 5 5 5 5 5 5
0 0 0 5 2 2 2 2 5 0
0 0 0 5 2 2 2 2 5 0
5 5 5 5 5 5 5 5 5 5
0 0 0 5 0 0 0 0 5 0
5 5 5 5 5 5 5 5 5 5
0 0 0 5 0 0 0 0 5 3

Example 1:

Input:
0 5 0 0 5 0 5 0 5 0
0 5 0 0 5 0 5 0 5 0
0 5 0 0 5 0 5 0 5 0
5 5 5 5 5 5 5 5 5 5
0 5 0 0 5 0 5 0 5 0
0 5 0 0 5 0 5 0 5 0
5 5 5 5 5 5 5 5 5 5
0 5 0 0 5 0 5 0 5 0
0 5 0 0 5 0 5 0 5 0
0 5 0 0 5 0 5 0 5 0
Output:
1 5 0 0 5 0 5 0 5 0
1 5 0 0 5 0 5 0 5 0
1 5 0 0 5 0 5 0 5 0
5 5 5 5 5 5 5 5 5 5
0 5 0 0 5 2 5 0 5 0
0 5 0 0 5 2 5 0 5 0
5 5 5 5 5 5 5 5 5 5
0 5 0 0 5 0 5 0 5 3
0 5 0 0 5 0 5 0 5 3
0 5 0 0 5 0 5 0 5 3

Example 1:

Input:
0 5 0 5 0 0 5 0 5 0
5 5 5 5 5 5 5 5 5 5
0 5 0 5 0 0 5 0 5 0
0 5 0 5 0 0 5 0 5 0
5 5 5 5 5 5 5 5 5 5
0 5 0 5 0 0 5 0 5 0
5 5 5 5 5 5 5 5 5 5
0 5 0 5 0 0 5 0 5 0
5 5 5 5 5 5 5 5 5 5
0 5 0 5 0 0 5 0 5 0
Output:
1 5 0 5 0 0 5 0 5 0
5 5 5 5 5 5 5 5 5 5
0 5 0 5 0 0 5 0 5 0
0 5 0 5 0 0 5 0 5 0
5 5 5 5 5 5 5 5 5 5
0 5 0 5 2 2 5 0 5 0
5 5 5 5 5 5 5 5 5 5
0 5 0 5 0 0 5 0 5 0
5 5 5 5 5 5 5 5 5 5
0 5 0 5 0 0 5 0 5 3

Example 1:

Input:
0 0 0 5 0 0 0 0 5 0
0 0 0 5 0 0 0 0 5 0
5 5 5 5 5 5 5 5 5 5
0 0 0 5 0 0 0 0 5 0
0 0 0 5 0 0 0 0 5 0
0 0 0 5 0 0 0 0 5 0
5 5 5 5 5 5 5 5 5 5
0 0 0 5 0 0 0 0 5 0
0 0 0 5 0 0 0 0 5 0
0 0 0 5 0 0 0 0 5 0
Output:
1 1 1 5 0 0 0 0 5 0
1 1 1 5 0 0 0 0 5 0
5 5 5 5 5 5 5 5 5 5
0 0 0 5 2 2 2 2 5 0
0 0 0 5 2 2 2 2 5 0
0 0 0 5 2 2 2 2 5 0
5 5 5 5 5 5 5 5 5 5
0 0 0 5 0 0 0 0 5 3
0 0 0 5 0 0 0 0 5 3
0 0 0 5 0 0 0 0 5 3

Example 1:

Input:
0 0 0 5 0 0 0 5 0 0
0 0 0 5 0 0 0 5 0 0
5 5 5 5 5 5 5 5 5 5
0 0 0 5 0 0 0 5 0 0
0 0 0 5 0 0 0 5 0 0
0 0 0 5 0 0 0 5 0 0
5 5 5 5 5 5 5 5 5 5
0 0 0 5 0 0 0 5 0 0
0 0 0 5 0 0 0 5 0 0
0 0 0 5 0 0 0 5 0 0
Output:
1 1 1 5 0 0 0 5 0 0
1 1 1 5 0 0 0 5 0 0
5 5 5 5 5 5 5 5 5 5
0 0 0 5 2 2 2 5 0 0
0 0 0 5 2 2 2 5 0 0
0 0 0 5 2 2 2 5 0 0
5 5 5 5 5 5 5 5 5 5
0 0 0 5 0 0 0 5 3 3
0 0 0 5 0 0 0 5 3 3
0 0 0 5 0 0 0 5 3 3

Example 1:

Input:
0 0 0 0 5 0 0 0 5 0
0 0 0 0 5 0 0 0 5 0
5 5 5 5 5 5 5 5 5 5
0 0 0 0 5 0 0 0 5 0
0 0 0 0 5 0 0 0 5 0
0 0 0 0 5 0 0 0 5 0
5 5 5 5 5 5 5 5 5 5
0 0 0 0 5 0 0 0 5 0
0 0 0 0 5 0 0 0 5 0
0 0 0 0 5 0 0 0 5 0
Output:
1 1 1 1 5 0 0 0 5 0
1 1 1 1 5 0 0 0 5 0
5 5 5 5 5 5 5 5 5 5
0 0 0 0 5 2 2 2 5 0
0 0 0 0 5 2 2 2 5 0
0 0 0 0 5 2 2 2 5 0
5 5 5 5 5 5 5 5 5 5
0 0 0 0 5 0 0 0 5 3
0 0 0 0 5 0 0 0 5 3
0 0 0 0 5 0 0 0 5 3

Example 1:

Input:
0 0 0 5 0 5 0 0 0 0
0 0 0 5 0 5 0 0 0 0
5 5 5 5 5 5 5 5 5 5
0 0 0 5 0 5 0 0 0 0
0 0 0 5 0 5 0 0 0 0
0 0 0 5 0 5 0 0 0 0
5 5 5 5 5 5 5 5 5 5
0 0 0 5 0 5 0 0 0 0
0 0 0 5 0 5 0 0 0 0
0 0 0 5 0 5 0 0 0 0
Output:
1 1 1 5 0 5 0 0 0 0
1 1 1 5 0 5 0 0 0 0
5 5 5 5 5 5 5 5 5 5
0 0 0 5 2 5 0 0 0 0
0 0 0 5 2 5 0 0 0 0
0 0 0 5 2 5 0 0 0 0
5 5 5 5 5 5 5 5 5 5
0 0 0 5 0 5 3 3 3 3
0 0 0 5 0 5 3 3 3 3
0 0 0 5 0 5 3 3 3 3


Write Python code that performs the transformation according to the rule in following format: `def p(g): ...`. Note that input and output are passed by 2D arrays.