Find the common rule that maps an input grid to an output grid, given the examples below.

Example 1:

Input:
0 0 0 0 0 0 0 0 0 0
0 0 0 0 0 0 0 0 0 0
0 0 0 8 8 8 8 0 0 0
0 0 0 8 4 3 8 0 0 0
0 0 0 8 0 0 8 0 0 0
0 0 0 8 2 6 8 0 0 0
0 0 0 8 8 8 8 0 0 0
0 0 0 0 0 0 0 0 0 0
0 0 0 0 0 0 0 0 0 0
0 0 0 0 0 0 0 0 0 0
Output:
0 0 0 0 0 0 0 0 0 0
0 0 6 0 0 0 0 2 0 0
0 0 0 8 8 8 8 0 0 0
0 0 0 8 0 0 8 0 0 0
0 0 0 8 0 0 8 0 0 0
0 0 0 8 0 0 8 0 0 0
0 0 0 8 8 8 8 0 0 0
0 0 3 0 0 0 0 4 0 0
0 0 0 0 0 0 0 0 0 0
0 0 0 0 0 0 0 0 0 0

Example 1:

Input:
0 0 0 0 0 0 0 0 0 0
0 0 0 0 0 0 0 0 0 0
0 0 7 7 7 7 7 7 0 0
0 0 7 2 0 0 8 7 0 0
0 0 7 0 0 0 0 7 0 0
0 0 7 0 0 0 0 7 0 0
0 0 7 9 0 0 3 7 0 0
0 0 7 7 7 7 7 7 0 0
0 0 0 0 0 0 0 0 0 0
0 0 0 0 0 0 0 0 0 0
Output:
0 0 0 0 0 0 0 0 0 0
0 3 0 0 0 0 0 0 9 0
0 0 7 7 7 7 7 7 0 0
0 0 7 0 0 0 0 7 0 0
0 0 7 0 0 0 0 7 0 0
0 0 7 0 0 0 0 7 0 0
0 0 7 0 0 0 0 7 0 0
0 0 7 7 7 7 7 7 0 0
0 8 0 0 0 0 0 0 2 0
0 0 0 0 0 0 0 0 0 0

Example 1:

Input:
0 0 0 0 0 0 0 0 0 0
0 1 1 1 1 1 1 0 0 0
0 1 2 0 0 5 1 0 0 0
0 1 0 0 0 0 1 0 0 0
0 1 6 0 0 3 1 0 0 0
0 1 1 1 1 1 1 0 0 0
0 0 0 0 0 0 0 0 0 0
0 0 0 0 0 0 0 0 0 0
0 0 0 0 0 0 0 0 0 0
0 0 0 0 0 0 0 0 0 0
Output:
3 0 0 0 0 0 0 6 0 0
0 1 1 1 1 1 1 0 0 0
0 1 0 0 0 0 1 0 0 0
0 1 0 0 0 0 1 0 0 0
0 1 0 0 0 0 1 0 0 0
0 1 1 1 1 1 1 0 0 0
5 0 0 0 0 0 0 2 0 0
0 0 0 0 0 0 0 0 0 0
0 0 0 0 0 0 0 0 0 0
0 0 0 0 0 0 0 0 0 0

Example 1:

Input:
0 0 0 0 0 0 0 0 0 0
0 0 0 0 0 0 0 0 0 0
0 0 0 0 0 0 0 0 0 0
0 0 3 3 3 3 3 3 0 0
0 0 3 6 0 0 4 3 0 0
0 0 3 0 0 0 0 3 0 0
0 0 3 8 0 0 2 3 0 0
0 0 3 3 3 3 3 3 0 0
0 0 0 0 0 0 0 0 0 0
0 0 0 0 0 0 0 0 0 0
Output:
0 0 0 0 0 0 0 0 0 0
0 0 0 0 0 0 0 0 0 0
0 2 0 0 0 0 0 0 8 0
0 0 3 3 3 3 3 3 0 0
0 0 3 0 0 0 0 3 0 0
0 0 3 0 0 0 0 3 0 0
0 0 3 0 0 0 0 3 0 0
0 0 3 3 3 3 3 3 0 0
0 4 0 0 0 0 0 0 6 0
0 0 0 0 0 0 0 0 0 0

Example 1:

Input:
0 0 0 0 0 0 0 0 0 0
0 0 0 0 0 0 0 0 0 0
0 0 0 0 0 0 0 0 0 0
0 0 0 0 0 0 0 0 0 0
0 9 9 9 9 9 9 0 0 0
0 9 1 0 0 3 9 0 0 0
0 9 4 0 0 5 9 0 0 0
0 9 9 9 9 9 9 0 0 0
0 0 0 0 0 0 0 0 0 0
0 0 0 0 0 0 0 0 0 0
Output:
0 0 0 0 0 0 0 0 0 0
0 0 0 0 0 0 0 0 0 0
0 0 0 0 0 0 0 0 0 0
5 0 0 0 0 0 0 4 0 0
0 9 9 9 9 9 9 0 0 0
0 9 0 0 0 0 9 0 0 0
0 9 0 0 0 0 9 0 0 0
0 9 9 9 9 9 9 0 0 0
3 0 0 0 0 0 0 1 0 0
0 0 0 0 0 0 0 0 0 0

Example 1:

Input:
0 0 0 0 0 0 0 0 0 0
0 0 9 9 9 9 0 0 0 0
0 0 9 7 8 9 0 0 0 0
0 0 9 0 0 9 0 0 0 0
0 0 9 5 6 9 0 0 0 0
0 0 9 9 9 9 0 0 0 0
0 0 0 0 0 0 0 0 0 0
0 0 0 0 0 0 0 0 0 0
0 0 0 0 0 0 0 0 0 0
0 0 0 0 0 0 0 0 0 0
Output:
0 6 0 0 0 0 5 0 0 0
0 0 9 9 9 9 0 0 0 0
0 0 9 0 0 9 0 0 0 0
0 0 9 0 0 9 0 0 0 0
0 0 9 0 0 9 0 0 0 0
0 0 9 9 9 9 0 0 0 0
0 8 0 0 0 0 7 0 0 0
0 0 0 0 0 0 0 0 0 0
0 0 0 0 0 0 0 0 0 0
0 0 0 0 0 0 0 0 0 0

Example 1:

Input:
0 0 0 0 0 0 0 0 0 0
0 6 6 6 6 0 0 0 0 0
0 6 8 7 6 0 0 0 0 0
0 6 0 0 6 0 0 0 0 0
0 6 2 4 6 0 0 0 0 0
0 6 6 6 6 0 0 0 0 0
0 0 0 0 0 0 0 0 0 0
0 0 0 0 0 0 0 0 0 0
0 0 0 0 0 0 0 0 0 0
0 0 0 0 0 0 0 0 0 0
Output:
4 0 0 0 0 2 0 0 0 0
0 6 6 6 6 0 0 0 0 0
0 6 0 0 6 0 0 0 0 0
0 6 0 0 6 0 0 0 0 0
0 6 0 0 6 0 0 0 0 0
0 6 6 6 6 0 0 0 0 0
7 0 0 0 0 8 0 0 0 0
0 0 0 0 0 0 0 0 0 0
0 0 0 0 0 0 0 0 0 0
0 0 0 0 0 0 0 0 0 0

Example 1:

Input:
0 0 0 0 0 0 0 0 0 0
0 0 0 6 6 6 6 6 0 0
0 0 0 6 5 0 2 6 0 0
0 0 0 6 7 0 1 6 0 0
0 0 0 6 6 6 6 6 0 0
0 0 0 0 0 0 0 0 0 0
0 0 0 0 0 0 0 0 0 0
0 0 0 0 0 0 0 0 0 0
0 0 0 0 0 0 0 0 0 0
0 0 0 0 0 0 0 0 0 0
Output:
0 0 1 0 0 0 0 0 7 0
0 0 0 6 6 6 6 6 0 0
0 0 0 6 0 0 0 6 0 0
0 0 0 6 0 0 0 6 0 0
0 0 0 6 6 6 6 6 0 0
0 0 2 0 0 0 0 0 5 0
0 0 0 0 0 0 0 0 0 0
0 0 0 0 0 0 0 0 0 0
0 0 0 0 0 0 0 0 0 0
0 0 0 0 0 0 0 0 0 0


Write the **short** Python code in code golf manners that performs the transformation according to the rule in following format: `def p(g): ...`. Note that input and output are passed by 2D arrays. Use `val_` as a prefix for all variables except `_`. Avoid line breaks as much as possible.
