Find the common rule that maps an input grid to an output grid, given the examples below.

Example 1:

Input:
0 0 0 0 0 0
2 8 2 8 2 8
2 8 2 8 2 8
0 0 0 0 0 0
0 0 0 0 0 0
Output:
0 0 0 0 0 0 0 0 0 0 0 0
2 8 2 8 2 8 2 8 2 8 2 8
2 8 2 8 2 8 2 8 2 8 2 8
0 0 0 0 0 0 0 0 0 0 0 0
0 0 0 0 0 0 0 0 0 0 0 0

Example 1:

Input:
0 0 0 0 0 0 0
0 0 0 0 0 0 0
2 3 3 2 3 3 2
0 0 0 0 0 0 0
0 0 0 0 0 0 0
Output:
0 0 0 0 0 0 0 0 0 0 0 0 0 0
0 0 0 0 0 0 0 0 0 0 0 0 0 0
2 3 3 2 3 3 2 3 3 2 3 3 2 3
0 0 0 0 0 0 0 0 0 0 0 0 0 0
0 0 0 0 0 0 0 0 0 0 0 0 0 0

Example 1:

Input:
0 0 0 0 0 0 0 0
0 0 0 0 0 0 0 0
1 2 2 1 2 2 1 2
2 1 2 2 1 2 2 1
0 0 0 0 0 0 0 0
Output:
0 0 0 0 0 0 0 0 0 0 0 0 0 0 0 0
0 0 0 0 0 0 0 0 0 0 0 0 0 0 0 0
1 2 2 1 2 2 1 2 2 1 2 2 1 2 2 1
2 1 2 2 1 2 2 1 2 2 1 2 2 1 2 2
0 0 0 0 0 0 0 0 0 0 0 0 0 0 0 0

Example 1:

Input:
0 0 0 0 0 0 0 0 0
3 1 1 3 1 1 3 1 1
3 1 1 3 1 1 3 1 1
0 0 0 0 0 0 0 0 0
0 0 0 0 0 0 0 0 0
Output:
0 0 0 0 0 0 0 0 0 0 0 0 0 0 0 0 0 0
3 1 1 3 1 1 3 1 1 3 1 1 3 1 1 3 1 1
3 1 1 3 1 1 3 1 1 3 1 1 3 1 1 3 1 1
0 0 0 0 0 0 0 0 0 0 0 0 0 0 0 0 0 0
0 0 0 0 0 0 0 0 0 0 0 0 0 0 0 0 0 0

Example 1:

Input:
0 0 0 0 0 0 0 0 0 0
1 1 9 1 1 9 1 1 9 1
0 0 0 0 0 0 0 0 0 0
0 0 0 0 0 0 0 0 0 0
0 0 0 0 0 0 0 0 0 0
Output:
0 0 0 0 0 0 0 0 0 0 0 0 0 0 0 0 0 0 0 0
1 1 9 1 1 9 1 1 9 1 1 9 1 1 9 1 1 9 1 1
0 0 0 0 0 0 0 0 0 0 0 0 0 0 0 0 0 0 0 0
0 0 0 0 0 0 0 0 0 0 0 0 0 0 0 0 0 0 0 0
0 0 0 0 0 0 0 0 0 0 0 0 0 0 0 0 0 0 0 0

Example 1:

Input:
0 0 0 0 0 0
0 0 0 0 0 0
7 9 7 9 7 9
0 0 0 0 0 0
0 0 0 0 0 0
Output:
0 0 0 0 0 0 0 0 0 0 0 0
0 0 0 0 0 0 0 0 0 0 0 0
7 9 7 9 7 9 7 9 7 9 7 9
0 0 0 0 0 0 0 0 0 0 0 0
0 0 0 0 0 0 0 0 0 0 0 0

Example 1:

Input:
0 0 0 0 0 0
0 0 0 0 0 0
6 7 6 7 6 7
0 0 0 0 0 0
0 0 0 0 0 0
Output:
0 0 0 0 0 0 0 0 0 0 0 0
0 0 0 0 0 0 0 0 0 0 0 0
6 7 6 7 6 7 6 7 6 7 6 7
0 0 0 0 0 0 0 0 0 0 0 0
0 0 0 0 0 0 0 0 0 0 0 0

Example 1:

Input:
0 0 0 0 0 0 0 0
6 6 6 6 6 6 6 6
6 5 6 5 6 5 6 5
0 0 0 0 0 0 0 0
0 0 0 0 0 0 0 0
Output:
0 0 0 0 0 0 0 0 0 0 0 0 0 0 0 0
6 6 6 6 6 6 6 6 6 6 6 6 6 6 6 6
6 5 6 5 6 5 6 5 6 5 6 5 6 5 6 5
0 0 0 0 0 0 0 0 0 0 0 0 0 0 0 0
0 0 0 0 0 0 0 0 0 0 0 0 0 0 0 0


Write the **short** Python code in code golf manners that performs the transformation according to the rule in following format: `def p(g): ...`. Note that input and output are passed by 2D arrays.