Find the common rule that maps an input grid to an output grid, given the examples below.

Example 1:

Input:
2 2 2 3 0
2 2 2 3 0
2 2 2 3 0
3 3 3 3 0
0 0 0 0 0
Output:
2 2 2 3 2 2 2 3 2 2
2 2 2 3 2 2 2 3 2 2
2 2 2 3 2 2 2 3 2 2
3 3 3 3 2 2 2 3 2 2
2 2 2 2 2 2 2 3 2 2
2 2 2 2 2 2 2 3 2 2
2 2 2 2 2 2 2 3 2 2
3 3 3 3 3 3 3 3 2 2
2 2 2 2 2 2 2 2 2 2
2 2 2 2 2 2 2 2 2 2

Example 1:

Input:
1 1 4 6 0
1 1 4 6 0
4 4 4 6 0
6 6 6 6 0
0 0 0 0 0
Output:
1 1 4 6 1 1 4 6 1 1
1 1 4 6 1 1 4 6 1 1
4 4 4 6 1 1 4 6 1 1
6 6 6 6 1 1 4 6 1 1
1 1 1 1 1 1 4 6 1 1
1 1 1 1 1 1 4 6 1 1
4 4 4 4 4 4 4 6 1 1
6 6 6 6 6 6 6 6 1 1
1 1 1 1 1 1 1 1 1 1
1 1 1 1 1 1 1 1 1 1

Example 1:

Input:
2 3 4 1 6
3 3 4 1 6
4 4 4 1 6
1 1 1 1 6
6 6 6 6 6
Output:
2 3 4 1 6 2 3 4 1 6
3 3 4 1 6 2 3 4 1 6
4 4 4 1 6 2 3 4 1 6
1 1 1 1 6 2 3 4 1 6
6 6 6 6 6 2 3 4 1 6
2 2 2 2 2 2 3 4 1 6
3 3 3 3 3 3 3 4 1 6
4 4 4 4 4 4 4 4 1 6
1 1 1 1 1 1 1 1 1 6
6 6 6 6 6 6 6 6 6 6

Example 1:

Input:
7 7 3 2 2
7 7 3 2 2
3 3 3 2 2
2 2 2 2 2
2 2 2 2 2
Output:
7 7 3 2 2 7 7 3 2 2
7 7 3 2 2 7 7 3 2 2
3 3 3 2 2 7 7 3 2 2
2 2 2 2 2 7 7 3 2 2
2 2 2 2 2 7 7 3 2 2
7 7 7 7 7 7 7 3 2 2
7 7 7 7 7 7 7 3 2 2
3 3 3 3 3 3 3 3 2 2
2 2 2 2 2 2 2 2 2 2
2 2 2 2 2 2 2 2 2 2

Example 1:

Input:
9 9 9 6 0
9 9 9 6 0
9 9 9 6 0
6 6 6 6 0
0 0 0 0 0
Output:
9 9 9 6 9 9 9 6 9 9
9 9 9 6 9 9 9 6 9 9
9 9 9 6 9 9 9 6 9 9
6 6 6 6 9 9 9 6 9 9
9 9 9 9 9 9 9 6 9 9
9 9 9 9 9 9 9 6 9 9
9 9 9 9 9 9 9 6 9 9
6 6 6 6 6 6 6 6 9 9
9 9 9 9 9 9 9 9 9 9
9 9 9 9 9 9 9 9 9 9

Example 1:

Input:
2 4 4 4 4
4 4 4 4 4
4 4 4 4 4
4 4 4 4 4
4 4 4 4 4
Output:
2 4 4 4 4 2 4 4 4 4
4 4 4 4 4 2 4 4 4 4
4 4 4 4 4 2 4 4 4 4
4 4 4 4 4 2 4 4 4 4
4 4 4 4 4 2 4 4 4 4
2 2 2 2 2 2 4 4 4 4
4 4 4 4 4 4 4 4 4 4
4 4 4 4 4 4 4 4 4 4
4 4 4 4 4 4 4 4 4 4
4 4 4 4 4 4 4 4 4 4

Example 1:

Input:
2 1 1 1 7
1 1 1 1 7
1 1 1 1 7
1 1 1 1 7
7 7 7 7 7
Output:
2 1 1 1 7 2 1 1 1 7
1 1 1 1 7 2 1 1 1 7
1 1 1 1 7 2 1 1 1 7
1 1 1 1 7 2 1 1 1 7
7 7 7 7 7 2 1 1 1 7
2 2 2 2 2 2 1 1 1 7
1 1 1 1 1 1 1 1 1 7
1 1 1 1 1 1 1 1 1 7
1 1 1 1 1 1 1 1 1 7
7 7 7 7 7 7 7 7 7 7

Example 1:

Input:
6 6 6 6 0
6 6 6 6 0
6 6 6 6 0
6 6 6 6 0
0 0 0 0 0
Output:
6 6 6 6 6 6 6 6 6 6
6 6 6 6 6 6 6 6 6 6
6 6 6 6 6 6 6 6 6 6
6 6 6 6 6 6 6 6 6 6
6 6 6 6 6 6 6 6 6 6
6 6 6 6 6 6 6 6 6 6
6 6 6 6 6 6 6 6 6 6
6 6 6 6 6 6 6 6 6 6
6 6 6 6 6 6 6 6 6 6
6 6 6 6 6 6 6 6 6 6


Write the **short** Python code in code golf manners that performs the transformation according to the rule in following format: `def p(g): ...`. Note that input and output are passed by 2D arrays. Use `val_` as a prefix for all variables except `_`. Avoid line breaks as much as possible.
