Find the common rule that maps an input grid to an output grid, given the examples below.

Example 1:

Input:
0 0 0 0 0 0 0 0 0 0
0 0 0 0 0 0 0 0 0 0
0 1 0 0 6 0 0 0 0 0
0 0 0 0 0 0 0 0 0 0
3 0 0 0 0 0 0 0 0 0
0 0 0 0 0 0 7 0 0 0
0 0 0 0 0 0 0 0 0 0
0 0 0 0 0 0 0 0 0 9
0 0 8 0 0 0 0 0 0 0
0 0 0 0 0 0 0 0 0 0
Output:
3 1 8
9 7 6
0 0 0

Example 1:

Input:
0 0 0 0 0 0 0 0 0 0
0 0 4 0 0 0 0 0 0 2
0 0 0 0 0 0 8 0 0 0
0 0 0 0 0 0 0 0 0 0
0 0 0 0 6 0 0 0 0 0
9 0 0 0 0 0 0 0 0 0
0 0 0 0 0 0 0 0 5 0
0 3 0 0 0 0 0 0 0 0
0 0 0 0 0 0 0 0 0 0
0 0 0 0 0 0 0 0 0 0
Output:
9 3 4
5 8 6
2 0 0

Example 1:

Input:
0 0 0 0 0 0 0 0 0 3
0 0 5 0 0 9 0 0 0 0
0 0 0 0 0 0 0 0 1 0
0 4 0 0 0 0 0 0 0 0
0 0 0 0 0 0 0 5 0 0
0 0 0 0 3 0 0 0 0 0
0 0 0 0 0 0 0 0 0 0
0 0 0 0 0 0 0 0 0 0
2 0 0 0 0 0 1 0 0 0
0 0 0 0 0 0 0 0 0 0
Output:
2 4 5
1 9 3
5 1 3

Example 1:

Input:
0 0 0 0 0 0 0 0 0 0
0 0 0 0 5 0 9 0 0 0
0 0 0 0 0 0 0 0 0 1
0 2 0 0 0 0 0 0 0 0
0 0 0 0 0 0 0 6 0 0
0 0 0 3 0 0 0 0 0 0
0 0 0 0 0 0 0 0 0 0
5 0 0 0 0 0 0 0 0 0
0 0 0 0 0 4 0 0 0 0
0 0 9 0 0 0 0 0 0 0
Output:
5 2 9
4 5 3
9 6 1

Example 1:

Input:
0 0 0 0 0 0 0 0 0 0
0 0 0 9 0 0 0 0 0 7
0 0 0 0 0 0 0 0 0 0
0 3 0 0 0 0 0 0 0 0
0 0 0 0 0 0 0 0 0 0
0 0 0 0 0 0 0 0 0 0
0 0 0 0 0 0 1 6 0 0
0 0 0 0 0 0 0 0 0 0
0 0 0 0 0 0 0 0 0 0
8 0 0 0 0 0 0 0 0 0
Output:
8 3 9
7 6 1
0 0 0

Example 1:

Input:
0 0 0 0 0 0 0 0 0 0
0 0 0 0 0 0 0 0 0 0
0 0 0 0 0 0 0 0 0 0
0 0 0 0 0 0 0 0 0 0
0 0 0 0 0 0 0 0 0 0
0 0 0 0 0 0 0 0 0 0
6 0 0 0 0 0 0 0 0 0
0 0 0 2 0 0 0 0 9 0
0 0 9 0 0 0 0 0 0 0
0 9 0 0 0 0 4 0 0 0
Output:
6 9 9
9 4 2
0 0 0

Example 1:

Input:
0 0 0 0 0 0 0 0 0 0
0 0 0 0 0 0 0 0 0 0
0 2 0 0 0 7 0 0 0 0
0 0 0 0 0 0 0 0 0 0
0 0 0 0 0 0 3 0 0 0
0 0 1 0 0 0 0 0 0 0
8 0 0 0 0 0 0 0 0 0
0 0 0 0 0 0 0 0 0 0
0 0 0 0 0 0 0 0 0 0
0 0 0 0 6 0 0 0 0 0
Output:
8 2 1
3 7 6
0 0 0

Example 1:

Input:
0 0 0 0 0 0 0 3 0 0
0 0 0 0 0 0 0 0 0 0
0 0 0 0 0 0 0 0 0 0
0 0 0 0 0 0 0 0 0 0
3 0 0 0 0 0 0 0 0 0
0 0 0 0 6 0 0 0 0 0
0 0 0 0 0 0 0 0 0 0
0 0 0 0 0 0 0 0 0 0
0 0 0 0 0 0 5 0 0 4
0 1 0 6 0 0 0 0 1 0
Output:
3 1 6
3 5 6
1 4 0


Write Python code that performs the transformation according to the rule in following format: `def p(g): ...`. Note that input and output are passed by 2D arrays.