Find the common rule that maps an input grid to an output grid, given the examples below.

Example 1:

Input:
0 0 0 0 0 0 0 0 0 0 0 0
0 0 0 0 0 0 0 0 0 0 0 0
0 0 7 0 0 0 0 0 0 0 0 0
0 7 2 7 0 0 0 0 0 0 0 0
0 0 7 0 0 0 0 0 0 0 0 0
0 0 0 0 0 0 0 0 0 0 0 0
0 0 0 0 0 0 0 0 7 0 0 0
0 0 0 0 0 0 0 7 2 7 0 0
0 0 0 0 0 0 0 0 7 0 0 0
0 0 0 0 0 0 0 0 0 0 0 0
0 0 0 0 0 0 0 0 0 0 0 0
0 0 0 0 0 0 0 0 0 0 0 0
Output:
0 0 0 0 0 0 0 0 0 0 0 0
2 0 7 0 2 0 0 0 0 0 0 0
0 2 7 2 0 0 0 0 0 0 0 0
7 7 2 7 7 0 0 0 0 0 0 0
0 2 7 2 0 0 0 0 0 0 0 0
2 0 7 0 2 0 2 0 7 0 2 0
0 0 0 0 0 0 0 2 7 2 0 0
0 0 0 0 0 0 7 7 2 7 7 0
0 0 0 0 0 0 0 2 7 2 0 0
0 0 0 0 0 0 2 0 7 0 2 0
0 0 0 0 0 0 0 0 0 0 0 0
0 0 0 0 0 0 0 0 0 0 0 0

Example 1:

Input:
0 0 0 0 0 0 0 0 0 0 0 0
0 0 0 0 0 0 0 0 0 0 0 0
0 0 0 8 0 0 0 0 0 0 0 0
0 0 8 6 8 0 0 0 0 0 0 0
0 0 0 8 0 0 0 0 0 0 0 0
0 0 0 0 0 0 0 0 0 0 0 0
0 0 0 0 0 0 0 0 0 0 0 0
0 0 0 0 0 0 0 0 0 0 0 0
0 0 0 0 0 0 0 0 8 0 0 0
0 0 0 0 0 0 0 8 6 8 0 0
0 0 0 0 0 0 0 0 8 0 0 0
0 0 0 0 0 0 0 0 0 0 0 0
Output:
0 0 0 0 0 0 0 0 0 0 0 0
0 6 0 8 0 6 0 0 0 0 0 0
0 0 6 8 6 0 0 0 0 0 0 0
0 8 8 6 8 8 0 0 0 0 0 0
0 0 6 8 6 0 0 0 0 0 0 0
0 6 0 8 0 6 0 0 0 0 0 0
0 0 0 0 0 0 0 0 0 0 0 0
0 0 0 0 0 0 6 0 8 0 6 0
0 0 0 0 0 0 0 6 8 6 0 0
0 0 0 0 0 0 8 8 6 8 8 0
0 0 0 0 0 0 0 6 8 6 0 0
0 0 0 0 0 0 6 0 8 0 6 0

Example 1:

Input:
0 0 0 0 0 0 0 0 0 0 0 0
0 0 0 0 0 0 0 0 3 0 0 0
0 0 0 0 0 0 0 3 4 3 0 0
0 0 0 0 0 0 0 0 3 0 0 0
0 0 0 0 0 0 0 0 0 0 0 0
0 0 0 0 0 0 0 0 0 0 0 0
0 0 3 0 0 0 0 0 0 0 0 0
0 3 4 3 0 0 0 0 0 0 0 0
0 0 3 0 0 0 0 0 0 0 0 0
0 0 0 0 0 0 0 0 0 0 0 0
0 0 0 0 0 0 0 0 0 0 0 0
0 0 0 0 0 0 0 0 0 0 0 0
Output:
0 0 0 0 0 0 4 0 3 0 4 0
0 0 0 0 0 0 0 4 3 4 0 0
0 0 0 0 0 0 3 3 4 3 3 0
0 0 0 0 0 0 0 4 3 4 0 0
0 0 0 0 0 0 4 0 3 0 4 0
4 0 3 0 4 0 0 0 0 0 0 0
0 4 3 4 0 0 0 0 0 0 0 0
3 3 4 3 3 0 0 0 0 0 0 0
0 4 3 4 0 0 0 0 0 0 0 0
4 0 3 0 4 0 0 0 0 0 0 0
0 0 0 0 0 0 0 0 0 0 0 0
0 0 0 0 0 0 0 0 0 0 0 0

Example 1:

Input:
0 0 0 0 0 0 0 0 0 0 0 0
0 0 0 0 0 0 0 0 0 0 0 0
0 0 0 0 0 0 0 0 0 0 0 0
0 0 0 0 0 0 0 0 0 0 0 0
0 0 0 0 0 0 0 0 0 0 0 0
0 0 0 0 0 0 0 0 0 0 0 0
0 0 0 0 0 0 0 0 0 0 0 0
0 0 0 0 0 0 0 0 0 2 0 0
0 0 0 2 0 0 0 0 2 9 2 0
0 0 2 9 2 0 0 0 0 2 0 0
0 0 0 2 0 0 0 0 0 0 0 0
0 0 0 0 0 0 0 0 0 0 0 0
Output:
0 0 0 0 0 0 0 0 0 0 0 0
0 0 0 0 0 0 0 0 0 0 0 0
0 0 0 0 0 0 0 0 0 0 0 0
0 0 0 0 0 0 0 0 0 0 0 0
0 0 0 0 0 0 0 0 0 0 0 0
0 0 0 0 0 0 0 0 0 0 0 0
0 0 0 0 0 0 0 9 0 2 0 9
0 9 0 2 0 9 0 0 9 2 9 0
0 0 9 2 9 0 0 2 2 9 2 2
0 2 2 9 2 2 0 0 9 2 9 0
0 0 9 2 9 0 0 9 0 2 0 9
0 9 0 2 0 9 0 0 0 0 0 0

Example 1:

Input:
0 0 0 0 0 0 0 0 0 0 0 0
0 0 0 0 0 0 0 6 0 0 0 0
0 0 0 0 0 0 6 2 6 0 0 0
0 0 0 0 0 0 0 6 0 0 0 0
0 0 0 0 0 0 0 0 0 0 0 0
0 0 0 0 0 0 0 0 0 0 0 0
0 0 0 0 0 0 0 0 0 0 0 0
0 0 0 0 0 0 0 6 0 0 0 0
0 0 0 0 0 0 6 2 6 0 0 0
0 0 0 0 0 0 0 6 0 0 0 0
0 0 0 0 0 0 0 0 0 0 0 0
0 0 0 0 0 0 0 0 0 0 0 0
Output:
0 0 0 0 0 2 0 6 0 2 0 0
0 0 0 0 0 0 2 6 2 0 0 0
0 0 0 0 0 6 6 2 6 6 0 0
0 0 0 0 0 0 2 6 2 0 0 0
0 0 0 0 0 2 0 6 0 2 0 0
0 0 0 0 0 0 0 0 0 0 0 0
0 0 0 0 0 2 0 6 0 2 0 0
0 0 0 0 0 0 2 6 2 0 0 0
0 0 0 0 0 6 6 2 6 6 0 0
0 0 0 0 0 0 2 6 2 0 0 0
0 0 0 0 0 2 0 6 0 2 0 0
0 0 0 0 0 0 0 0 0 0 0 0

Example 1:

Input:
0 0 0 0 0 0 0 0 0 0 0 0
0 0 0 0 0 0 0 0 0 0 0 0
0 0 0 8 0 0 0 0 0 0 0 0
0 0 8 2 8 0 0 0 0 0 0 0
0 0 0 8 0 0 0 0 0 0 0 0
0 0 0 0 0 0 0 0 0 0 0 0
0 0 0 0 0 0 0 0 0 0 0 0
0 0 0 0 0 0 0 0 0 0 0 0
0 0 0 8 0 0 0 0 0 0 0 0
0 0 8 2 8 0 0 0 0 0 0 0
0 0 0 8 0 0 0 0 0 0 0 0
0 0 0 0 0 0 0 0 0 0 0 0
Output:
0 0 0 0 0 0 0 0 0 0 0 0
0 2 0 8 0 2 0 0 0 0 0 0
0 0 2 8 2 0 0 0 0 0 0 0
0 8 8 2 8 8 0 0 0 0 0 0
0 0 2 8 2 0 0 0 0 0 0 0
0 2 0 8 0 2 0 0 0 0 0 0
0 0 0 0 0 0 0 0 0 0 0 0
0 2 0 8 0 2 0 0 0 0 0 0
0 0 2 8 2 0 0 0 0 0 0 0
0 8 8 2 8 8 0 0 0 0 0 0
0 0 2 8 2 0 0 0 0 0 0 0
0 2 0 8 0 2 0 0 0 0 0 0

Example 1:

Input:
0 0 0 0 0 0 0 0 0 0 0 0
0 0 0 0 0 0 0 0 0 0 0 0
0 0 0 3 0 0 0 0 0 0 0 0
0 0 3 6 3 0 0 0 0 0 0 0
0 0 0 3 0 0 0 0 0 0 0 0
0 0 0 0 0 0 0 0 0 0 0 0
0 0 0 0 0 0 0 0 0 0 0 0
0 0 0 0 0 0 0 0 0 0 0 0
0 0 0 0 0 0 0 0 3 0 0 0
0 0 0 0 0 0 0 3 6 3 0 0
0 0 0 0 0 0 0 0 3 0 0 0
0 0 0 0 0 0 0 0 0 0 0 0
Output:
0 0 0 0 0 0 0 0 0 0 0 0
0 6 0 3 0 6 0 0 0 0 0 0
0 0 6 3 6 0 0 0 0 0 0 0
0 3 3 6 3 3 0 0 0 0 0 0
0 0 6 3 6 0 0 0 0 0 0 0
0 6 0 3 0 6 0 0 0 0 0 0
0 0 0 0 0 0 0 0 0 0 0 0
0 0 0 0 0 0 6 0 3 0 6 0
0 0 0 0 0 0 0 6 3 6 0 0
0 0 0 0 0 0 3 3 6 3 3 0
0 0 0 0 0 0 0 6 3 6 0 0
0 0 0 0 0 0 6 0 3 0 6 0

Example 1:

Input:
0 0 0 0 0 0 0 0 0 0 0 0
0 0 0 0 0 0 0 0 0 0 0 0
0 0 0 0 0 0 0 0 0 0 0 0
0 0 9 0 0 0 0 0 0 0 0 0
0 9 8 9 0 0 0 0 0 0 0 0
0 0 9 0 0 0 0 0 0 0 0 0
0 0 0 0 0 0 0 0 0 0 0 0
0 0 0 0 0 0 0 0 9 0 0 0
0 0 0 0 0 0 0 9 8 9 0 0
0 0 0 0 0 0 0 0 9 0 0 0
0 0 0 0 0 0 0 0 0 0 0 0
0 0 0 0 0 0 0 0 0 0 0 0
Output:
0 0 0 0 0 0 0 0 0 0 0 0
0 0 0 0 0 0 0 0 0 0 0 0
8 0 9 0 8 0 0 0 0 0 0 0
0 8 9 8 0 0 0 0 0 0 0 0
9 9 8 9 9 0 0 0 0 0 0 0
0 8 9 8 0 0 0 0 0 0 0 0
8 0 9 0 8 0 8 0 9 0 8 0
0 0 0 0 0 0 0 8 9 8 0 0
0 0 0 0 0 0 9 9 8 9 9 0
0 0 0 0 0 0 0 8 9 8 0 0
0 0 0 0 0 0 8 0 9 0 8 0
0 0 0 0 0 0 0 0 0 0 0 0


Write the **short** Python code in code golf manners that performs the transformation according to the rule in following format: `def p(g): ...`. Note that input and output are passed by 2D arrays.