Find the common rule that maps an input grid to an output grid, given the examples below.

Example 1:

Input:
0 0 0 0 0 0 9 9 0 0
0 0 0 0 0 0 9 9 0 0
0 0 0 0 0 0 0 0 0 0
0 0 0 0 0 0 0 0 0 0
0 0 0 0 0 0 0 0 0 0
0 0 0 0 0 0 0 0 0 0
0 0 0 0 0 0 0 0 0 0
0 9 9 0 0 0 0 0 0 0
0 9 9 0 0 0 0 0 0 0
0 0 0 0 0 0 0 0 0 0
Output:
0 0 0 0 0 3 9 9 3 0
0 0 0 0 0 3 9 9 3 0
0 0 0 0 0 3 3 3 3 0
0 0 0 0 0 0 1 1 0 0
0 0 0 0 0 0 1 1 0 0
0 0 0 0 0 0 1 1 0 0
3 3 3 3 0 0 1 1 0 0
3 9 9 3 0 0 1 1 0 0
3 9 9 3 0 0 1 1 0 0
3 3 3 3 0 0 1 1 0 0

Example 1:

Input:
0 0 0 0 0 0 0 0 0 0 0 0 0 0 0
0 0 0 0 0 0 0 0 0 0 0 0 0 0 0
0 0 0 0 0 0 0 0 9 9 9 9 0 0 0
0 0 0 0 0 0 0 0 9 9 9 9 0 0 0
0 0 0 0 0 0 0 0 9 9 9 9 0 0 0
0 0 0 0 0 0 0 0 9 9 9 9 0 0 0
0 0 0 9 9 0 0 0 0 0 0 0 0 0 0
0 0 0 9 9 0 0 0 0 0 0 0 0 0 0
0 0 0 0 0 0 0 0 0 0 0 0 0 0 0
0 0 0 0 0 0 0 0 0 0 0 0 0 9 9
0 0 0 0 0 0 0 0 0 0 0 0 0 9 9
0 0 0 0 0 0 0 0 0 0 0 0 0 0 0
0 0 0 0 0 0 0 0 0 0 0 0 0 0 0
0 0 0 0 0 0 0 0 0 0 0 0 0 0 0
0 0 0 0 0 0 0 0 0 0 0 0 0 0 0
Output:
0 0 0 0 0 0 3 3 3 3 3 3 3 3 0
0 0 0 0 0 0 3 3 3 3 3 3 3 3 0
0 0 0 0 0 0 3 3 9 9 9 9 3 3 0
0 0 0 0 0 0 3 3 9 9 9 9 3 3 0
0 0 0 0 0 0 3 3 9 9 9 9 3 3 0
0 0 3 3 3 3 3 3 9 9 9 9 3 3 0
0 0 3 9 9 3 3 3 3 3 3 3 3 3 0
0 0 3 9 9 3 3 3 3 3 3 3 3 3 0
0 0 3 3 3 3 0 0 1 1 1 1 3 3 3
0 0 0 1 1 0 0 0 1 1 1 1 3 9 9
0 0 0 1 1 0 0 0 1 1 1 1 3 9 9
0 0 0 1 1 0 0 0 1 1 1 1 3 3 3
0 0 0 1 1 0 0 0 1 1 1 1 0 1 1
0 0 0 1 1 0 0 0 1 1 1 1 0 1 1
0 0 0 1 1 0 0 0 1 1 1 1 0 1 1

Example 1:

Input:
0 0 0 0 0 0 0 0 0 0 0 0 0 0 0 0 0 0 0 0
0 0 0 0 0 0 0 0 0 0 0 0 0 0 0 0 0 0 0 0
0 0 0 0 0 0 0 0 0 0 0 0 0 0 0 0 0 0 0 0
0 0 9 9 0 0 0 0 0 0 0 0 0 0 0 0 0 0 0 0
0 0 9 9 0 0 0 0 0 0 0 0 0 0 0 0 0 0 0 0
0 0 0 0 0 0 0 0 0 0 0 0 0 0 0 0 0 0 0 0
0 0 0 0 0 0 0 0 0 0 0 0 0 0 0 9 9 9 9 0
0 0 0 0 0 0 0 0 0 0 0 0 0 0 0 9 9 9 9 0
0 0 0 0 0 0 0 0 0 0 0 0 0 0 0 9 9 9 9 0
0 0 0 0 0 0 0 0 0 0 0 0 0 0 0 9 9 9 9 0
0 0 0 0 0 0 0 0 0 0 0 0 0 0 0 0 0 0 0 0
0 0 0 0 0 0 0 0 0 0 0 0 0 0 0 0 0 0 0 0
0 0 0 0 0 0 9 9 9 9 9 9 0 0 0 0 0 0 0 0
0 0 0 0 0 0 9 9 9 9 9 9 0 0 0 0 0 0 0 0
0 0 0 0 0 0 9 9 9 9 9 9 0 0 0 0 0 0 0 0
0 0 0 0 0 0 9 9 9 9 9 9 0 0 0 0 0 0 0 0
0 0 0 0 0 0 9 9 9 9 9 9 0 0 0 0 0 0 0 0
0 0 0 0 0 0 9 9 9 9 9 9 0 0 0 0 0 0 0 0
0 0 0 0 0 0 0 0 0 0 0 0 0 0 0 0 0 0 0 0
0 0 0 0 0 0 0 0 0 0 0 0 0 0 0 0 0 0 0 0
Output:
0 0 0 0 0 0 0 0 0 0 0 0 0 0 0 0 0 0 0 0
0 0 0 0 0 0 0 0 0 0 0 0 0 0 0 0 0 0 0 0
0 3 3 3 3 0 0 0 0 0 0 0 0 0 0 0 0 0 0 0
0 3 9 9 3 0 0 0 0 0 0 0 0 0 0 0 0 0 0 0
0 3 9 9 3 0 0 0 0 0 0 0 0 3 3 3 3 3 3 3
0 3 3 3 3 0 0 0 0 0 0 0 0 3 3 3 3 3 3 3
0 0 1 1 0 0 0 0 0 0 0 0 0 3 3 9 9 9 9 3
0 0 1 1 0 0 0 0 0 0 0 0 0 3 3 9 9 9 9 3
0 0 1 1 0 0 0 0 0 0 0 0 0 3 3 9 9 9 9 3
0 0 1 3 3 3 3 3 3 3 3 3 3 3 3 9 9 9 9 3
0 0 1 3 3 3 3 3 3 3 3 3 3 3 3 3 3 3 3 3
0 0 1 3 3 3 3 3 3 3 3 3 3 3 3 3 3 3 3 3
0 0 1 3 3 3 9 9 9 9 9 9 3 3 3 1 1 1 1 0
0 0 1 3 3 3 9 9 9 9 9 9 3 3 3 1 1 1 1 0
0 0 1 3 3 3 9 9 9 9 9 9 3 3 3 1 1 1 1 0
0 0 1 3 3 3 9 9 9 9 9 9 3 3 3 1 1 1 1 0
0 0 1 3 3 3 9 9 9 9 9 9 3 3 3 1 1 1 1 0
0 0 1 3 3 3 9 9 9 9 9 9 3 3 3 1 1 1 1 0
0 0 1 3 3 3 3 3 3 3 3 3 3 3 3 1 1 1 1 0
0 0 1 3 3 3 3 3 3 3 3 3 3 3 3 1 1 1 1 0

Example 1:

Input:
0 0 0 0 0 0 0 9 9 9 9 0 0 0 0 0 0 0 0 0
0 0 0 0 0 0 0 9 9 9 9 0 0 0 0 0 0 0 0 0
0 0 0 0 0 0 0 0 0 0 0 0 0 0 0 0 0 0 0 0
0 0 0 0 0 0 0 0 0 0 0 0 0 0 0 0 0 0 0 0
0 0 0 0 0 0 0 0 0 0 0 0 0 0 0 0 0 0 0 0
0 0 0 0 0 0 0 0 0 0 0 0 0 0 0 0 0 0 0 0
0 0 0 0 0 0 0 0 0 0 0 0 0 0 0 0 0 0 0 0
0 0 0 0 0 0 0 0 0 0 0 0 0 0 0 0 0 0 0 0
0 0 9 9 9 9 0 0 0 0 0 0 0 0 0 0 0 0 0 0
0 0 9 9 9 9 0 0 0 0 0 0 0 0 9 9 9 9 9 9
0 0 9 9 9 9 0 0 0 0 0 0 0 0 9 9 9 9 9 9
0 0 9 9 9 9 0 0 0 0 0 0 0 0 9 9 9 9 9 9
0 0 0 0 0 0 0 0 0 0 0 0 0 0 9 9 9 9 9 9
0 0 0 0 0 0 0 0 0 0 0 0 0 0 9 9 9 9 9 9
0 0 0 0 0 0 0 0 0 0 0 0 0 0 9 9 9 9 9 9
0 0 0 0 0 0 0 0 0 0 0 0 0 0 0 0 0 0 0 0
0 0 0 0 0 0 0 0 0 0 0 0 0 0 0 0 0 0 0 0
0 0 0 0 0 0 0 0 0 0 0 0 0 0 0 0 0 0 0 0
0 0 0 0 0 0 0 0 0 0 0 0 0 0 0 0 0 0 0 0
0 0 0 0 0 0 0 0 0 0 0 0 0 0 0 0 0 0 0 0
Output:
0 0 0 0 0 3 3 9 9 9 9 3 3 0 0 0 0 0 0 0
0 0 0 0 0 3 3 9 9 9 9 3 3 0 0 0 0 0 0 0
0 0 0 0 0 3 3 3 3 3 3 3 3 0 0 0 0 0 0 0
0 0 0 0 0 3 3 3 3 3 3 3 3 0 0 0 0 0 0 0
0 0 0 0 0 0 0 1 1 1 1 0 0 0 0 0 0 0 0 0
0 0 0 0 0 0 0 1 1 1 1 0 0 0 0 0 0 0 0 0
3 3 3 3 3 3 3 3 1 1 1 3 3 3 3 3 3 3 3 3
3 3 3 3 3 3 3 3 1 1 1 3 3 3 3 3 3 3 3 3
3 3 9 9 9 9 3 3 1 1 1 3 3 3 3 3 3 3 3 3
3 3 9 9 9 9 3 3 1 1 1 3 3 3 9 9 9 9 9 9
3 3 9 9 9 9 3 3 1 1 1 3 3 3 9 9 9 9 9 9
3 3 9 9 9 9 3 3 1 1 1 3 3 3 9 9 9 9 9 9
3 3 3 3 3 3 3 3 1 1 1 3 3 3 9 9 9 9 9 9
3 3 3 3 3 3 3 3 1 1 1 3 3 3 9 9 9 9 9 9
0 0 1 1 1 1 0 1 1 1 1 3 3 3 9 9 9 9 9 9
0 0 1 1 1 1 0 1 1 1 1 3 3 3 3 3 3 3 3 3
0 0 1 1 1 1 0 1 1 1 1 3 3 3 3 3 3 3 3 3
0 0 1 1 1 1 0 1 1 1 1 3 3 3 3 3 3 3 3 3
0 0 1 1 1 1 0 1 1 1 1 0 0 0 1 1 1 1 1 1
0 0 1 1 1 1 0 1 1 1 1 0 0 0 1 1 1 1 1 1

Example 1:

Input:
0 0 0 0 0 0 0 0 0 0 0 0 0 0 0 0 0 0 0 0 0 0 0 0 0 0 0 0 0 0
0 0 0 0 0 0 0 0 0 0 0 0 0 0 0 0 0 0 0 0 0 0 0 0 0 0 0 0 0 0
0 0 0 0 0 0 0 0 0 0 0 0 0 0 0 0 9 9 9 9 0 0 0 0 0 0 0 0 0 0
0 0 0 0 0 0 0 0 0 0 0 0 0 0 0 0 9 9 9 9 0 0 0 0 0 0 0 0 0 0
0 0 0 0 0 0 0 0 0 0 0 0 0 0 0 0 9 9 9 9 0 0 0 0 0 0 0 0 0 0
0 0 0 0 0 0 0 0 0 0 0 0 0 0 0 0 9 9 9 9 0 0 0 0 0 0 0 0 0 0
0 0 0 0 0 0 0 0 0 0 0 0 0 0 0 0 0 0 0 0 0 0 0 0 0 0 0 0 0 0
0 0 0 0 0 0 0 0 0 9 9 9 9 0 0 0 0 0 0 0 0 0 0 0 0 0 0 0 0 0
0 0 0 0 0 0 0 0 0 9 9 9 9 0 0 0 0 0 0 0 0 0 0 0 0 0 0 0 0 0
0 0 0 0 0 0 0 0 0 9 9 9 9 0 0 0 0 0 0 0 0 0 0 0 0 0 0 0 0 0
0 0 0 0 0 0 0 0 0 9 9 9 9 0 0 0 0 0 0 0 0 0 0 0 0 0 0 0 0 0
0 0 0 0 0 0 0 0 0 0 0 0 0 0 0 0 0 0 0 0 0 0 0 0 0 0 0 0 0 0
0 0 0 0 0 0 0 0 0 0 0 0 0 0 0 0 0 0 0 0 0 0 0 0 0 0 0 0 0 0
0 0 0 0 0 0 0 0 0 0 0 0 0 0 0 0 0 0 0 0 0 0 0 0 0 0 0 0 0 0
0 0 0 0 0 0 0 0 0 0 0 0 0 0 0 0 0 0 0 0 0 0 0 0 0 0 0 0 0 0
0 0 0 0 0 0 0 0 0 0 0 0 0 0 0 0 0 0 0 0 0 0 0 0 0 0 0 0 0 0
0 0 0 0 0 0 0 0 0 0 0 0 0 0 0 0 0 0 0 0 0 9 9 9 9 9 9 0 0 0
0 0 0 0 0 0 0 0 0 0 0 0 0 0 0 0 0 0 0 0 0 9 9 9 9 9 9 0 0 0
0 0 0 0 0 0 0 0 0 0 0 0 0 0 0 0 0 0 0 0 0 9 9 9 9 9 9 0 0 0
0 0 0 0 0 0 0 0 0 0 0 0 0 0 0 0 0 0 0 0 0 9 9 9 9 9 9 0 0 0
0 0 0 0 0 0 0 0 0 0 0 0 0 0 0 0 0 0 0 0 0 9 9 9 9 9 9 0 0 0
0 0 0 0 0 0 0 0 0 0 0 0 0 0 0 0 0 0 0 0 0 9 9 9 9 9 9 0 0 0
0 0 0 0 9 9 0 0 0 0 0 0 0 0 0 0 0 0 0 0 0 0 0 0 0 0 0 0 0 0
0 0 0 0 9 9 0 0 0 0 0 0 0 0 0 0 0 0 0 0 0 0 0 0 0 0 0 0 0 0
0 0 0 0 0 0 0 0 0 0 0 0 0 0 0 0 0 0 0 0 0 0 0 0 0 0 0 0 0 0
0 0 0 0 0 0 0 0 0 0 0 0 0 0 0 0 0 0 0 0 0 0 0 0 0 0 0 0 0 0
0 0 0 0 0 0 0 0 0 0 0 0 0 0 0 0 0 0 0 0 0 0 0 0 0 0 0 0 0 0
0 0 0 0 0 0 0 0 0 0 0 0 0 0 0 0 0 0 0 0 0 0 0 0 0 0 0 0 0 0
0 0 0 0 0 0 0 0 0 0 0 0 0 0 0 0 0 0 0 0 0 0 0 0 0 0 0 0 0 0
0 0 0 0 0 0 0 0 0 0 0 0 0 0 0 0 0 0 0 0 0 0 0 0 0 0 0 0 0 0
Output:
0 0 0 0 0 0 0 0 0 0 0 0 0 0 3 3 3 3 3 3 3 3 0 0 0 0 0 0 0 0
0 0 0 0 0 0 0 0 0 0 0 0 0 0 3 3 3 3 3 3 3 3 0 0 0 0 0 0 0 0
0 0 0 0 0 0 0 0 0 0 0 0 0 0 3 3 9 9 9 9 3 3 0 0 0 0 0 0 0 0
0 0 0 0 0 0 0 0 0 0 0 0 0 0 3 3 9 9 9 9 3 3 0 0 0 0 0 0 0 0
0 0 0 0 0 0 0 0 0 0 0 0 0 0 3 3 9 9 9 9 3 3 0 0 0 0 0 0 0 0
0 0 0 0 0 0 0 3 3 3 3 3 3 3 3 3 9 9 9 9 3 3 0 0 0 0 0 0 0 0
0 0 0 0 0 0 0 3 3 3 3 3 3 3 3 3 3 3 3 3 3 3 0 0 0 0 0 0 0 0
0 0 0 0 0 0 0 3 3 9 9 9 9 3 3 3 3 3 3 3 3 3 0 0 0 0 0 0 0 0
0 0 0 0 0 0 0 3 3 9 9 9 9 3 3 0 1 1 1 1 0 0 0 0 0 0 0 0 0 0
0 0 0 0 0 0 0 3 3 9 9 9 9 3 3 0 1 1 1 1 0 0 0 0 0 0 0 0 0 0
0 0 0 0 0 0 0 3 3 9 9 9 9 3 3 0 1 1 1 1 0 0 0 0 0 0 0 0 0 0
0 0 0 0 0 0 0 3 3 3 3 3 3 3 3 0 1 1 1 1 0 0 0 0 0 0 0 0 0 0
0 0 0 0 0 0 0 3 3 3 3 3 3 3 3 0 1 1 1 1 0 0 0 0 0 0 0 0 0 0
0 0 0 0 0 0 0 0 0 1 1 1 1 0 0 0 1 1 3 3 3 3 3 3 3 3 3 3 3 3
0 0 0 0 0 0 0 0 0 1 1 1 1 0 0 0 1 1 3 3 3 3 3 3 3 3 3 3 3 3
0 0 0 0 0 0 0 0 0 1 1 1 1 0 0 0 1 1 3 3 3 3 3 3 3 3 3 3 3 3
0 0 0 0 0 0 0 0 0 1 1 1 1 0 0 0 1 1 3 3 3 9 9 9 9 9 9 3 3 3
0 0 0 0 0 0 0 0 0 1 1 1 1 0 0 0 1 1 3 3 3 9 9 9 9 9 9 3 3 3
0 0 0 0 0 0 0 0 0 1 1 1 1 0 0 0 1 1 3 3 3 9 9 9 9 9 9 3 3 3
0 0 0 0 0 0 0 0 0 1 1 1 1 0 0 0 1 1 3 3 3 9 9 9 9 9 9 3 3 3
0 0 0 0 0 0 0 0 0 1 1 1 1 0 0 0 1 1 3 3 3 9 9 9 9 9 9 3 3 3
0 0 0 3 3 3 3 0 0 1 1 1 1 0 0 0 1 1 3 3 3 9 9 9 9 9 9 3 3 3
0 0 0 3 9 9 3 0 0 1 1 1 1 0 0 0 1 1 3 3 3 3 3 3 3 3 3 3 3 3
0 0 0 3 9 9 3 0 0 1 1 1 1 0 0 0 1 1 3 3 3 3 3 3 3 3 3 3 3 3
0 0 0 3 3 3 3 0 0 1 1 1 1 0 0 0 1 1 3 3 3 3 3 3 3 3 3 3 3 3
0 0 0 0 1 1 0 0 0 1 1 1 1 0 0 0 1 1 1 1 0 1 1 1 1 1 1 0 0 0
0 0 0 0 1 1 0 0 0 1 1 1 1 0 0 0 1 1 1 1 0 1 1 1 1 1 1 0 0 0
0 0 0 0 1 1 0 0 0 1 1 1 1 0 0 0 1 1 1 1 0 1 1 1 1 1 1 0 0 0
0 0 0 0 1 1 0 0 0 1 1 1 1 0 0 0 1 1 1 1 0 1 1 1 1 1 1 0 0 0
0 0 0 0 1 1 0 0 0 1 1 1 1 0 0 0 1 1 1 1 0 1 1 1 1 1 1 0 0 0

Example 1:

Input:
0 0 0 0 0 0 0 0 0 0 0 0 0 0 0 0 9 9 9 9 9 9 9 9 0 0 0 0 0 0
0 0 0 0 0 0 0 0 0 0 0 0 0 0 0 0 9 9 9 9 9 9 9 9 0 0 0 0 0 0
0 0 0 0 0 0 0 0 0 0 0 0 0 0 0 0 9 9 9 9 9 9 9 9 0 0 0 0 0 0
0 0 0 0 0 0 0 0 0 0 0 0 0 0 0 0 9 9 9 9 9 9 9 9 0 0 0 0 0 0
0 0 0 0 0 0 0 0 0 0 0 0 0 0 0 0 9 9 9 9 9 9 9 9 0 0 0 0 0 0
0 0 0 0 0 0 0 0 0 0 0 0 0 0 0 0 9 9 9 9 9 9 9 9 0 0 0 0 0 0
0 0 0 0 0 0 0 0 0 0 0 0 0 0 0 0 9 9 9 9 9 9 9 9 0 0 0 0 0 0
0 0 0 0 0 0 0 0 0 0 0 0 0 0 0 0 0 0 0 0 0 0 0 0 0 0 0 0 0 0
0 0 0 0 0 0 0 0 0 0 0 0 0 0 0 0 0 0 0 0 0 0 0 0 0 0 0 0 0 0
0 0 0 0 0 0 0 0 0 0 0 0 0 0 0 0 0 0 0 0 0 0 0 0 0 0 0 0 0 0
0 0 0 0 0 0 0 0 0 0 0 0 0 0 0 0 0 0 0 0 0 0 0 0 0 0 0 0 0 0
0 0 0 0 0 0 0 0 0 0 0 0 0 0 0 0 0 0 0 0 0 0 0 0 0 0 0 0 0 0
0 0 0 0 0 0 0 0 0 0 0 0 0 0 0 0 0 0 0 0 0 0 0 0 0 0 0 0 0 0
0 0 0 0 0 0 0 0 0 0 0 0 0 0 0 0 0 0 0 0 0 0 0 0 0 0 0 0 0 0
0 0 0 0 0 0 0 0 0 0 0 0 0 0 0 0 0 0 0 0 0 0 0 0 0 0 0 0 0 0
0 0 0 0 0 0 0 0 0 0 0 0 0 0 0 0 0 0 0 0 0 0 0 0 0 0 0 0 0 0
0 0 0 0 0 0 0 0 0 0 0 0 0 0 0 0 0 0 0 0 0 0 0 0 0 0 0 0 0 0
0 0 0 0 0 0 0 0 0 0 0 0 0 0 0 0 0 0 0 0 0 0 0 0 0 0 0 0 0 0
0 0 0 0 0 0 0 0 0 0 0 0 0 0 0 0 0 0 0 0 0 0 0 0 0 0 0 0 0 0
0 0 0 0 0 0 0 0 0 0 0 0 0 0 0 0 0 0 0 0 0 0 0 0 0 0 0 0 0 0
0 0 0 0 0 0 0 0 0 0 0 0 0 0 0 0 0 0 0 0 0 0 0 0 0 0 9 9 0 0
0 0 0 0 0 0 0 0 0 0 0 0 0 0 0 0 0 0 0 0 0 0 0 0 0 0 9 9 0 0
0 0 0 0 0 0 0 0 0 0 0 0 0 0 0 0 0 0 0 0 0 0 0 0 0 0 0 0 0 0
0 0 0 0 0 0 0 0 0 0 0 0 0 0 0 0 0 0 0 0 0 0 0 0 0 0 0 0 0 0
0 0 0 0 0 0 0 0 0 0 0 0 0 0 0 0 0 0 0 0 0 0 0 0 0 0 0 0 0 0
0 0 0 0 0 0 0 0 0 0 0 0 0 0 0 0 0 0 0 0 0 0 0 0 0 0 0 0 0 0
0 0 0 0 0 0 0 0 0 0 0 0 0 0 0 0 0 0 0 0 0 0 0 0 0 0 0 0 0 0
0 0 0 0 0 0 0 0 0 0 0 0 0 0 0 0 0 0 0 0 0 0 0 0 0 0 0 0 0 0
0 0 0 0 0 0 0 0 0 0 0 0 0 0 0 0 0 0 0 0 0 0 0 0 0 0 0 0 0 0
0 0 0 0 0 0 0 0 0 0 0 0 0 0 0 0 0 0 0 0 0 0 0 0 0 0 0 0 0 0
Output:
0 0 0 0 0 0 0 0 0 0 0 0 3 3 3 3 9 9 9 9 9 9 9 9 3 3 3 3 0 0
0 0 0 0 0 0 0 0 0 0 0 0 3 3 3 3 9 9 9 9 9 9 9 9 3 3 3 3 0 0
0 0 0 0 0 0 0 0 0 0 0 0 3 3 3 3 9 9 9 9 9 9 9 9 3 3 3 3 0 0
0 0 0 0 0 0 0 0 0 0 0 0 3 3 3 3 9 9 9 9 9 9 9 9 3 3 3 3 0 0
0 0 0 0 0 0 0 0 0 0 0 0 3 3 3 3 9 9 9 9 9 9 9 9 3 3 3 3 0 0
0 0 0 0 0 0 0 0 0 0 0 0 3 3 3 3 9 9 9 9 9 9 9 9 3 3 3 3 0 0
0 0 0 0 0 0 0 0 0 0 0 0 3 3 3 3 9 9 9 9 9 9 9 9 3 3 3 3 0 0
0 0 0 0 0 0 0 0 0 0 0 0 3 3 3 3 3 3 3 3 3 3 3 3 3 3 3 3 0 0
0 0 0 0 0 0 0 0 0 0 0 0 3 3 3 3 3 3 3 3 3 3 3 3 3 3 3 3 0 0
0 0 0 0 0 0 0 0 0 0 0 0 3 3 3 3 3 3 3 3 3 3 3 3 3 3 3 3 0 0
0 0 0 0 0 0 0 0 0 0 0 0 3 3 3 3 3 3 3 3 3 3 3 3 3 3 3 3 0 0
0 0 0 0 0 0 0 0 0 0 0 0 0 0 0 0 1 1 1 1 1 1 1 1 0 0 0 0 0 0
0 0 0 0 0 0 0 0 0 0 0 0 0 0 0 0 1 1 1 1 1 1 1 1 0 0 0 0 0 0
0 0 0 0 0 0 0 0 0 0 0 0 0 0 0 0 1 1 1 1 1 1 1 1 0 0 0 0 0 0
0 0 0 0 0 0 0 0 0 0 0 0 0 0 0 0 1 1 1 1 1 1 1 1 0 0 0 0 0 0
0 0 0 0 0 0 0 0 0 0 0 0 0 0 0 0 1 1 1 1 1 1 1 1 0 0 0 0 0 0
0 0 0 0 0 0 0 0 0 0 0 0 0 0 0 0 1 1 1 1 1 1 1 1 0 0 0 0 0 0
0 0 0 0 0 0 0 0 0 0 0 0 0 0 0 0 1 1 1 1 1 1 1 1 0 0 0 0 0 0
0 0 0 0 0 0 0 0 0 0 0 0 0 0 0 0 1 1 1 1 1 1 1 1 0 0 0 0 0 0
0 0 0 0 0 0 0 0 0 0 0 0 0 0 0 0 1 1 1 1 1 1 1 1 0 3 3 3 3 0
0 0 0 0 0 0 0 0 0 0 0 0 0 0 0 0 1 1 1 1 1 1 1 1 0 3 9 9 3 0
0 0 0 0 0 0 0 0 0 0 0 0 0 0 0 0 1 1 1 1 1 1 1 1 0 3 9 9 3 0
0 0 0 0 0 0 0 0 0 0 0 0 0 0 0 0 1 1 1 1 1 1 1 1 0 3 3 3 3 0
0 0 0 0 0 0 0 0 0 0 0 0 0 0 0 0 1 1 1 1 1 1 1 1 0 0 1 1 0 0
0 0 0 0 0 0 0 0 0 0 0 0 0 0 0 0 1 1 1 1 1 1 1 1 0 0 1 1 0 0
0 0 0 0 0 0 0 0 0 0 0 0 0 0 0 0 1 1 1 1 1 1 1 1 0 0 1 1 0 0
0 0 0 0 0 0 0 0 0 0 0 0 0 0 0 0 1 1 1 1 1 1 1 1 0 0 1 1 0 0
0 0 0 0 0 0 0 0 0 0 0 0 0 0 0 0 1 1 1 1 1 1 1 1 0 0 1 1 0 0
0 0 0 0 0 0 0 0 0 0 0 0 0 0 0 0 1 1 1 1 1 1 1 1 0 0 1 1 0 0
0 0 0 0 0 0 0 0 0 0 0 0 0 0 0 0 1 1 1 1 1 1 1 1 0 0 1 1 0 0

Example 1:

Input:
0 0 0 0 0 0 0 0 0 0
0 0 0 0 0 0 0 0 0 0
0 0 0 0 0 0 0 0 0 0
0 0 0 0 0 0 0 0 9 9
0 0 0 0 0 0 0 0 9 9
0 0 0 0 0 0 0 0 0 0
0 0 0 0 0 0 0 0 0 0
0 0 0 0 0 0 0 0 0 0
0 0 0 0 0 0 0 0 9 9
0 0 0 0 0 0 0 0 9 9
Output:
0 0 0 0 0 0 0 0 0 0
0 0 0 0 0 0 0 0 0 0
0 0 0 0 0 0 0 3 3 3
0 0 0 0 0 0 0 3 9 9
0 0 0 0 0 0 0 3 9 9
0 0 0 0 0 0 0 3 3 3
0 0 0 0 0 0 0 0 1 1
0 0 0 0 0 0 0 3 3 3
0 0 0 0 0 0 0 3 9 9
0 0 0 0 0 0 0 3 9 9

Example 1:

Input:
0 0 0 0 0 0 0 0 0 0
9 9 0 0 0 0 0 0 0 0
9 9 0 0 0 0 0 0 0 0
0 0 0 0 0 0 0 0 0 0
0 0 0 0 0 0 0 0 0 0
0 0 0 0 0 0 0 0 0 0
0 0 9 9 0 0 0 0 0 0
0 0 9 9 0 0 0 0 0 0
0 0 0 0 0 0 0 0 0 0
0 0 0 0 0 0 0 0 0 0
Output:
3 3 3 0 0 0 0 0 0 0
9 9 3 0 0 0 0 0 0 0
9 9 3 0 0 0 0 0 0 0
3 3 3 0 0 0 0 0 0 0
1 1 0 0 0 0 0 0 0 0
1 3 3 3 3 0 0 0 0 0
1 3 9 9 3 0 0 0 0 0
1 3 9 9 3 0 0 0 0 0
1 3 3 3 3 0 0 0 0 0
1 1 1 1 0 0 0 0 0 0


Write the **short** Python code in code golf manners that performs the transformation according to the rule in following format: `def p(g): ...`. Note that input and output are passed by 2D arrays.