Find the common rule that maps an input grid to an output grid, given the examples below.

Example 1:

Input:
3 7 3 3 3 3 3 3 3 3 7 3 3 7 3
3 7 3 3 3 3 3 3 3 3 7 3 3 7 3
7 7 7 7 7 7 7 7 7 7 7 7 7 7 7
3 7 3 3 3 3 3 3 3 3 7 3 3 7 3
3 7 3 3 3 3 3 3 3 3 7 3 3 7 3
3 7 3 3 3 3 3 3 3 3 7 3 3 7 3
3 7 3 3 3 3 3 3 3 3 7 3 3 7 3
3 7 3 3 3 3 3 3 3 3 7 3 3 7 3
3 7 3 3 3 3 3 3 3 3 7 3 3 7 3
3 7 3 3 3 3 3 3 3 3 7 3 3 7 3
3 7 3 3 3 3 3 3 3 3 7 3 3 7 3
3 7 3 3 3 3 3 3 3 3 7 3 3 7 3
3 7 3 3 3 3 3 3 3 3 7 3 3 7 3
3 7 3 3 3 3 3 3 3 3 7 3 3 7 3
3 7 3 3 3 3 3 3 3 3 7 3 3 7 3
Output:
3 3 3 3
3 3 3 3

Example 1:

Input:
1 1 1 1 8 1 1 1 1 1 1
1 1 1 1 8 1 1 1 1 1 1
1 1 1 1 8 1 1 1 1 1 1
8 8 8 8 8 8 8 8 8 8 8
1 1 1 1 8 1 1 1 1 1 1
1 1 1 1 8 1 1 1 1 1 1
1 1 1 1 8 1 1 1 1 1 1
1 1 1 1 8 1 1 1 1 1 1
1 1 1 1 8 1 1 1 1 1 1
8 8 8 8 8 8 8 8 8 8 8
1 1 1 1 8 1 1 1 1 1 1
Output:
1 1
1 1
1 1

Example 1:

Input:
3 3 3 3 3 3 1 3 3 3 3 3 3 3 3 3 3 3 3 3 3 1 3 1 3 1 3
3 3 3 3 3 3 1 3 3 3 3 3 3 3 3 3 3 3 3 3 3 1 3 1 3 1 3
1 1 1 1 1 1 1 1 1 1 1 1 1 1 1 1 1 1 1 1 1 1 1 1 1 1 1
3 3 3 3 3 3 1 3 3 3 3 3 3 3 3 3 3 3 3 3 3 1 3 1 3 1 3
3 3 3 3 3 3 1 3 3 3 3 3 3 3 3 3 3 3 3 3 3 1 3 1 3 1 3
3 3 3 3 3 3 1 3 3 3 3 3 3 3 3 3 3 3 3 3 3 1 3 1 3 1 3
3 3 3 3 3 3 1 3 3 3 3 3 3 3 3 3 3 3 3 3 3 1 3 1 3 1 3
1 1 1 1 1 1 1 1 1 1 1 1 1 1 1 1 1 1 1 1 1 1 1 1 1 1 1
3 3 3 3 3 3 1 3 3 3 3 3 3 3 3 3 3 3 3 3 3 1 3 1 3 1 3
3 3 3 3 3 3 1 3 3 3 3 3 3 3 3 3 3 3 3 3 3 1 3 1 3 1 3
3 3 3 3 3 3 1 3 3 3 3 3 3 3 3 3 3 3 3 3 3 1 3 1 3 1 3
3 3 3 3 3 3 1 3 3 3 3 3 3 3 3 3 3 3 3 3 3 1 3 1 3 1 3
3 3 3 3 3 3 1 3 3 3 3 3 3 3 3 3 3 3 3 3 3 1 3 1 3 1 3
3 3 3 3 3 3 1 3 3 3 3 3 3 3 3 3 3 3 3 3 3 1 3 1 3 1 3
3 3 3 3 3 3 1 3 3 3 3 3 3 3 3 3 3 3 3 3 3 1 3 1 3 1 3
3 3 3 3 3 3 1 3 3 3 3 3 3 3 3 3 3 3 3 3 3 1 3 1 3 1 3
1 1 1 1 1 1 1 1 1 1 1 1 1 1 1 1 1 1 1 1 1 1 1 1 1 1 1
3 3 3 3 3 3 1 3 3 3 3 3 3 3 3 3 3 3 3 3 3 1 3 1 3 1 3
3 3 3 3 3 3 1 3 3 3 3 3 3 3 3 3 3 3 3 3 3 1 3 1 3 1 3
3 3 3 3 3 3 1 3 3 3 3 3 3 3 3 3 3 3 3 3 3 1 3 1 3 1 3
3 3 3 3 3 3 1 3 3 3 3 3 3 3 3 3 3 3 3 3 3 1 3 1 3 1 3
1 1 1 1 1 1 1 1 1 1 1 1 1 1 1 1 1 1 1 1 1 1 1 1 1 1 1
3 3 3 3 3 3 1 3 3 3 3 3 3 3 3 3 3 3 3 3 3 1 3 1 3 1 3
1 1 1 1 1 1 1 1 1 1 1 1 1 1 1 1 1 1 1 1 1 1 1 1 1 1 1
3 3 3 3 3 3 1 3 3 3 3 3 3 3 3 3 3 3 3 3 3 1 3 1 3 1 3
3 3 3 3 3 3 1 3 3 3 3 3 3 3 3 3 3 3 3 3 3 1 3 1 3 1 3
3 3 3 3 3 3 1 3 3 3 3 3 3 3 3 3 3 3 3 3 3 1 3 1 3 1 3
Output:
3 3 3 3 3
3 3 3 3 3
3 3 3 3 3
3 3 3 3 3
3 3 3 3 3
3 3 3 3 3

Example 1:

Input:
1 1 1 1 1 1 1 1 1 1 1 1 1 1 1 5 1 1 1 1 5 1
1 1 1 1 1 1 1 1 1 1 1 1 1 1 1 5 1 1 1 1 5 1
5 5 5 5 5 5 5 5 5 5 5 5 5 5 5 5 5 5 5 5 5 5
1 1 1 1 1 1 1 1 1 1 1 1 1 1 1 5 1 1 1 1 5 1
1 1 1 1 1 1 1 1 1 1 1 1 1 1 1 5 1 1 1 1 5 1
1 1 1 1 1 1 1 1 1 1 1 1 1 1 1 5 1 1 1 1 5 1
1 1 1 1 1 1 1 1 1 1 1 1 1 1 1 5 1 1 1 1 5 1
5 5 5 5 5 5 5 5 5 5 5 5 5 5 5 5 5 5 5 5 5 5
1 1 1 1 1 1 1 1 1 1 1 1 1 1 1 5 1 1 1 1 5 1
1 1 1 1 1 1 1 1 1 1 1 1 1 1 1 5 1 1 1 1 5 1
1 1 1 1 1 1 1 1 1 1 1 1 1 1 1 5 1 1 1 1 5 1
1 1 1 1 1 1 1 1 1 1 1 1 1 1 1 5 1 1 1 1 5 1
5 5 5 5 5 5 5 5 5 5 5 5 5 5 5 5 5 5 5 5 5 5
1 1 1 1 1 1 1 1 1 1 1 1 1 1 1 5 1 1 1 1 5 1
1 1 1 1 1 1 1 1 1 1 1 1 1 1 1 5 1 1 1 1 5 1
1 1 1 1 1 1 1 1 1 1 1 1 1 1 1 5 1 1 1 1 5 1
1 1 1 1 1 1 1 1 1 1 1 1 1 1 1 5 1 1 1 1 5 1
5 5 5 5 5 5 5 5 5 5 5 5 5 5 5 5 5 5 5 5 5 5
1 1 1 1 1 1 1 1 1 1 1 1 1 1 1 5 1 1 1 1 5 1
1 1 1 1 1 1 1 1 1 1 1 1 1 1 1 5 1 1 1 1 5 1
1 1 1 1 1 1 1 1 1 1 1 1 1 1 1 5 1 1 1 1 5 1
1 1 1 1 1 1 1 1 1 1 1 1 1 1 1 5 1 1 1 1 5 1
Output:
1 1 1
1 1 1
1 1 1
1 1 1
1 1 1

Example 1:

Input:
2 2 2 2 2 2 2 2 2 2 2 2 2 2 2 7 2 2 2 2 2 2 2 7 2 7 2 2 2 2 2 2 2 7 2 2 2 2 7 2 2 2 2 2 2 2 2 2
2 2 2 2 2 2 2 2 2 2 2 2 2 2 2 7 2 2 2 2 2 2 2 7 2 7 2 2 2 2 2 2 2 7 2 2 2 2 7 2 2 2 2 2 2 2 2 2
2 2 2 2 2 2 2 2 2 2 2 2 2 2 2 7 2 2 2 2 2 2 2 7 2 7 2 2 2 2 2 2 2 7 2 2 2 2 7 2 2 2 2 2 2 2 2 2
2 2 2 2 2 2 2 2 2 2 2 2 2 2 2 7 2 2 2 2 2 2 2 7 2 7 2 2 2 2 2 2 2 7 2 2 2 2 7 2 2 2 2 2 2 2 2 2
2 2 2 2 2 2 2 2 2 2 2 2 2 2 2 7 2 2 2 2 2 2 2 7 2 7 2 2 2 2 2 2 2 7 2 2 2 2 7 2 2 2 2 2 2 2 2 2
2 2 2 2 2 2 2 2 2 2 2 2 2 2 2 7 2 2 2 2 2 2 2 7 2 7 2 2 2 2 2 2 2 7 2 2 2 2 7 2 2 2 2 2 2 2 2 2
2 2 2 2 2 2 2 2 2 2 2 2 2 2 2 7 2 2 2 2 2 2 2 7 2 7 2 2 2 2 2 2 2 7 2 2 2 2 7 2 2 2 2 2 2 2 2 2
2 2 2 2 2 2 2 2 2 2 2 2 2 2 2 7 2 2 2 2 2 2 2 7 2 7 2 2 2 2 2 2 2 7 2 2 2 2 7 2 2 2 2 2 2 2 2 2
2 2 2 2 2 2 2 2 2 2 2 2 2 2 2 7 2 2 2 2 2 2 2 7 2 7 2 2 2 2 2 2 2 7 2 2 2 2 7 2 2 2 2 2 2 2 2 2
2 2 2 2 2 2 2 2 2 2 2 2 2 2 2 7 2 2 2 2 2 2 2 7 2 7 2 2 2 2 2 2 2 7 2 2 2 2 7 2 2 2 2 2 2 2 2 2
2 2 2 2 2 2 2 2 2 2 2 2 2 2 2 7 2 2 2 2 2 2 2 7 2 7 2 2 2 2 2 2 2 7 2 2 2 2 7 2 2 2 2 2 2 2 2 2
2 2 2 2 2 2 2 2 2 2 2 2 2 2 2 7 2 2 2 2 2 2 2 7 2 7 2 2 2 2 2 2 2 7 2 2 2 2 7 2 2 2 2 2 2 2 2 2
7 7 7 7 7 7 7 7 7 7 7 7 7 7 7 7 7 7 7 7 7 7 7 7 7 7 7 7 7 7 7 7 7 7 7 7 7 7 7 7 7 7 7 7 7 7 7 7
2 2 2 2 2 2 2 2 2 2 2 2 2 2 2 7 2 2 2 2 2 2 2 7 2 7 2 2 2 2 2 2 2 7 2 2 2 2 7 2 2 2 2 2 2 2 2 2
2 2 2 2 2 2 2 2 2 2 2 2 2 2 2 7 2 2 2 2 2 2 2 7 2 7 2 2 2 2 2 2 2 7 2 2 2 2 7 2 2 2 2 2 2 2 2 2
2 2 2 2 2 2 2 2 2 2 2 2 2 2 2 7 2 2 2 2 2 2 2 7 2 7 2 2 2 2 2 2 2 7 2 2 2 2 7 2 2 2 2 2 2 2 2 2
2 2 2 2 2 2 2 2 2 2 2 2 2 2 2 7 2 2 2 2 2 2 2 7 2 7 2 2 2 2 2 2 2 7 2 2 2 2 7 2 2 2 2 2 2 2 2 2
7 7 7 7 7 7 7 7 7 7 7 7 7 7 7 7 7 7 7 7 7 7 7 7 7 7 7 7 7 7 7 7 7 7 7 7 7 7 7 7 7 7 7 7 7 7 7 7
2 2 2 2 2 2 2 2 2 2 2 2 2 2 2 7 2 2 2 2 2 2 2 7 2 7 2 2 2 2 2 2 2 7 2 2 2 2 7 2 2 2 2 2 2 2 2 2
2 2 2 2 2 2 2 2 2 2 2 2 2 2 2 7 2 2 2 2 2 2 2 7 2 7 2 2 2 2 2 2 2 7 2 2 2 2 7 2 2 2 2 2 2 2 2 2
7 7 7 7 7 7 7 7 7 7 7 7 7 7 7 7 7 7 7 7 7 7 7 7 7 7 7 7 7 7 7 7 7 7 7 7 7 7 7 7 7 7 7 7 7 7 7 7
2 2 2 2 2 2 2 2 2 2 2 2 2 2 2 7 2 2 2 2 2 2 2 7 2 7 2 2 2 2 2 2 2 7 2 2 2 2 7 2 2 2 2 2 2 2 2 2
2 2 2 2 2 2 2 2 2 2 2 2 2 2 2 7 2 2 2 2 2 2 2 7 2 7 2 2 2 2 2 2 2 7 2 2 2 2 7 2 2 2 2 2 2 2 2 2
2 2 2 2 2 2 2 2 2 2 2 2 2 2 2 7 2 2 2 2 2 2 2 7 2 7 2 2 2 2 2 2 2 7 2 2 2 2 7 2 2 2 2 2 2 2 2 2
2 2 2 2 2 2 2 2 2 2 2 2 2 2 2 7 2 2 2 2 2 2 2 7 2 7 2 2 2 2 2 2 2 7 2 2 2 2 7 2 2 2 2 2 2 2 2 2
2 2 2 2 2 2 2 2 2 2 2 2 2 2 2 7 2 2 2 2 2 2 2 7 2 7 2 2 2 2 2 2 2 7 2 2 2 2 7 2 2 2 2 2 2 2 2 2
7 7 7 7 7 7 7 7 7 7 7 7 7 7 7 7 7 7 7 7 7 7 7 7 7 7 7 7 7 7 7 7 7 7 7 7 7 7 7 7 7 7 7 7 7 7 7 7
2 2 2 2 2 2 2 2 2 2 2 2 2 2 2 7 2 2 2 2 2 2 2 7 2 7 2 2 2 2 2 2 2 7 2 2 2 2 7 2 2 2 2 2 2 2 2 2
7 7 7 7 7 7 7 7 7 7 7 7 7 7 7 7 7 7 7 7 7 7 7 7 7 7 7 7 7 7 7 7 7 7 7 7 7 7 7 7 7 7 7 7 7 7 7 7
2 2 2 2 2 2 2 2 2 2 2 2 2 2 2 7 2 2 2 2 2 2 2 7 2 7 2 2 2 2 2 2 2 7 2 2 2 2 7 2 2 2 2 2 2 2 2 2
2 2 2 2 2 2 2 2 2 2 2 2 2 2 2 7 2 2 2 2 2 2 2 7 2 7 2 2 2 2 2 2 2 7 2 2 2 2 7 2 2 2 2 2 2 2 2 2
2 2 2 2 2 2 2 2 2 2 2 2 2 2 2 7 2 2 2 2 2 2 2 7 2 7 2 2 2 2 2 2 2 7 2 2 2 2 7 2 2 2 2 2 2 2 2 2
2 2 2 2 2 2 2 2 2 2 2 2 2 2 2 7 2 2 2 2 2 2 2 7 2 7 2 2 2 2 2 2 2 7 2 2 2 2 7 2 2 2 2 2 2 2 2 2
2 2 2 2 2 2 2 2 2 2 2 2 2 2 2 7 2 2 2 2 2 2 2 7 2 7 2 2 2 2 2 2 2 7 2 2 2 2 7 2 2 2 2 2 2 2 2 2
2 2 2 2 2 2 2 2 2 2 2 2 2 2 2 7 2 2 2 2 2 2 2 7 2 7 2 2 2 2 2 2 2 7 2 2 2 2 7 2 2 2 2 2 2 2 2 2
2 2 2 2 2 2 2 2 2 2 2 2 2 2 2 7 2 2 2 2 2 2 2 7 2 7 2 2 2 2 2 2 2 7 2 2 2 2 7 2 2 2 2 2 2 2 2 2
2 2 2 2 2 2 2 2 2 2 2 2 2 2 2 7 2 2 2 2 2 2 2 7 2 7 2 2 2 2 2 2 2 7 2 2 2 2 7 2 2 2 2 2 2 2 2 2
2 2 2 2 2 2 2 2 2 2 2 2 2 2 2 7 2 2 2 2 2 2 2 7 2 7 2 2 2 2 2 2 2 7 2 2 2 2 7 2 2 2 2 2 2 2 2 2
2 2 2 2 2 2 2 2 2 2 2 2 2 2 2 7 2 2 2 2 2 2 2 7 2 7 2 2 2 2 2 2 2 7 2 2 2 2 7 2 2 2 2 2 2 2 2 2
Output:
2 2 2 2 2 2
2 2 2 2 2 2
2 2 2 2 2 2
2 2 2 2 2 2
2 2 2 2 2 2
2 2 2 2 2 2

Example 1:

Input:
9 9 9 9 7 9 9 7 9 7 9 9 9 9 9 9 9 9 9 9 9 7 9 7 9 9 9 9 9 9 9 9 9
9 9 9 9 7 9 9 7 9 7 9 9 9 9 9 9 9 9 9 9 9 7 9 7 9 9 9 9 9 9 9 9 9
9 9 9 9 7 9 9 7 9 7 9 9 9 9 9 9 9 9 9 9 9 7 9 7 9 9 9 9 9 9 9 9 9
9 9 9 9 7 9 9 7 9 7 9 9 9 9 9 9 9 9 9 9 9 7 9 7 9 9 9 9 9 9 9 9 9
9 9 9 9 7 9 9 7 9 7 9 9 9 9 9 9 9 9 9 9 9 7 9 7 9 9 9 9 9 9 9 9 9
9 9 9 9 7 9 9 7 9 7 9 9 9 9 9 9 9 9 9 9 9 7 9 7 9 9 9 9 9 9 9 9 9
9 9 9 9 7 9 9 7 9 7 9 9 9 9 9 9 9 9 9 9 9 7 9 7 9 9 9 9 9 9 9 9 9
7 7 7 7 7 7 7 7 7 7 7 7 7 7 7 7 7 7 7 7 7 7 7 7 7 7 7 7 7 7 7 7 7
9 9 9 9 7 9 9 7 9 7 9 9 9 9 9 9 9 9 9 9 9 7 9 7 9 9 9 9 9 9 9 9 9
9 9 9 9 7 9 9 7 9 7 9 9 9 9 9 9 9 9 9 9 9 7 9 7 9 9 9 9 9 9 9 9 9
9 9 9 9 7 9 9 7 9 7 9 9 9 9 9 9 9 9 9 9 9 7 9 7 9 9 9 9 9 9 9 9 9
9 9 9 9 7 9 9 7 9 7 9 9 9 9 9 9 9 9 9 9 9 7 9 7 9 9 9 9 9 9 9 9 9
9 9 9 9 7 9 9 7 9 7 9 9 9 9 9 9 9 9 9 9 9 7 9 7 9 9 9 9 9 9 9 9 9
Output:
9 9 9 9 9 9
9 9 9 9 9 9

Example 1:

Input:
6 6 6 6 6 6 6 6 6 6 6 6 6 6 7 6 6 6 6
7 7 7 7 7 7 7 7 7 7 7 7 7 7 7 7 7 7 7
6 6 6 6 6 6 6 6 6 6 6 6 6 6 7 6 6 6 6
6 6 6 6 6 6 6 6 6 6 6 6 6 6 7 6 6 6 6
6 6 6 6 6 6 6 6 6 6 6 6 6 6 7 6 6 6 6
6 6 6 6 6 6 6 6 6 6 6 6 6 6 7 6 6 6 6
6 6 6 6 6 6 6 6 6 6 6 6 6 6 7 6 6 6 6
6 6 6 6 6 6 6 6 6 6 6 6 6 6 7 6 6 6 6
Output:
6 6
6 6

Example 1:

Input:
1 1 1 1 1 1 1 4 1 1 1 1 1 1 1 1 4 1 4 1 1 1 1 1 1 1 1 1 1
1 1 1 1 1 1 1 4 1 1 1 1 1 1 1 1 4 1 4 1 1 1 1 1 1 1 1 1 1
4 4 4 4 4 4 4 4 4 4 4 4 4 4 4 4 4 4 4 4 4 4 4 4 4 4 4 4 4
1 1 1 1 1 1 1 4 1 1 1 1 1 1 1 1 4 1 4 1 1 1 1 1 1 1 1 1 1
1 1 1 1 1 1 1 4 1 1 1 1 1 1 1 1 4 1 4 1 1 1 1 1 1 1 1 1 1
1 1 1 1 1 1 1 4 1 1 1 1 1 1 1 1 4 1 4 1 1 1 1 1 1 1 1 1 1
1 1 1 1 1 1 1 4 1 1 1 1 1 1 1 1 4 1 4 1 1 1 1 1 1 1 1 1 1
1 1 1 1 1 1 1 4 1 1 1 1 1 1 1 1 4 1 4 1 1 1 1 1 1 1 1 1 1
1 1 1 1 1 1 1 4 1 1 1 1 1 1 1 1 4 1 4 1 1 1 1 1 1 1 1 1 1
1 1 1 1 1 1 1 4 1 1 1 1 1 1 1 1 4 1 4 1 1 1 1 1 1 1 1 1 1
1 1 1 1 1 1 1 4 1 1 1 1 1 1 1 1 4 1 4 1 1 1 1 1 1 1 1 1 1
1 1 1 1 1 1 1 4 1 1 1 1 1 1 1 1 4 1 4 1 1 1 1 1 1 1 1 1 1
1 1 1 1 1 1 1 4 1 1 1 1 1 1 1 1 4 1 4 1 1 1 1 1 1 1 1 1 1
4 4 4 4 4 4 4 4 4 4 4 4 4 4 4 4 4 4 4 4 4 4 4 4 4 4 4 4 4
1 1 1 1 1 1 1 4 1 1 1 1 1 1 1 1 4 1 4 1 1 1 1 1 1 1 1 1 1
1 1 1 1 1 1 1 4 1 1 1 1 1 1 1 1 4 1 4 1 1 1 1 1 1 1 1 1 1
1 1 1 1 1 1 1 4 1 1 1 1 1 1 1 1 4 1 4 1 1 1 1 1 1 1 1 1 1
4 4 4 4 4 4 4 4 4 4 4 4 4 4 4 4 4 4 4 4 4 4 4 4 4 4 4 4 4
1 1 1 1 1 1 1 4 1 1 1 1 1 1 1 1 4 1 4 1 1 1 1 1 1 1 1 1 1
1 1 1 1 1 1 1 4 1 1 1 1 1 1 1 1 4 1 4 1 1 1 1 1 1 1 1 1 1
1 1 1 1 1 1 1 4 1 1 1 1 1 1 1 1 4 1 4 1 1 1 1 1 1 1 1 1 1
1 1 1 1 1 1 1 4 1 1 1 1 1 1 1 1 4 1 4 1 1 1 1 1 1 1 1 1 1
1 1 1 1 1 1 1 4 1 1 1 1 1 1 1 1 4 1 4 1 1 1 1 1 1 1 1 1 1
1 1 1 1 1 1 1 4 1 1 1 1 1 1 1 1 4 1 4 1 1 1 1 1 1 1 1 1 1
1 1 1 1 1 1 1 4 1 1 1 1 1 1 1 1 4 1 4 1 1 1 1 1 1 1 1 1 1
1 1 1 1 1 1 1 4 1 1 1 1 1 1 1 1 4 1 4 1 1 1 1 1 1 1 1 1 1
1 1 1 1 1 1 1 4 1 1 1 1 1 1 1 1 4 1 4 1 1 1 1 1 1 1 1 1 1
1 1 1 1 1 1 1 4 1 1 1 1 1 1 1 1 4 1 4 1 1 1 1 1 1 1 1 1 1
1 1 1 1 1 1 1 4 1 1 1 1 1 1 1 1 4 1 4 1 1 1 1 1 1 1 1 1 1
1 1 1 1 1 1 1 4 1 1 1 1 1 1 1 1 4 1 4 1 1 1 1 1 1 1 1 1 1
1 1 1 1 1 1 1 4 1 1 1 1 1 1 1 1 4 1 4 1 1 1 1 1 1 1 1 1 1
1 1 1 1 1 1 1 4 1 1 1 1 1 1 1 1 4 1 4 1 1 1 1 1 1 1 1 1 1
Output:
1 1 1 1
1 1 1 1
1 1 1 1
1 1 1 1


Write the **short** Python code in code golf manners that performs the transformation according to the rule in following format: `def p(g): ...`. Note that input and output are passed by 2D arrays.