Find the common rule that maps an input grid to an output grid, given the examples below.

Example 1:

Input:
6 0 0 0 0 0 0 0 0 0 0 0 0 0 0
6 0 0 0 0 0 0 0 0 0 0 0 0 0 0
6 0 0 0 0 0 0 0 0 0 0 0 0 0 0
6 0 0 0 0 0 0 0 0 0 0 0 0 0 0
6 0 0 0 0 0 0 0 0 0 0 0 0 0 0
6 0 0 0 0 0 0 0 0 0 0 0 0 0 0
6 0 0 0 0 0 0 0 0 0 0 0 0 0 0
6 0 0 0 0 0 0 0 0 0 0 0 0 0 0
6 0 0 0 0 0 0 0 0 0 0 0 0 0 0
6 0 0 0 0 0 0 0 0 0 0 0 0 0 0
6 0 0 0 0 0 0 0 0 0 0 0 0 0 0
6 0 0 0 0 0 0 0 0 0 0 0 0 0 0
6 0 0 0 0 0 0 0 0 0 0 0 0 0 0
6 0 0 0 0 0 0 0 0 0 0 0 0 0 0
6 0 0 0 0 0 0 0 0 0 0 0 0 0 0
Output:
6 0 0 0 0 0 0 0 0 0 0 0 0 0 2
6 0 0 0 0 0 0 0 0 0 0 0 0 2 0
6 0 0 0 0 0 0 0 0 0 0 0 2 0 0
6 0 0 0 0 0 0 0 0 0 0 2 0 0 0
6 0 0 0 0 0 0 0 0 0 2 0 0 0 0
6 0 0 0 0 0 0 0 0 2 0 0 0 0 0
6 0 0 0 0 0 0 0 2 0 0 0 0 0 0
6 0 0 0 0 0 0 2 0 0 0 0 0 0 0
6 0 0 0 0 0 2 0 0 0 0 0 0 0 0
6 0 0 0 0 2 0 0 0 0 0 0 0 0 0
6 0 0 0 2 0 0 0 0 0 0 0 0 0 0
6 0 0 2 0 0 0 0 0 0 0 0 0 0 0
6 0 2 0 0 0 0 0 0 0 0 0 0 0 0
6 2 0 0 0 0 0 0 0 0 0 0 0 0 0
6 4 4 4 4 4 4 4 4 4 4 4 4 4 4

Example 1:

Input:
5 0 0
5 0 0
5 0 0
Output:
5 0 2
5 2 0
5 4 4

Example 1:

Input:
8 0 0 0 0 0 0
8 0 0 0 0 0 0
8 0 0 0 0 0 0
8 0 0 0 0 0 0
8 0 0 0 0 0 0
8 0 0 0 0 0 0
8 0 0 0 0 0 0
Output:
8 0 0 0 0 0 2
8 0 0 0 0 2 0
8 0 0 0 2 0 0
8 0 0 2 0 0 0
8 0 2 0 0 0 0
8 2 0 0 0 0 0
8 4 4 4 4 4 4

Example 1:

Input:
3 0 0 0 0 0 0 0 0 0
3 0 0 0 0 0 0 0 0 0
3 0 0 0 0 0 0 0 0 0
3 0 0 0 0 0 0 0 0 0
3 0 0 0 0 0 0 0 0 0
3 0 0 0 0 0 0 0 0 0
3 0 0 0 0 0 0 0 0 0
3 0 0 0 0 0 0 0 0 0
3 0 0 0 0 0 0 0 0 0
3 0 0 0 0 0 0 0 0 0
Output:
3 0 0 0 0 0 0 0 0 2
3 0 0 0 0 0 0 0 2 0
3 0 0 0 0 0 0 2 0 0
3 0 0 0 0 0 2 0 0 0
3 0 0 0 0 2 0 0 0 0
3 0 0 0 2 0 0 0 0 0
3 0 0 2 0 0 0 0 0 0
3 0 2 0 0 0 0 0 0 0
3 2 0 0 0 0 0 0 0 0
3 4 4 4 4 4 4 4 4 4

Example 1:

Input:
2 0 0 0 0 0 0 0 0 0 0 0 0 0 0 0 0 0 0 0
2 0 0 0 0 0 0 0 0 0 0 0 0 0 0 0 0 0 0 0
2 0 0 0 0 0 0 0 0 0 0 0 0 0 0 0 0 0 0 0
2 0 0 0 0 0 0 0 0 0 0 0 0 0 0 0 0 0 0 0
2 0 0 0 0 0 0 0 0 0 0 0 0 0 0 0 0 0 0 0
2 0 0 0 0 0 0 0 0 0 0 0 0 0 0 0 0 0 0 0
2 0 0 0 0 0 0 0 0 0 0 0 0 0 0 0 0 0 0 0
2 0 0 0 0 0 0 0 0 0 0 0 0 0 0 0 0 0 0 0
2 0 0 0 0 0 0 0 0 0 0 0 0 0 0 0 0 0 0 0
2 0 0 0 0 0 0 0 0 0 0 0 0 0 0 0 0 0 0 0
2 0 0 0 0 0 0 0 0 0 0 0 0 0 0 0 0 0 0 0
2 0 0 0 0 0 0 0 0 0 0 0 0 0 0 0 0 0 0 0
2 0 0 0 0 0 0 0 0 0 0 0 0 0 0 0 0 0 0 0
2 0 0 0 0 0 0 0 0 0 0 0 0 0 0 0 0 0 0 0
2 0 0 0 0 0 0 0 0 0 0 0 0 0 0 0 0 0 0 0
2 0 0 0 0 0 0 0 0 0 0 0 0 0 0 0 0 0 0 0
2 0 0 0 0 0 0 0 0 0 0 0 0 0 0 0 0 0 0 0
2 0 0 0 0 0 0 0 0 0 0 0 0 0 0 0 0 0 0 0
2 0 0 0 0 0 0 0 0 0 0 0 0 0 0 0 0 0 0 0
2 0 0 0 0 0 0 0 0 0 0 0 0 0 0 0 0 0 0 0
Output:
2 0 0 0 0 0 0 0 0 0 0 0 0 0 0 0 0 0 0 2
2 0 0 0 0 0 0 0 0 0 0 0 0 0 0 0 0 0 2 0
2 0 0 0 0 0 0 0 0 0 0 0 0 0 0 0 0 2 0 0
2 0 0 0 0 0 0 0 0 0 0 0 0 0 0 0 2 0 0 0
2 0 0 0 0 0 0 0 0 0 0 0 0 0 0 2 0 0 0 0
2 0 0 0 0 0 0 0 0 0 0 0 0 0 2 0 0 0 0 0
2 0 0 0 0 0 0 0 0 0 0 0 0 2 0 0 0 0 0 0
2 0 0 0 0 0 0 0 0 0 0 0 2 0 0 0 0 0 0 0
2 0 0 0 0 0 0 0 0 0 0 2 0 0 0 0 0 0 0 0
2 0 0 0 0 0 0 0 0 0 2 0 0 0 0 0 0 0 0 0
2 0 0 0 0 0 0 0 0 2 0 0 0 0 0 0 0 0 0 0
2 0 0 0 0 0 0 0 2 0 0 0 0 0 0 0 0 0 0 0
2 0 0 0 0 0 0 2 0 0 0 0 0 0 0 0 0 0 0 0
2 0 0 0 0 0 2 0 0 0 0 0 0 0 0 0 0 0 0 0
2 0 0 0 0 2 0 0 0 0 0 0 0 0 0 0 0 0 0 0
2 0 0 0 2 0 0 0 0 0 0 0 0 0 0 0 0 0 0 0
2 0 0 2 0 0 0 0 0 0 0 0 0 0 0 0 0 0 0 0
2 0 2 0 0 0 0 0 0 0 0 0 0 0 0 0 0 0 0 0
2 2 0 0 0 0 0 0 0 0 0 0 0 0 0 0 0 0 0 0
2 4 4 4 4 4 4 4 4 4 4 4 4 4 4 4 4 4 4 4

Example 1:

Input:
6 0 0 0 0 0
6 0 0 0 0 0
6 0 0 0 0 0
6 0 0 0 0 0
6 0 0 0 0 0
6 0 0 0 0 0
Output:
6 0 0 0 0 2
6 0 0 0 2 0
6 0 0 2 0 0
6 0 2 0 0 0
6 2 0 0 0 0
6 4 4 4 4 4

Example 1:

Input:
8 0 0 0 0 0
8 0 0 0 0 0
8 0 0 0 0 0
8 0 0 0 0 0
8 0 0 0 0 0
8 0 0 0 0 0
Output:
8 0 0 0 0 2
8 0 0 0 2 0
8 0 0 2 0 0
8 0 2 0 0 0
8 2 0 0 0 0
8 4 4 4 4 4

Example 1:

Input:
3 0 0 0 0 0 0 0 0 0 0 0 0 0
3 0 0 0 0 0 0 0 0 0 0 0 0 0
3 0 0 0 0 0 0 0 0 0 0 0 0 0
3 0 0 0 0 0 0 0 0 0 0 0 0 0
3 0 0 0 0 0 0 0 0 0 0 0 0 0
3 0 0 0 0 0 0 0 0 0 0 0 0 0
3 0 0 0 0 0 0 0 0 0 0 0 0 0
3 0 0 0 0 0 0 0 0 0 0 0 0 0
3 0 0 0 0 0 0 0 0 0 0 0 0 0
3 0 0 0 0 0 0 0 0 0 0 0 0 0
3 0 0 0 0 0 0 0 0 0 0 0 0 0
3 0 0 0 0 0 0 0 0 0 0 0 0 0
3 0 0 0 0 0 0 0 0 0 0 0 0 0
3 0 0 0 0 0 0 0 0 0 0 0 0 0
Output:
3 0 0 0 0 0 0 0 0 0 0 0 0 2
3 0 0 0 0 0 0 0 0 0 0 0 2 0
3 0 0 0 0 0 0 0 0 0 0 2 0 0
3 0 0 0 0 0 0 0 0 0 2 0 0 0
3 0 0 0 0 0 0 0 0 2 0 0 0 0
3 0 0 0 0 0 0 0 2 0 0 0 0 0
3 0 0 0 0 0 0 2 0 0 0 0 0 0
3 0 0 0 0 0 2 0 0 0 0 0 0 0
3 0 0 0 0 2 0 0 0 0 0 0 0 0
3 0 0 0 2 0 0 0 0 0 0 0 0 0
3 0 0 2 0 0 0 0 0 0 0 0 0 0
3 0 2 0 0 0 0 0 0 0 0 0 0 0
3 2 0 0 0 0 0 0 0 0 0 0 0 0
3 4 4 4 4 4 4 4 4 4 4 4 4 4


Write the **short** Python code in code golf manners that performs the transformation according to the rule in following format: `def p(g): ...`. Note that input and output are passed by 2D arrays.