Find the common rule that maps an input grid to an output grid, given the examples below.

Example 1:

Input:
3 0 0 5 7 0 6 5 8 0 7
0 0 9 5 0 3 0 5 0 6 0
7 2 0 5 0 0 2 5 0 3 0
5 5 5 5 5 5 5 5 5 5 5
7 0 2 5 8 7 0 5 0 2 3
0 0 6 5 0 0 3 5 0 0 7
3 0 0 5 2 0 0 5 0 6 0
5 5 5 5 5 5 5 5 5 5 5
0 3 4 5 0 2 0 5 2 0 7
7 0 0 5 7 0 3 5 0 0 1
0 0 2 5 0 6 0 5 0 3 0
Output:
0 0 0 5 0 0 0 5 0 3 4
0 0 0 5 0 0 0 5 7 0 0
0 0 0 5 0 0 0 5 0 0 2
5 5 5 5 5 5 5 5 5 5 5
0 0 0 5 0 0 0 5 0 0 0
0 0 0 5 0 0 0 5 0 0 0
0 0 0 5 0 0 0 5 0 0 0
5 5 5 5 5 5 5 5 5 5 5
0 0 0 5 0 0 0 5 0 0 0
0 0 0 5 0 0 0 5 0 0 0
0 0 0 5 0 0 0 5 0 0 0

Example 1:

Input:
3 0 0 5 0 2 0 5 0 6 0
0 0 7 5 0 0 0 5 0 0 9
0 6 0 5 0 1 0 5 0 0 0
5 5 5 5 5 5 5 5 5 5 5
0 3 0 5 0 0 0 5 0 0 0
1 0 9 5 0 0 6 5 0 7 3
0 0 0 5 0 0 0 5 0 0 0
5 5 5 5 5 5 5 5 5 5 5
9 0 0 5 0 9 0 5 0 9 0
0 6 0 5 0 0 4 5 0 0 1
0 0 0 5 7 0 0 5 0 0 0
Output:
0 0 0 5 0 0 0 5 0 0 0
0 0 0 5 0 0 0 5 0 0 0
0 0 0 5 0 0 0 5 0 0 0
5 5 5 5 5 5 5 5 5 5 5
0 0 0 5 0 0 0 5 0 9 0
0 0 0 5 0 0 0 5 0 0 4
0 0 0 5 0 0 0 5 7 0 0
5 5 5 5 5 5 5 5 5 5 5
0 0 0 5 0 0 0 5 0 0 0
0 0 0 5 0 0 0 5 0 0 0
0 0 0 5 0 0 0 5 0 0 0

Example 1:

Input:
0 7 0 5 0 6 0 5 7 0 0
8 3 6 5 0 0 0 5 0 8 0
0 0 0 5 0 3 0 5 0 0 0
5 5 5 5 5 5 5 5 5 5 5
0 8 7 5 0 3 0 5 0 0 7
0 0 0 5 8 0 0 5 0 8 6
0 0 6 5 0 0 0 5 3 0 0
5 5 5 5 5 5 5 5 5 5 5
0 6 0 5 0 8 0 5 0 0 0
8 0 0 5 3 0 0 5 4 0 8
0 7 0 5 0 6 0 5 0 6 7
Output:
0 0 0 5 0 0 0 5 0 0 0
0 0 0 5 0 0 0 5 0 0 0
0 0 0 5 0 0 0 5 0 0 0
5 5 5 5 5 5 5 5 5 5 5
0 0 0 5 0 0 0 5 0 0 0
4 0 8 5 0 0 0 5 0 0 0
0 6 7 5 0 0 0 5 0 0 0
5 5 5 5 5 5 5 5 5 5 5
0 0 0 5 0 0 0 5 0 0 0
0 0 0 5 0 0 0 5 0 0 0
0 0 0 5 0 0 0 5 0 0 0

Example 1:

Input:
3 0 0 5 0 1 0 5 0 0 2
0 2 0 5 0 3 0 5 0 6 0
0 0 0 5 0 0 0 5 0 0 0
5 5 5 5 5 5 5 5 5 5 5
0 1 0 5 0 0 0 5 0 3 0
7 0 6 5 2 0 7 5 0 7 0
0 0 0 5 0 0 0 5 0 6 0
5 5 5 5 5 5 5 5 5 5 5
7 0 0 5 0 4 0 5 0 0 3
0 0 0 5 0 7 0 5 2 0 0
0 3 0 5 0 3 0 5 0 0 6
Output:
0 0 0 5 0 4 0 5 0 0 0
0 0 0 5 0 7 0 5 0 0 0
0 0 0 5 0 3 0 5 0 0 0
5 5 5 5 5 5 5 5 5 5 5
0 0 0 5 0 0 0 5 0 0 0
0 0 0 5 0 0 0 5 0 0 0
0 0 0 5 0 0 0 5 0 0 0
5 5 5 5 5 5 5 5 5 5 5
0 0 0 5 0 0 0 5 0 0 0
0 0 0 5 0 0 0 5 0 0 0
0 0 0 5 0 0 0 5 0 0 0

Example 1:

Input:
2 0 3 5 2 0 0 5 0 3 0
7 6 0 5 0 7 0 5 6 7 0
0 0 0 5 6 0 3 5 0 0 2
5 5 5 5 5 5 5 5 5 5 5
7 0 0 5 0 0 0 5 6 0 4
0 6 0 5 0 2 7 5 0 2 0
6 0 2 5 0 3 0 5 0 7 0
5 5 5 5 5 5 5 5 5 5 5
7 0 0 5 0 6 0 5 2 3 0
0 0 6 5 0 2 0 5 0 0 0
2 0 0 5 0 7 0 5 0 6 7
Output:
0 0 0 5 0 0 0 5 6 0 4
0 0 0 5 0 0 0 5 0 2 0
0 0 0 5 0 0 0 5 0 7 0
5 5 5 5 5 5 5 5 5 5 5
0 0 0 5 0 0 0 5 0 0 0
0 0 0 5 0 0 0 5 0 0 0
0 0 0 5 0 0 0 5 0 0 0
5 5 5 5 5 5 5 5 5 5 5
0 0 0 5 0 0 0 5 0 0 0
0 0 0 5 0 0 0 5 0 0 0
0 0 0 5 0 0 0 5 0 0 0

Example 1:

Input:
0 1 0 5 0 0 0 5 0 0 0
0 2 0 5 0 0 0 5 1 0 0
0 3 6 5 1 0 9 5 6 0 0
5 5 5 5 5 5 5 5 5 5 5
9 2 0 5 9 0 0 5 0 0 0
0 0 0 5 8 0 0 5 0 9 7
0 0 0 5 0 0 0 5 0 1 0
5 5 5 5 5 5 5 5 5 5 5
8 2 0 5 0 4 0 5 0 0 0
7 0 0 5 2 6 9 5 9 1 6
0 0 1 5 0 0 0 5 0 8 0
Output:
0 0 0 5 0 4 0 5 0 0 0
0 0 0 5 2 6 9 5 0 0 0
0 0 0 5 0 0 0 5 0 0 0
5 5 5 5 5 5 5 5 5 5 5
0 0 0 5 0 0 0 5 0 0 0
0 0 0 5 0 0 0 5 0 0 0
0 0 0 5 0 0 0 5 0 0 0
5 5 5 5 5 5 5 5 5 5 5
0 0 0 5 0 0 0 5 0 0 0
0 0 0 5 0 0 0 5 0 0 0
0 0 0 5 0 0 0 5 0 0 0

Example 1:

Input:
0 7 0 5 0 0 0 5 1 3 0
0 0 2 5 0 9 0 5 0 0 0
0 0 0 5 8 6 7 5 0 0 0
5 5 5 5 5 5 5 5 5 5 5
8 0 0 5 0 0 0 5 0 1 0
0 0 0 5 9 0 3 5 0 0 7
0 9 0 5 0 8 0 5 0 0 4
5 5 5 5 5 5 5 5 5 5 5
0 3 0 5 0 0 0 5 0 0 0
7 8 0 5 0 0 6 5 0 0 0
0 0 9 5 0 0 9 5 9 1 0
Output:
0 0 0 5 0 0 0 5 0 0 0
0 0 0 5 0 0 0 5 0 0 0
0 0 0 5 0 0 0 5 0 0 0
5 5 5 5 5 5 5 5 5 5 5
0 0 0 5 0 0 0 5 0 0 0
0 0 0 5 0 0 0 5 0 0 0
0 0 0 5 0 0 0 5 0 0 0
5 5 5 5 5 5 5 5 5 5 5
0 0 0 5 0 0 0 5 0 1 0
0 0 0 5 0 0 0 5 0 0 7
0 0 0 5 0 0 0 5 0 0 4

Example 1:

Input:
0 8 0 5 0 0 3 5 0 0 0
0 0 0 5 7 0 0 5 0 8 0
0 1 0 5 4 0 0 5 0 0 7
5 5 5 5 5 5 5 5 5 5 5
0 0 0 5 0 7 0 5 0 0 0
0 3 1 5 0 2 0 5 0 0 0
0 0 0 5 8 0 3 5 6 2 0
5 5 5 5 5 5 5 5 5 5 5
0 0 0 5 0 0 0 5 0 0 0
0 2 9 5 0 0 3 5 0 6 0
0 0 1 5 0 7 0 5 7 0 0
Output:
0 0 0 5 0 0 0 5 0 0 0
0 0 0 5 0 0 0 5 0 0 0
0 0 0 5 0 0 0 5 0 0 0
5 5 5 5 5 5 5 5 5 5 5
0 0 0 5 0 0 0 5 0 0 0
0 0 0 5 0 0 0 5 0 0 0
0 0 0 5 0 0 0 5 0 0 0
5 5 5 5 5 5 5 5 5 5 5
0 0 3 5 0 0 0 5 0 0 0
7 0 0 5 0 0 0 5 0 0 0
4 0 0 5 0 0 0 5 0 0 0


Write Python code that performs the transformation according to the rule in following format: `def p(g): ...`. Note that input and output are passed by 2D arrays.