Find the common rule that maps an input grid to an output grid, given the examples below.

Example 1:

Input:
4 4 4 4 4 4 4 4 4 4 4 4
4 2 2 2 2 2 2 2 2 2 2 4
4 2 1 1 1 1 1 1 1 1 2 4
4 2 1 3 3 3 3 3 3 1 2 4
4 2 1 3 5 5 5 5 3 1 2 4
4 2 1 3 5 8 8 5 3 1 2 4
4 2 1 3 5 8 8 5 3 1 2 4
4 2 1 3 5 5 5 5 3 1 2 4
4 2 1 3 3 3 3 3 3 1 2 4
4 2 1 1 1 1 1 1 1 1 2 4
4 2 2 2 2 2 2 2 2 2 2 4
4 4 4 4 4 4 4 4 4 4 4 4
Output:
8 8 8 8 8 8 8 8 8 8 8 8
8 5 5 5 5 5 5 5 5 5 5 8
8 5 3 3 3 3 3 3 3 3 5 8
8 5 3 1 1 1 1 1 1 3 5 8
8 5 3 1 2 2 2 2 1 3 5 8
8 5 3 1 2 4 4 2 1 3 5 8
8 5 3 1 2 4 4 2 1 3 5 8
8 5 3 1 2 2 2 2 1 3 5 8
8 5 3 1 1 1 1 1 1 3 5 8
8 5 3 3 3 3 3 3 3 3 5 8
8 5 5 5 5 5 5 5 5 5 5 8
8 8 8 8 8 8 8 8 8 8 8 8

Example 1:

Input:
2 2 2 2 2 2
2 1 1 1 1 2
2 1 6 6 1 2
2 1 6 6 1 2
2 1 1 1 1 2
2 2 2 2 2 2
Output:
6 6 6 6 6 6
6 1 1 1 1 6
6 1 2 2 1 6
6 1 2 2 1 6
6 1 1 1 1 6
6 6 6 6 6 6

Example 1:

Input:
8 8 8 8 8 8 8 8
8 1 1 1 1 1 1 8
8 1 2 2 2 2 1 8
8 1 2 4 4 2 1 8
8 1 2 4 4 2 1 8
8 1 2 2 2 2 1 8
8 1 1 1 1 1 1 8
8 8 8 8 8 8 8 8
Output:
4 4 4 4 4 4 4 4
4 2 2 2 2 2 2 4
4 2 1 1 1 1 2 4
4 2 1 8 8 1 2 4
4 2 1 8 8 1 2 4
4 2 1 1 1 1 2 4
4 2 2 2 2 2 2 4
4 4 4 4 4 4 4 4

Example 1:

Input:
7 7 7 7 7 7 7 7 7 7
7 2 2 2 2 2 2 2 2 7
7 2 4 4 4 4 4 4 2 7
7 2 4 1 1 1 1 4 2 7
7 2 4 1 3 3 1 4 2 7
7 2 4 1 3 3 1 4 2 7
7 2 4 1 1 1 1 4 2 7
7 2 4 4 4 4 4 4 2 7
7 2 2 2 2 2 2 2 2 7
7 7 7 7 7 7 7 7 7 7
Output:
3 3 3 3 3 3 3 3 3 3
3 1 1 1 1 1 1 1 1 3
3 1 4 4 4 4 4 4 1 3
3 1 4 2 2 2 2 4 1 3
3 1 4 2 7 7 2 4 1 3
3 1 4 2 7 7 2 4 1 3
3 1 4 2 2 2 2 4 1 3
3 1 4 4 4 4 4 4 1 3
3 1 1 1 1 1 1 1 1 3
3 3 3 3 3 3 3 3 3 3

Example 1:

Input:
8 8 8 8 8 8 8 8 8 8 8 8 8 8
8 2 2 2 2 2 2 2 2 2 2 2 2 8
8 2 4 4 4 4 4 4 4 4 4 4 2 8
8 2 4 3 3 3 3 3 3 3 3 4 2 8
8 2 4 3 7 7 7 7 7 7 3 4 2 8
8 2 4 3 7 6 6 6 6 7 3 4 2 8
8 2 4 3 7 6 5 5 6 7 3 4 2 8
8 2 4 3 7 6 5 5 6 7 3 4 2 8
8 2 4 3 7 6 6 6 6 7 3 4 2 8
8 2 4 3 7 7 7 7 7 7 3 4 2 8
8 2 4 3 3 3 3 3 3 3 3 4 2 8
8 2 4 4 4 4 4 4 4 4 4 4 2 8
8 2 2 2 2 2 2 2 2 2 2 2 2 8
8 8 8 8 8 8 8 8 8 8 8 8 8 8
Output:
5 5 5 5 5 5 5 5 5 5 5 5 5 5
5 6 6 6 6 6 6 6 6 6 6 6 6 5
5 6 7 7 7 7 7 7 7 7 7 7 6 5
5 6 7 3 3 3 3 3 3 3 3 7 6 5
5 6 7 3 4 4 4 4 4 4 3 7 6 5
5 6 7 3 4 2 2 2 2 4 3 7 6 5
5 6 7 3 4 2 8 8 2 4 3 7 6 5
5 6 7 3 4 2 8 8 2 4 3 7 6 5
5 6 7 3 4 2 2 2 2 4 3 7 6 5
5 6 7 3 4 4 4 4 4 4 3 7 6 5
5 6 7 3 3 3 3 3 3 3 3 7 6 5
5 6 7 7 7 7 7 7 7 7 7 7 6 5
5 6 6 6 6 6 6 6 6 6 6 6 6 5
5 5 5 5 5 5 5 5 5 5 5 5 5 5

Example 1:

Input:
2 2 2 2 2 2 2 2 2 2 2 2 2 2
2 8 8 8 8 8 8 8 8 8 8 8 8 2
2 8 9 9 9 9 9 9 9 9 9 9 8 2
2 8 9 5 5 5 5 5 5 5 5 9 8 2
2 8 9 5 1 1 1 1 1 1 5 9 8 2
2 8 9 5 1 3 3 3 3 1 5 9 8 2
2 8 9 5 1 3 7 7 3 1 5 9 8 2
2 8 9 5 1 3 7 7 3 1 5 9 8 2
2 8 9 5 1 3 3 3 3 1 5 9 8 2
2 8 9 5 1 1 1 1 1 1 5 9 8 2
2 8 9 5 5 5 5 5 5 5 5 9 8 2
2 8 9 9 9 9 9 9 9 9 9 9 8 2
2 8 8 8 8 8 8 8 8 8 8 8 8 2
2 2 2 2 2 2 2 2 2 2 2 2 2 2
Output:
7 7 7 7 7 7 7 7 7 7 7 7 7 7
7 3 3 3 3 3 3 3 3 3 3 3 3 7
7 3 1 1 1 1 1 1 1 1 1 1 3 7
7 3 1 5 5 5 5 5 5 5 5 1 3 7
7 3 1 5 9 9 9 9 9 9 5 1 3 7
7 3 1 5 9 8 8 8 8 9 5 1 3 7
7 3 1 5 9 8 2 2 8 9 5 1 3 7
7 3 1 5 9 8 2 2 8 9 5 1 3 7
7 3 1 5 9 8 8 8 8 9 5 1 3 7
7 3 1 5 9 9 9 9 9 9 5 1 3 7
7 3 1 5 5 5 5 5 5 5 5 1 3 7
7 3 1 1 1 1 1 1 1 1 1 1 3 7
7 3 3 3 3 3 3 3 3 3 3 3 3 7
7 7 7 7 7 7 7 7 7 7 7 7 7 7

Example 1:

Input:
6 6 6 6 6 6
6 2 2 2 2 6
6 2 8 8 2 6
6 2 8 8 2 6
6 2 2 2 2 6
6 6 6 6 6 6
Output:
8 8 8 8 8 8
8 2 2 2 2 8
8 2 6 6 2 8
8 2 6 6 2 8
8 2 2 2 2 8
8 8 8 8 8 8

Example 1:

Input:
8 8 8 8 8 8
8 2 2 2 2 8
8 2 1 1 2 8
8 2 1 1 2 8
8 2 2 2 2 8
8 8 8 8 8 8
Output:
1 1 1 1 1 1
1 2 2 2 2 1
1 2 8 8 2 1
1 2 8 8 2 1
1 2 2 2 2 1
1 1 1 1 1 1


Write the **short** Python code in code golf manners that performs the transformation according to the rule in following format: `def p(g): ...`. Note that input and output are passed by 2D arrays. Use `val_` as a prefix for all variables except `_`. Avoid line breaks as much as possible.
