Find the common rule that maps an input grid to an output grid, given the examples below.

Example 1:

Input:
3 3 3 3 3 3 3 4 3 4 3
3 3 3 3 3 3 3 3 3 3 3
3 3 3 3 1 3 3 3 3 3 3
3 3 3 3 3 3 3 3 3 3 3
3 3 1 3 3 3 1 4 3 4 3
3 3 3 3 3 3 3 3 3 3 3
3 3 3 3 1 3 2 3 3 3 2
3 3 3 3 3 3 3 3 3 3 3
8 3 3 3 8 3 3 3 3 3 3
3 3 3 3 3 3 3 3 3 3 3
8 3 3 3 8 3 2 3 3 3 2
3 3 3 3 3 3 3 3 3 3 3
Output:
2 4 1 4 2
8 3 3 3 8
1 3 3 3 1
8 3 3 3 8
2 4 1 4 2

Example 1:

Input:
1 1 1 1 1 1 1 1
1 8 1 8 1 1 1 1
1 1 1 1 1 1 1 1
1 8 1 8 1 1 1 1
1 1 1 1 1 1 1 1
1 1 1 1 3 1 1 1
1 1 1 3 1 3 1 1
1 1 1 1 3 1 1 1
1 1 1 1 1 1 1 1
1 1 1 1 1 1 1 1
Output:
8 3 8
3 1 3
8 3 8

Example 1:

Input:
4 4 4 4 4 4 4 4 4 4 4 4 4 4
4 4 1 4 4 4 1 4 4 4 4 4 4 4
4 4 4 4 4 4 4 4 4 4 4 4 4 4
4 4 4 4 4 4 4 4 4 4 4 4 4 4
4 4 4 4 4 4 4 4 4 4 4 4 4 4
4 4 1 4 4 4 1 4 4 7 4 4 4 4
4 4 4 4 4 4 4 4 4 4 4 4 4 4
4 4 4 4 4 4 4 7 4 4 4 7 4 4
4 4 4 4 4 4 4 4 4 4 4 4 4 4
4 4 4 4 4 4 4 4 4 7 4 4 4 4
4 4 4 4 4 4 4 4 4 4 4 4 4 4
4 4 4 4 4 4 4 4 4 4 4 4 4 4
Output:
1 4 7 4 1
4 4 4 4 4
7 4 4 4 7
4 4 4 4 4
1 4 7 4 1

Example 1:

Input:
8 8 8 8 8 8 8 8 8 8 8 8 8 8 8 8 8 8 8
8 8 8 8 8 8 8 8 8 8 8 8 8 8 8 8 8 8 8
8 8 8 8 8 8 1 8 8 8 8 8 8 8 8 8 8 8 8
8 8 8 8 8 8 8 8 8 8 8 8 8 8 8 8 8 8 8
8 8 8 8 8 8 8 8 8 8 8 8 8 8 8 8 8 8 8
8 8 8 1 8 8 8 8 8 1 8 8 8 8 8 8 8 8 8
8 8 8 8 8 8 8 8 8 8 8 2 8 8 8 8 8 2 8
8 8 8 8 8 8 8 8 8 8 8 8 8 8 8 8 8 8 8
8 8 8 8 8 8 1 8 8 8 8 2 8 8 8 8 8 2 8
8 8 8 3 8 8 8 8 8 3 8 8 8 8 8 8 8 8 8
8 8 8 8 8 8 8 8 8 8 8 8 8 8 6 8 6 8 8
8 8 8 8 8 8 8 8 8 8 8 8 8 8 8 8 8 8 8
8 8 8 8 8 8 8 8 8 8 8 8 8 8 8 8 8 8 8
8 8 8 8 8 8 8 8 8 8 8 8 8 8 8 8 8 8 8
8 8 8 8 8 8 8 8 8 8 8 8 8 8 8 8 8 8 8
8 8 8 3 8 8 8 8 8 3 8 8 8 8 8 8 8 8 8
8 8 8 8 8 8 8 8 8 8 8 8 8 8 6 8 6 8 8
8 8 8 8 8 8 8 8 8 8 8 8 8 8 8 8 8 8 8
Output:
3 8 6 1 6 8 3
8 8 8 8 8 8 8
2 8 8 8 8 8 2
1 8 8 8 8 8 1
2 8 8 8 8 8 2
8 8 8 8 8 8 8
3 8 6 1 6 8 3

Example 1:

Input:
2 2 2 2 2 2 2 2 2 2 2 2 2 2 2 2
2 2 2 2 2 2 2 2 2 2 2 2 2 2 2 2
2 2 2 2 2 2 2 2 2 2 2 2 2 2 2 2
2 2 2 2 2 2 2 2 2 2 2 2 2 2 2 2
2 2 2 2 2 2 2 2 2 2 2 2 2 2 2 2
2 2 2 2 2 2 2 2 2 2 2 2 2 2 2 2
2 3 2 2 2 3 2 2 2 2 2 2 2 2 2 2
2 2 2 2 2 2 2 2 2 2 2 2 2 2 2 2
2 2 2 2 2 2 2 2 2 2 2 2 2 2 2 2
2 2 2 2 2 2 2 2 2 2 2 2 2 2 2 2
2 2 2 2 2 2 2 2 7 2 2 2 2 2 7 2
2 2 2 2 2 2 2 2 2 2 2 2 2 2 2 2
2 3 2 2 2 3 2 2 2 2 5 2 2 2 2 2
2 2 2 2 2 1 2 2 2 2 2 1 2 2 2 2
2 2 2 2 2 2 2 2 2 2 2 2 2 2 2 2
2 2 2 2 2 2 2 5 2 2 2 2 2 5 2 2
2 2 2 2 2 2 2 2 7 2 2 2 2 2 7 2
2 2 2 2 2 1 2 2 2 2 2 1 2 2 2 2
2 2 2 2 2 2 2 2 2 2 5 2 2 2 2 2
2 2 2 2 2 2 2 2 2 2 2 2 2 2 2 2
Output:
7 3 2 5 2 3 7
1 2 2 2 2 2 1
2 2 2 2 2 2 2
5 2 2 2 2 2 5
2 2 2 2 2 2 2
1 2 2 2 2 2 1
7 3 2 5 2 3 7

Example 1:

Input:
6 6 6 6 6 6 6 6 6
6 6 6 6 6 6 6 6 6
6 6 6 6 6 6 6 6 6
6 6 6 6 6 6 6 6 6
6 5 6 5 2 6 6 6 6
6 6 6 2 6 2 6 6 6
6 5 6 5 2 6 6 6 6
6 6 6 6 6 6 6 6 6
6 6 6 6 6 6 6 6 6
6 6 6 6 6 6 6 6 6
Output:
5 2 5
2 6 2
5 2 5

Example 1:

Input:
8 8 8 8 8 8 8
8 8 8 8 8 8 8
8 8 8 8 8 8 8
8 4 8 4 9 8 8
8 8 8 9 8 9 8
8 4 8 4 9 8 8
8 8 8 8 8 8 8
Output:
4 9 4
9 8 9
4 9 4

Example 1:

Input:
3 3 3 3 3 3 3 3 3 3 3 3 3
3 3 3 3 3 3 3 3 3 3 3 3 3
3 3 3 3 3 3 3 3 3 3 3 3 3
3 3 3 3 3 3 3 3 3 3 3 3 3
3 3 3 3 3 3 3 3 3 3 3 3 3
3 3 2 3 3 3 3 3 1 3 3 3 1
3 3 3 3 3 3 3 3 3 3 3 3 3
2 3 3 3 2 3 3 3 1 3 3 3 1
3 3 3 3 3 3 3 3 3 3 3 3 3
3 3 2 3 3 3 3 3 3 3 3 3 3
3 3 3 3 3 3 3 3 3 3 3 3 3
3 3 3 3 3 3 3 3 3 3 3 3 3
3 3 3 3 3 3 3 3 3 3 3 3 3
Output:
3 3 2 3 3
1 3 3 3 1
2 3 3 3 2
1 3 3 3 1
3 3 2 3 3


Write Python code that performs the transformation according to the rule in following format: `def p(g): ...`. Note that input and output are passed by 2D arrays.