Find the common rule that maps an input grid to an output grid, given the examples below.

Example 1:

Input:
5 5 5 5 5 5 5 5 5 5 5 5 5 5 5 5 5 5 5
5 5 5 5 5 5 5 5 5 5 5 5 5 5 5 5 5 5 5
4 4 4 4 4 4 4 4 4 4 4 4 4 4 4 4 4 4 4
4 4 4 4 4 4 4 4 4 4 4 4 4 0 4 4 4 4 4
4 4 4 4 4 4 4 4 4 4 4 4 4 4 4 4 4 4 4
4 4 4 4 0 4 4 4 4 4 4 4 4 4 4 4 4 4 4
4 4 4 4 4 4 4 4 4 4 4 4 4 4 4 4 4 4 4
4 4 4 4 4 4 4 4 4 4 4 4 4 4 4 4 4 4 4
4 4 4 4 4 4 4 4 4 4 4 4 4 4 4 4 4 4 4
8 8 8 8 8 8 8 8 8 8 8 8 8 8 8 8 8 8 8
8 8 8 8 8 8 8 8 8 8 8 8 8 8 8 8 8 8 8
8 8 8 8 8 8 8 8 8 8 8 8 8 8 8 8 8 8 8
8 8 8 8 8 8 8 8 8 0 8 8 8 8 8 8 8 8 8
8 8 8 8 8 8 8 8 8 8 8 8 8 8 8 8 8 8 8
8 8 8 8 8 8 8 8 8 8 8 8 8 8 8 8 8 8 8
Output:
5 5 5 5 5 5 5 5 5 5 5 5 5 5 5 5 5 5 5
5 5 5 5 5 5 5 5 5 5 5 5 5 5 5 5 5 5 5
4 4 4 4 0 4 4 4 4 4 4 4 4 0 4 4 4 4 4
4 4 4 4 0 4 4 4 4 4 4 4 4 0 4 4 4 4 4
4 4 4 4 0 4 4 4 4 4 4 4 4 0 4 4 4 4 4
4 4 4 4 0 4 4 4 4 4 4 4 4 0 4 4 4 4 4
4 4 4 4 0 4 4 4 4 4 4 4 4 0 4 4 4 4 4
4 4 4 4 0 4 4 4 4 4 4 4 4 0 4 4 4 4 4
4 4 4 4 0 4 4 4 4 4 4 4 4 0 4 4 4 4 4
8 8 8 8 8 8 8 8 8 0 8 8 8 8 8 8 8 8 8
8 8 8 8 8 8 8 8 8 0 8 8 8 8 8 8 8 8 8
8 8 8 8 8 8 8 8 8 0 8 8 8 8 8 8 8 8 8
8 8 8 8 8 8 8 8 8 0 8 8 8 8 8 8 8 8 8
8 8 8 8 8 8 8 8 8 0 8 8 8 8 8 8 8 8 8
8 8 8 8 8 8 8 8 8 0 8 8 8 8 8 8 8 8 8

Example 1:

Input:
2 2 2 2 2 1 1 1 1 1 1 1 1
2 2 2 2 2 1 1 1 1 1 1 1 1
2 2 2 2 2 1 1 1 1 1 1 1 1
2 2 0 2 2 1 1 1 1 1 1 1 1
2 2 2 2 2 1 1 1 1 1 1 1 1
2 2 2 2 2 1 1 1 1 1 1 1 1
2 2 2 2 2 1 1 1 1 1 1 1 1
2 2 2 2 2 1 1 1 1 1 1 1 1
2 2 2 2 2 1 1 1 1 1 1 1 1
2 2 2 2 2 1 1 1 1 1 1 1 1
2 2 2 2 2 1 1 1 1 1 1 1 1
2 2 2 2 2 1 1 1 0 1 1 1 1
2 2 2 2 2 1 1 1 1 1 1 1 1
2 2 2 2 2 1 1 1 1 1 1 1 1
Output:
2 2 2 2 2 1 1 1 1 1 1 1 1
2 2 2 2 2 1 1 1 1 1 1 1 1
2 2 2 2 2 1 1 1 1 1 1 1 1
0 0 0 0 0 1 1 1 1 1 1 1 1
2 2 2 2 2 1 1 1 1 1 1 1 1
2 2 2 2 2 1 1 1 1 1 1 1 1
2 2 2 2 2 1 1 1 1 1 1 1 1
2 2 2 2 2 1 1 1 1 1 1 1 1
2 2 2 2 2 1 1 1 1 1 1 1 1
2 2 2 2 2 1 1 1 1 1 1 1 1
2 2 2 2 2 1 1 1 1 1 1 1 1
2 2 2 2 2 0 0 0 0 0 0 0 0
2 2 2 2 2 1 1 1 1 1 1 1 1
2 2 2 2 2 1 1 1 1 1 1 1 1

Example 1:

Input:
8 8 8 8 8 8 8 8 8 8 8 8 8 8 8
8 8 8 8 8 8 8 8 8 8 8 8 8 8 8
8 8 8 0 8 8 8 8 8 8 8 8 8 8 8
8 8 8 8 8 8 8 8 8 8 8 0 8 8 8
8 8 8 8 8 8 8 8 8 8 8 8 8 8 8
2 2 2 2 2 2 2 2 2 2 2 2 2 2 2
2 2 2 2 2 2 2 2 2 2 2 2 2 2 2
2 2 2 2 2 0 2 2 2 2 2 2 2 2 2
2 2 2 2 2 2 2 2 2 2 2 2 2 2 2
2 2 2 2 2 2 2 2 2 2 2 2 2 2 2
3 3 3 3 3 3 3 3 3 3 3 3 3 3 3
3 3 3 3 3 3 3 0 3 3 3 3 3 3 3
3 3 3 3 3 3 3 3 3 3 3 3 3 3 3
Output:
8 8 8 0 8 8 8 8 8 8 8 0 8 8 8
8 8 8 0 8 8 8 8 8 8 8 0 8 8 8
8 8 8 0 8 8 8 8 8 8 8 0 8 8 8
8 8 8 0 8 8 8 8 8 8 8 0 8 8 8
8 8 8 0 8 8 8 8 8 8 8 0 8 8 8
2 2 2 2 2 0 2 2 2 2 2 2 2 2 2
2 2 2 2 2 0 2 2 2 2 2 2 2 2 2
2 2 2 2 2 0 2 2 2 2 2 2 2 2 2
2 2 2 2 2 0 2 2 2 2 2 2 2 2 2
2 2 2 2 2 0 2 2 2 2 2 2 2 2 2
3 3 3 3 3 3 3 0 3 3 3 3 3 3 3
3 3 3 3 3 3 3 0 3 3 3 3 3 3 3
3 3 3 3 3 3 3 0 3 3 3 3 3 3 3

Example 1:

Input:
2 2 2 2 5 5 5 5 5 4 4 4 4 4 4
2 2 2 2 5 5 5 5 5 4 4 4 4 4 4
2 2 2 2 5 5 5 5 5 4 4 4 0 4 4
2 2 2 2 5 5 5 5 5 4 4 4 4 4 4
2 2 2 2 5 5 5 5 5 4 4 4 4 4 4
2 2 2 2 5 5 5 5 5 4 4 4 4 4 4
2 2 2 2 5 5 0 5 5 4 4 4 4 4 4
2 2 2 2 5 5 5 5 5 4 4 4 4 4 4
2 2 2 2 5 5 5 5 5 4 4 4 4 4 4
2 2 2 2 5 5 5 5 5 4 4 4 4 4 4
2 2 2 2 5 5 5 5 5 4 4 4 4 4 4
2 2 2 2 5 5 5 5 5 4 4 4 4 4 4
2 2 2 2 5 5 5 5 5 4 0 4 4 4 4
2 2 2 2 5 5 5 5 5 4 4 4 4 4 4
Output:
2 2 2 2 5 5 5 5 5 4 4 4 4 4 4
2 2 2 2 5 5 5 5 5 4 4 4 4 4 4
2 2 2 2 5 5 5 5 5 0 0 0 0 0 0
2 2 2 2 5 5 5 5 5 4 4 4 4 4 4
2 2 2 2 5 5 5 5 5 4 4 4 4 4 4
2 2 2 2 5 5 5 5 5 4 4 4 4 4 4
2 2 2 2 0 0 0 0 0 4 4 4 4 4 4
2 2 2 2 5 5 5 5 5 4 4 4 4 4 4
2 2 2 2 5 5 5 5 5 4 4 4 4 4 4
2 2 2 2 5 5 5 5 5 4 4 4 4 4 4
2 2 2 2 5 5 5 5 5 4 4 4 4 4 4
2 2 2 2 5 5 5 5 5 4 4 4 4 4 4
2 2 2 2 5 5 5 5 5 0 0 0 0 0 0
2 2 2 2 5 5 5 5 5 4 4 4 4 4 4

Example 1:

Input:
8 8 8 8 0 8 8 8 8 8 8 8 8 8 8
8 8 8 8 8 8 8 8 8 8 8 8 8 8 8
8 8 8 8 8 8 8 8 8 8 8 8 0 8 8
8 8 8 8 8 8 8 8 8 8 8 8 8 8 8
1 1 1 1 1 1 1 1 1 1 1 1 1 1 1
1 1 1 1 1 1 1 1 1 1 1 1 1 1 1
1 1 1 1 1 1 0 1 1 1 1 1 1 1 1
1 1 1 1 1 1 1 1 1 1 1 1 1 1 1
4 4 4 4 4 4 4 4 4 4 4 4 4 4 4
4 4 4 4 4 4 4 4 4 4 4 4 4 4 4
4 4 4 4 4 4 4 4 4 4 0 4 4 4 4
4 4 4 4 4 4 4 4 4 4 4 4 4 4 4
4 4 4 4 4 4 4 4 4 4 4 4 4 4 4
2 2 2 2 2 2 2 2 2 2 2 2 2 2 2
2 2 2 2 2 2 2 2 2 2 2 2 2 2 2
2 0 2 2 2 2 2 2 2 2 2 2 2 2 2
2 2 2 2 2 2 2 2 2 2 2 2 2 2 2
Output:
8 8 8 8 0 8 8 8 8 8 8 8 0 8 8
8 8 8 8 0 8 8 8 8 8 8 8 0 8 8
8 8 8 8 0 8 8 8 8 8 8 8 0 8 8
8 8 8 8 0 8 8 8 8 8 8 8 0 8 8
1 1 1 1 1 1 0 1 1 1 1 1 1 1 1
1 1 1 1 1 1 0 1 1 1 1 1 1 1 1
1 1 1 1 1 1 0 1 1 1 1 1 1 1 1
1 1 1 1 1 1 0 1 1 1 1 1 1 1 1
4 4 4 4 4 4 4 4 4 4 0 4 4 4 4
4 4 4 4 4 4 4 4 4 4 0 4 4 4 4
4 4 4 4 4 4 4 4 4 4 0 4 4 4 4
4 4 4 4 4 4 4 4 4 4 0 4 4 4 4
4 4 4 4 4 4 4 4 4 4 0 4 4 4 4
2 0 2 2 2 2 2 2 2 2 2 2 2 2 2
2 0 2 2 2 2 2 2 2 2 2 2 2 2 2
2 0 2 2 2 2 2 2 2 2 2 2 2 2 2
2 0 2 2 2 2 2 2 2 2 2 2 2 2 2

Example 1:

Input:
8 8 8 8 8 8 8 8 8 8 8 8 8 8 8 8 8 8
8 8 8 8 8 8 8 8 8 8 8 8 8 8 8 8 8 8
8 8 8 8 8 8 8 8 8 8 8 8 8 8 8 8 8 8
8 8 8 8 8 8 8 8 8 8 8 8 8 8 8 8 8 8
8 8 8 8 8 8 8 8 8 8 8 8 8 8 8 8 8 8
8 8 8 8 8 8 8 8 8 8 8 8 8 8 8 8 8 8
8 8 8 8 8 8 8 8 8 8 8 8 0 8 8 8 8 8
8 8 8 8 8 8 8 8 8 8 8 8 8 8 8 8 8 8
8 8 8 8 8 8 8 8 8 8 8 8 8 8 8 8 8 8
8 8 8 8 8 8 8 8 8 8 8 8 8 8 8 8 8 8
3 3 3 3 3 3 3 3 3 3 3 3 3 3 3 3 3 0
3 3 3 0 3 3 3 3 3 3 3 3 3 3 3 3 3 3
Output:
8 8 8 8 8 8 8 8 8 8 8 8 0 8 8 8 8 8
8 8 8 8 8 8 8 8 8 8 8 8 0 8 8 8 8 8
8 8 8 8 8 8 8 8 8 8 8 8 0 8 8 8 8 8
8 8 8 8 8 8 8 8 8 8 8 8 0 8 8 8 8 8
8 8 8 8 8 8 8 8 8 8 8 8 0 8 8 8 8 8
8 8 8 8 8 8 8 8 8 8 8 8 0 8 8 8 8 8
8 8 8 8 8 8 8 8 8 8 8 8 0 8 8 8 8 8
8 8 8 8 8 8 8 8 8 8 8 8 0 8 8 8 8 8
8 8 8 8 8 8 8 8 8 8 8 8 0 8 8 8 8 8
8 8 8 8 8 8 8 8 8 8 8 8 0 8 8 8 8 8
3 3 3 0 3 3 3 3 3 3 3 3 3 3 3 3 3 0
3 3 3 0 3 3 3 3 3 3 3 3 3 3 3 3 3 0

Example 1:

Input:
9 9 9 0 9 9 9 9 9 9 2 2 2 2 2 2 2 2 8 8 8 8 8 8 8 8 8 8 5 5 5 5 5 5 5 5 5
9 9 9 9 9 9 9 9 9 9 2 2 2 2 2 2 2 2 8 8 8 8 8 8 8 8 8 8 5 0 5 5 5 5 5 5 5
9 9 9 9 9 9 9 9 9 9 2 2 2 2 2 2 2 2 8 8 8 8 8 8 8 8 8 8 5 5 5 5 5 5 5 5 5
9 9 9 9 9 9 9 9 9 9 2 2 2 2 2 2 2 2 8 8 8 8 8 8 8 8 8 8 5 5 5 5 5 5 5 5 5
9 9 9 9 9 9 9 9 9 9 2 2 2 2 2 2 2 2 8 8 8 8 8 8 8 8 8 8 5 5 5 5 5 5 5 5 5
9 9 9 9 9 9 9 9 9 9 2 2 2 2 2 2 2 2 8 8 8 8 8 8 8 8 8 0 5 5 5 5 5 5 5 5 5
9 9 9 9 9 9 9 9 9 9 2 2 2 2 2 2 2 2 8 8 8 8 8 8 8 8 8 8 5 5 5 5 5 5 5 5 5
9 9 9 9 9 9 9 0 9 9 2 2 2 2 2 2 2 2 8 8 8 8 8 8 8 8 8 8 5 5 5 5 5 5 5 5 5
9 9 9 9 9 9 9 9 9 9 2 2 2 2 2 2 2 2 8 8 8 8 8 8 8 8 8 8 5 5 5 5 5 5 5 5 5
9 9 9 9 9 9 9 9 9 9 2 2 2 2 2 2 2 2 8 8 8 8 8 8 8 8 8 8 5 5 5 5 5 5 5 5 5
9 9 9 9 9 9 9 9 9 9 2 2 2 2 2 2 2 2 8 0 8 8 8 8 8 8 8 8 5 5 5 5 5 5 5 5 5
Output:
0 0 0 0 0 0 0 0 0 0 2 2 2 2 2 2 2 2 8 8 8 8 8 8 8 8 8 8 5 5 5 5 5 5 5 5 5
9 9 9 9 9 9 9 9 9 9 2 2 2 2 2 2 2 2 8 8 8 8 8 8 8 8 8 8 0 0 0 0 0 0 0 0 0
9 9 9 9 9 9 9 9 9 9 2 2 2 2 2 2 2 2 8 8 8 8 8 8 8 8 8 8 5 5 5 5 5 5 5 5 5
9 9 9 9 9 9 9 9 9 9 2 2 2 2 2 2 2 2 8 8 8 8 8 8 8 8 8 8 5 5 5 5 5 5 5 5 5
9 9 9 9 9 9 9 9 9 9 2 2 2 2 2 2 2 2 8 8 8 8 8 8 8 8 8 8 5 5 5 5 5 5 5 5 5
9 9 9 9 9 9 9 9 9 9 2 2 2 2 2 2 2 2 0 0 0 0 0 0 0 0 0 0 5 5 5 5 5 5 5 5 5
9 9 9 9 9 9 9 9 9 9 2 2 2 2 2 2 2 2 8 8 8 8 8 8 8 8 8 8 5 5 5 5 5 5 5 5 5
0 0 0 0 0 0 0 0 0 0 2 2 2 2 2 2 2 2 8 8 8 8 8 8 8 8 8 8 5 5 5 5 5 5 5 5 5
9 9 9 9 9 9 9 9 9 9 2 2 2 2 2 2 2 2 8 8 8 8 8 8 8 8 8 8 5 5 5 5 5 5 5 5 5
9 9 9 9 9 9 9 9 9 9 2 2 2 2 2 2 2 2 8 8 8 8 8 8 8 8 8 8 5 5 5 5 5 5 5 5 5
9 9 9 9 9 9 9 9 9 9 2 2 2 2 2 2 2 2 0 0 0 0 0 0 0 0 0 0 5 5 5 5 5 5 5 5 5

Example 1:

Input:
2 2 2 2 1 1 1 1 1 1 1 1 6 6 6 6 3 3 3 3 3 3 3 4 4 4 4
2 2 2 2 1 1 1 1 1 1 1 1 6 6 6 6 3 3 3 3 3 3 3 4 4 4 4
2 2 2 2 1 1 1 1 1 1 1 1 6 6 0 6 3 3 3 3 3 3 3 4 4 4 4
2 2 2 2 1 1 1 1 1 0 1 1 6 6 6 6 3 3 3 3 3 3 3 4 4 4 4
2 2 2 2 1 1 1 1 1 1 1 1 6 6 6 6 3 3 3 3 3 3 3 4 4 4 4
2 2 2 2 1 1 1 1 1 1 1 1 6 0 6 6 3 3 3 3 3 3 3 4 4 4 4
2 2 0 2 1 1 1 1 1 1 1 1 6 6 6 6 3 3 3 3 3 3 3 4 4 4 4
2 2 2 2 1 1 1 1 1 1 1 1 6 6 6 6 3 3 3 3 3 3 3 4 4 0 4
2 2 2 2 1 0 1 1 1 1 1 1 6 6 6 6 3 3 3 3 3 3 3 4 4 4 4
2 2 2 2 1 1 1 1 1 1 1 1 6 6 6 6 3 3 3 3 3 3 3 4 4 4 4
2 2 2 2 1 1 1 1 1 1 1 1 6 6 6 6 3 3 3 3 3 3 3 4 4 4 4
Output:
2 2 2 2 1 1 1 1 1 1 1 1 6 6 6 6 3 3 3 3 3 3 3 4 4 4 4
2 2 2 2 1 1 1 1 1 1 1 1 6 6 6 6 3 3 3 3 3 3 3 4 4 4 4
2 2 2 2 1 1 1 1 1 1 1 1 0 0 0 0 3 3 3 3 3 3 3 4 4 4 4
2 2 2 2 0 0 0 0 0 0 0 0 6 6 6 6 3 3 3 3 3 3 3 4 4 4 4
2 2 2 2 1 1 1 1 1 1 1 1 6 6 6 6 3 3 3 3 3 3 3 4 4 4 4
2 2 2 2 1 1 1 1 1 1 1 1 0 0 0 0 3 3 3 3 3 3 3 4 4 4 4
0 0 0 0 1 1 1 1 1 1 1 1 6 6 6 6 3 3 3 3 3 3 3 4 4 4 4
2 2 2 2 1 1 1 1 1 1 1 1 6 6 6 6 3 3 3 3 3 3 3 0 0 0 0
2 2 2 2 0 0 0 0 0 0 0 0 6 6 6 6 3 3 3 3 3 3 3 4 4 4 4
2 2 2 2 1 1 1 1 1 1 1 1 6 6 6 6 3 3 3 3 3 3 3 4 4 4 4
2 2 2 2 1 1 1 1 1 1 1 1 6 6 6 6 3 3 3 3 3 3 3 4 4 4 4


Write Python code that performs the transformation according to the rule in following format: `def p(g): ...`. Note that input and output are passed by 2D arrays.