Find the common rule that maps an input grid to an output grid, given the examples below.

Example 1:

Input:
0 0 0 0 0 0 0 0 0 0
0 2 2 2 2 0 0 0 0 0
0 2 2 2 2 0 0 0 0 0
0 2 2 2 2 0 0 0 0 0
0 0 0 0 0 0 0 0 0 0
0 0 0 0 0 0 0 0 0 0
0 0 0 0 0 0 0 0 0 0
7 7 7 7 7 7 0 0 0 0
7 7 7 7 7 7 0 0 0 0
7 7 7 7 7 7 0 0 0 0
Output:
0 0 0 0 0 0 0 0 0 0
0 2 2 2 2 0 0 0 0 0
0 2 2 2 2 0 0 0 0 0
0 2 2 2 2 0 0 0 0 0
0 0 8 8 0 0 0 0 0 0
0 0 8 8 0 0 0 0 0 0
0 0 8 8 0 0 0 0 0 0
7 7 7 7 7 7 0 0 0 0
7 7 7 7 7 7 0 0 0 0
7 7 7 7 7 7 0 0 0 0

Example 1:

Input:
0 0 0 0 0 0 0 0 0 0
0 4 4 4 0 0 0 0 0 0
0 4 4 4 0 0 0 0 0 0
0 4 4 4 0 0 0 6 6 6
0 4 4 4 0 0 0 6 6 6
0 4 4 4 0 0 0 6 6 6
0 4 4 4 0 0 0 6 6 6
0 4 4 4 0 0 0 6 6 6
0 4 4 4 0 0 0 0 0 0
0 0 0 0 0 0 0 0 0 0
Output:
0 0 0 0 0 0 0 0 0 0
0 4 4 4 0 0 0 0 0 0
0 4 4 4 0 0 0 0 0 0
0 4 4 4 0 0 0 6 6 6
0 4 4 4 8 8 8 6 6 6
0 4 4 4 8 8 8 6 6 6
0 4 4 4 8 8 8 6 6 6
0 4 4 4 0 0 0 6 6 6
0 4 4 4 0 0 0 0 0 0
0 0 0 0 0 0 0 0 0 0

Example 1:

Input:
3 3 3 3 3 3 3 3 3 0
3 3 3 3 3 3 3 3 3 0
3 3 3 3 3 3 3 3 3 0
0 0 0 0 0 0 0 0 0 0
0 0 0 0 0 0 0 0 0 0
0 0 0 0 0 0 0 0 0 0
0 0 0 0 0 0 0 0 0 0
0 0 0 0 0 0 0 0 0 0
0 0 0 9 9 9 9 9 9 0
0 0 0 9 9 9 9 9 9 0
Output:
3 3 3 3 3 3 3 3 3 0
3 3 3 3 3 3 3 3 3 0
3 3 3 3 3 3 3 3 3 0
0 0 0 0 8 8 8 8 0 0
0 0 0 0 8 8 8 8 0 0
0 0 0 0 8 8 8 8 0 0
0 0 0 0 8 8 8 8 0 0
0 0 0 0 8 8 8 8 0 0
0 0 0 9 9 9 9 9 9 0
0 0 0 9 9 9 9 9 9 0

Example 1:

Input:
1 1 1 1 0 0 0 0 0 0
1 1 1 1 0 0 0 2 2 2
1 1 1 1 0 0 0 2 2 2
1 1 1 1 0 0 0 2 2 2
1 1 1 1 0 0 0 2 2 2
1 1 1 1 0 0 0 2 2 2
1 1 1 1 0 0 0 2 2 2
1 1 1 1 0 0 0 0 0 0
0 0 0 0 0 0 0 0 0 0
0 0 0 0 0 0 0 0 0 0
Output:
1 1 1 1 0 0 0 0 0 0
1 1 1 1 0 0 0 2 2 2
1 1 1 1 8 8 8 2 2 2
1 1 1 1 8 8 8 2 2 2
1 1 1 1 8 8 8 2 2 2
1 1 1 1 8 8 8 2 2 2
1 1 1 1 0 0 0 2 2 2
1 1 1 1 0 0 0 0 0 0
0 0 0 0 0 0 0 0 0 0
0 0 0 0 0 0 0 0 0 0

Example 1:

Input:
0 0 0 0 0 0 0 0 0 0
1 1 0 0 0 0 0 0 0 0
1 1 0 0 0 0 0 0 0 0
1 1 0 0 0 0 4 4 4 4
1 1 0 0 0 0 4 4 4 4
1 1 0 0 0 0 4 4 4 4
1 1 0 0 0 0 4 4 4 4
1 1 0 0 0 0 4 4 4 4
1 1 0 0 0 0 4 4 4 4
0 0 0 0 0 0 0 0 0 0
Output:
0 0 0 0 0 0 0 0 0 0
1 1 0 0 0 0 0 0 0 0
1 1 0 0 0 0 0 0 0 0
1 1 0 0 0 0 4 4 4 4
1 1 8 8 8 8 4 4 4 4
1 1 8 8 8 8 4 4 4 4
1 1 8 8 8 8 4 4 4 4
1 1 8 8 8 8 4 4 4 4
1 1 0 0 0 0 4 4 4 4
0 0 0 0 0 0 0 0 0 0

Example 1:

Input:
0 0 0 4 4 4 4 4 4 0
0 0 0 4 4 4 4 4 4 0
0 0 0 0 0 0 0 0 0 0
0 0 0 0 0 0 0 0 0 0
0 0 0 0 0 0 0 0 0 0
0 0 0 0 0 0 0 0 0 0
0 0 0 0 0 0 0 0 0 0
1 1 1 1 1 1 1 1 1 0
1 1 1 1 1 1 1 1 1 0
1 1 1 1 1 1 1 1 1 0
Output:
0 0 0 4 4 4 4 4 4 0
0 0 0 4 4 4 4 4 4 0
0 0 0 0 8 8 8 8 0 0
0 0 0 0 8 8 8 8 0 0
0 0 0 0 8 8 8 8 0 0
0 0 0 0 8 8 8 8 0 0
0 0 0 0 8 8 8 8 0 0
1 1 1 1 1 1 1 1 1 0
1 1 1 1 1 1 1 1 1 0
1 1 1 1 1 1 1 1 1 0

Example 1:

Input:
2 2 2 2 2 2 2 2 2 0
2 2 2 2 2 2 2 2 2 0
2 2 2 2 2 2 2 2 2 0
0 0 0 0 0 0 0 0 0 0
0 0 0 0 0 0 0 0 0 0
0 0 0 0 0 0 0 0 0 0
0 0 0 0 0 0 0 0 0 0
0 0 0 0 0 0 0 0 0 0
0 0 0 7 7 7 7 7 7 0
0 0 0 7 7 7 7 7 7 0
Output:
2 2 2 2 2 2 2 2 2 0
2 2 2 2 2 2 2 2 2 0
2 2 2 2 2 2 2 2 2 0
0 0 0 0 8 8 8 8 0 0
0 0 0 0 8 8 8 8 0 0
0 0 0 0 8 8 8 8 0 0
0 0 0 0 8 8 8 8 0 0
0 0 0 0 8 8 8 8 0 0
0 0 0 7 7 7 7 7 7 0
0 0 0 7 7 7 7 7 7 0

Example 1:

Input:
0 0 0 0 0 0 0 0 0 0
3 3 3 3 3 3 3 3 0 0
3 3 3 3 3 3 3 3 0 0
0 0 0 0 0 0 0 0 0 0
0 0 0 0 0 0 0 0 0 0
0 0 0 0 0 0 0 0 0 0
0 0 0 0 0 0 0 0 0 0
0 0 0 4 4 4 4 4 0 0
0 0 0 4 4 4 4 4 0 0
0 0 0 4 4 4 4 4 0 0
Output:
0 0 0 0 0 0 0 0 0 0
3 3 3 3 3 3 3 3 0 0
3 3 3 3 3 3 3 3 0 0
0 0 0 0 8 8 8 0 0 0
0 0 0 0 8 8 8 0 0 0
0 0 0 0 8 8 8 0 0 0
0 0 0 0 8 8 8 0 0 0
0 0 0 4 4 4 4 4 0 0
0 0 0 4 4 4 4 4 0 0
0 0 0 4 4 4 4 4 0 0


Write the **short** Python code in code golf manners that performs the transformation according to the rule in following format: `def p(g): ...`. Note that input and output are passed by 2D arrays.