Find the common rule that maps an input grid to an output grid, given the examples below.

Example 1:

Input:
0 0 4 0 0 0 0 0 0 0 0 0 0 0 0 4 0
0 0 0 0 0 0 0 0 0 0 0 0 0 0 0 0 0
0 0 0 3 3 0 0 0 0 0 0 2 2 0 0 0 0
0 0 0 3 3 0 0 0 0 0 0 2 2 0 0 0 0
0 0 0 0 0 0 0 0 0 0 0 0 0 0 0 0 0
0 0 0 0 0 0 0 0 0 0 0 0 0 0 0 0 0
0 0 0 0 0 0 0 1 1 0 0 0 0 0 0 0 0
0 0 0 0 0 0 0 1 1 0 0 0 0 0 0 0 0
0 0 4 0 0 0 0 0 0 0 0 0 0 0 0 4 0
0 0 0 0 0 0 0 0 0 0 0 0 0 0 0 0 0
0 0 0 0 0 0 0 0 0 0 0 0 0 0 0 0 0
0 0 0 0 0 0 0 0 0 0 0 0 0 0 0 0 0
0 0 3 0 0 0 2 0 0 0 0 0 0 0 0 0 0
0 0 1 1 0 1 1 0 0 0 0 0 0 0 0 0 0
0 0 0 1 1 1 0 0 0 0 0 0 0 0 0 0 0
0 0 0 0 0 0 0 0 0 0 0 0 0 0 0 0 0
0 0 0 0 0 0 0 0 0 0 0 0 0 0 0 0 0
Output:
4 0 0 0 0 0 0 0 0 0 0 0 0 4
0 0 0 0 0 0 0 0 0 0 0 0 0 0
0 3 3 0 0 0 0 0 0 2 2 0 0 0
0 3 3 0 0 0 0 0 0 2 2 0 0 0
0 1 1 1 1 0 0 1 1 1 1 0 0 0
0 1 1 1 1 0 0 1 1 1 1 0 0 0
0 0 0 1 1 1 1 1 1 0 0 0 0 0
0 0 0 1 1 1 1 1 1 0 0 0 0 0
4 0 0 0 0 0 0 0 0 0 0 0 0 4

Example 1:

Input:
0 0 0 0 0 0 0 0 0 0 0 0 0 0 0 0 0 0
0 0 4 0 0 0 0 0 4 0 0 0 0 0 0 0 0 0
0 0 0 2 2 0 0 0 0 0 0 0 0 0 0 0 0 0
0 0 0 2 2 0 0 0 0 0 0 0 0 0 0 0 0 0
0 0 0 0 0 8 8 0 0 0 0 0 0 0 0 0 0 0
0 0 0 0 0 8 8 0 0 0 0 0 0 0 0 0 0 0
0 0 0 0 0 0 0 0 0 0 0 0 0 0 0 0 0 0
0 0 4 0 0 0 0 0 4 0 0 0 0 0 0 0 0 0
0 0 0 0 0 0 0 0 0 0 0 0 0 0 0 0 0 0
0 0 0 0 0 0 0 0 0 0 0 0 0 0 0 0 0 0
0 0 0 0 0 0 0 0 0 0 0 0 0 0 0 0 0 0
0 0 0 0 0 0 0 0 0 0 0 0 0 0 0 0 0 0
0 0 0 0 0 0 0 0 0 0 0 0 0 0 0 0 0 0
0 0 0 0 0 0 0 0 0 0 2 3 0 0 0 0 0 0
0 0 0 0 0 0 0 0 0 0 3 8 0 0 0 0 0 0
0 0 0 0 0 0 0 0 0 0 0 0 0 0 0 0 0 0
0 0 0 0 0 0 0 0 0 0 0 0 0 0 0 0 0 0
Output:
4 0 0 0 0 0 4
0 2 2 3 3 0 0
0 2 2 3 3 0 0
0 3 3 8 8 0 0
0 3 3 8 8 0 0
0 0 0 0 0 0 0
4 0 0 0 0 0 4

Example 1:

Input:
0 0 0 4 0 0 0 0 0 0 0 0 0 4 0 0 0 0
0 0 0 0 0 0 0 0 0 0 0 0 0 0 0 0 0 0
0 0 0 0 0 0 0 0 0 0 0 0 0 0 0 0 0 0
0 0 0 0 2 2 2 0 0 0 1 1 1 0 0 0 0 0
0 0 0 0 2 2 2 0 0 0 1 1 1 0 0 0 0 0
0 0 0 0 2 2 2 0 0 0 1 1 1 0 0 0 0 0
0 0 0 0 0 0 0 3 3 3 0 0 0 0 0 0 0 0
0 0 0 0 0 0 0 3 3 3 0 0 0 0 0 0 0 0
0 0 0 0 0 0 0 3 3 3 0 0 0 0 0 0 0 0
0 0 0 0 0 0 0 0 0 0 0 0 0 0 0 0 0 0
0 0 0 4 0 0 0 0 0 0 0 0 0 4 0 0 0 0
0 0 0 0 0 0 0 0 0 0 0 0 0 0 0 0 0 0
0 0 0 0 0 0 0 0 0 0 0 0 0 0 0 0 0 0
0 0 0 0 0 0 2 1 1 0 0 0 0 0 0 0 0 0
0 0 0 0 0 0 0 3 1 0 0 0 0 0 0 0 0 0
0 0 0 0 0 0 0 0 0 0 0 0 0 0 0 0 0 0
Output:
4 0 0 0 0 0 0 0 0 0 4
0 0 0 0 0 0 0 0 0 0 0
0 0 0 0 0 0 0 0 0 0 0
0 2 2 2 1 1 1 1 1 1 0
0 2 2 2 1 1 1 1 1 1 0
0 2 2 2 1 1 1 1 1 1 0
0 0 0 0 3 3 3 1 1 1 0
0 0 0 0 3 3 3 1 1 1 0
0 0 0 0 3 3 3 1 1 1 0
0 0 0 0 0 0 0 0 0 0 0
4 0 0 0 0 0 0 0 0 0 4

Example 1:

Input:
4 0 0 0 0 0 0 0 0 0 0 0 0 0 0 0 0 4
0 0 0 0 0 0 0 0 0 0 0 0 0 0 0 0 0 0
0 0 0 0 8 8 8 8 0 0 0 0 3 3 3 3 0 0
0 0 0 0 8 8 8 8 0 0 0 0 3 3 3 3 0 0
0 0 0 0 8 8 8 8 0 0 0 0 3 3 3 3 0 0
0 0 0 0 8 8 8 8 0 0 0 0 3 3 3 3 0 0
0 0 0 0 0 0 0 0 0 0 0 0 0 0 0 0 0 0
0 0 0 0 0 0 0 0 0 0 0 0 0 0 0 0 0 0
0 0 0 0 0 0 0 0 0 0 0 0 0 0 0 0 0 0
0 0 0 0 0 0 0 0 0 0 0 0 0 0 0 0 0 0
0 0 0 0 0 0 0 0 0 0 0 0 0 0 0 0 0 0
0 0 0 0 0 0 0 0 0 0 0 0 0 0 0 0 0 0
0 0 0 0 0 0 0 0 0 0 0 0 0 0 0 0 0 0
4 0 0 0 0 0 0 0 0 0 0 0 0 0 0 0 0 4
0 0 0 0 0 0 0 0 0 0 0 0 0 0 0 0 0 0
0 0 0 0 0 0 0 0 8 0 3 0 0 0 0 0 0 0
0 0 0 0 0 0 0 0 1 1 1 0 0 0 0 0 0 0
0 0 0 0 0 0 0 0 0 1 0 0 0 0 0 0 0 0
0 0 0 0 0 0 0 0 0 0 0 0 0 0 0 0 0 0
Output:
4 0 0 0 0 0 0 0 0 0 0 0 0 0 0 0 0 4
0 0 0 0 0 0 0 0 0 0 0 0 0 0 0 0 0 0
0 0 0 0 8 8 8 8 0 0 0 0 3 3 3 3 0 0
0 0 0 0 8 8 8 8 0 0 0 0 3 3 3 3 0 0
0 0 0 0 8 8 8 8 0 0 0 0 3 3 3 3 0 0
0 0 0 0 8 8 8 8 0 0 0 0 3 3 3 3 0 0
0 0 0 0 1 1 1 1 1 1 1 1 1 1 1 1 0 0
0 0 0 0 1 1 1 1 1 1 1 1 1 1 1 1 0 0
0 0 0 0 1 1 1 1 1 1 1 1 1 1 1 1 0 0
0 0 0 0 1 1 1 1 1 1 1 1 1 1 1 1 0 0
0 0 0 0 0 0 0 0 1 1 1 1 0 0 0 0 0 0
0 0 0 0 0 0 0 0 1 1 1 1 0 0 0 0 0 0
0 0 0 0 0 0 0 0 1 1 1 1 0 0 0 0 0 0
4 0 0 0 0 0 0 0 1 1 1 1 0 0 0 0 0 4

Example 1:

Input:
0 0 0 0 4 0 0 0 0 0 0 0 0 0 0 0 0 4 0
0 0 0 0 0 0 0 0 0 0 0 8 8 8 0 0 0 0 0
0 0 0 0 0 0 0 0 0 0 0 8 8 8 0 0 0 0 0
0 0 0 0 0 0 0 0 0 0 0 8 8 8 0 0 0 0 0
0 0 0 0 0 0 0 0 0 0 0 0 0 0 1 1 1 0 0
0 0 0 0 0 0 0 0 0 0 0 0 0 0 1 1 1 0 0
0 0 0 0 0 0 0 0 0 0 0 0 0 0 1 1 1 0 0
0 0 0 0 4 0 0 0 0 0 0 0 0 0 0 0 0 4 0
0 0 0 0 0 0 0 0 0 0 0 0 0 0 0 0 0 0 0
0 0 0 0 0 0 0 0 0 0 0 0 0 0 0 0 0 0 0
0 0 0 0 0 0 0 0 0 0 0 0 0 0 0 0 0 0 0
0 0 0 0 0 0 0 0 0 0 0 0 0 0 0 0 0 0 0
0 0 0 0 0 0 0 8 1 0 0 0 0 0 0 0 0 0 0
0 0 0 0 0 0 0 1 1 0 0 0 0 0 0 0 0 0 0
0 0 0 0 0 0 0 0 0 0 0 0 0 0 0 0 0 0 0
Output:
4 0 0 0 0 0 0 0 0 0 0 0 0 4
0 0 0 0 0 0 0 8 8 8 1 1 1 0
0 0 0 0 0 0 0 8 8 8 1 1 1 0
0 0 0 0 0 0 0 8 8 8 1 1 1 0
0 0 0 0 0 0 0 1 1 1 1 1 1 0
0 0 0 0 0 0 0 1 1 1 1 1 1 0
0 0 0 0 0 0 0 1 1 1 1 1 1 0
4 0 0 0 0 0 0 0 0 0 0 0 0 4

Example 1:

Input:
0 0 0 0 0 0 0 0 0 0 0 0 0 0 0 0 0 0 0 0
0 0 0 4 0 0 0 0 0 0 0 4 0 0 0 0 0 0 0 0
0 0 0 0 8 8 8 0 0 0 0 0 0 0 0 0 0 0 0 0
0 0 0 0 8 8 8 0 0 0 0 0 0 0 0 0 0 0 0 0
0 0 0 0 8 8 8 0 0 0 0 0 0 0 0 0 0 0 0 0
0 0 0 0 0 0 0 8 8 8 0 0 0 0 0 0 0 0 0 0
0 0 0 0 0 0 0 8 8 8 0 0 0 0 0 0 0 0 0 0
0 0 0 0 0 0 0 8 8 8 0 0 0 0 0 0 0 0 0 0
0 0 0 0 0 0 0 0 0 0 0 0 0 0 0 0 0 0 0 0
0 0 0 0 0 0 0 0 0 0 0 0 0 0 0 0 0 0 0 0
0 0 0 0 0 0 0 0 0 0 0 0 0 0 0 0 0 0 0 0
0 0 0 4 0 0 0 0 0 0 0 4 0 0 0 0 0 0 0 0
0 0 0 0 0 0 0 0 0 0 0 0 0 0 0 0 0 0 0 0
0 0 0 0 0 0 0 0 0 0 0 0 0 0 0 0 0 0 0 0
0 0 0 0 0 0 0 0 0 0 0 0 0 0 0 0 0 0 0 0
0 8 8 0 0 0 0 0 0 0 0 0 0 0 0 0 0 0 0 0
0 2 8 0 0 0 0 0 0 0 0 0 0 0 0 0 0 0 0 0
0 0 0 0 0 0 0 0 0 0 0 0 0 0 0 0 0 0 0 0
Output:
4 0 0 0 0 0 0 0 4
0 8 8 8 8 8 8 0 0
0 8 8 8 8 8 8 0 0
0 8 8 8 8 8 8 0 0
0 2 2 2 8 8 8 0 0
0 2 2 2 8 8 8 0 0
0 2 2 2 8 8 8 0 0
0 0 0 0 0 0 0 0 0
0 0 0 0 0 0 0 0 0
0 0 0 0 0 0 0 0 0
4 0 0 0 0 0 0 0 4

Example 1:

Input:
0 0 0 0 0 0 0 0 0 0 0 0 0 0 0 0 0 0
0 0 0 0 0 0 0 0 0 0 0 0 0 0 0 0 0 0
4 0 0 0 0 0 0 0 0 0 0 0 4 0 0 0 0 0
0 8 8 0 0 0 0 0 0 2 2 0 0 0 0 0 0 0
0 8 8 0 0 0 0 0 0 2 2 0 0 0 0 0 0 0
0 8 8 0 0 0 0 0 0 0 0 0 0 0 0 0 0 0
0 8 8 0 0 0 0 0 0 0 0 0 0 0 0 0 0 0
4 0 0 0 0 0 0 0 0 0 0 0 4 0 0 0 0 0
0 0 0 0 0 0 0 0 0 0 0 0 0 0 0 0 0 0
0 0 0 0 0 0 0 0 0 0 0 0 0 0 0 0 0 0
0 0 0 0 0 0 0 0 0 0 0 0 0 0 0 0 0 0
0 0 0 0 0 0 0 0 0 0 0 0 0 0 0 0 0 0
0 0 0 0 0 0 0 0 0 0 0 0 0 0 0 0 0 0
0 0 0 0 0 0 8 2 3 1 2 0 0 0 0 0 0 0
0 0 0 0 0 0 8 1 8 0 0 0 0 0 0 0 0 0
0 0 0 0 0 0 0 0 0 0 0 0 0 0 0 0 0 0
Output:
4 0 0 0 0 0 0 0 0 0 0 0 4
0 8 8 2 2 3 3 1 1 2 2 0 0
0 8 8 2 2 3 3 1 1 2 2 0 0
0 8 8 1 1 8 8 0 0 0 0 0 0
0 8 8 1 1 8 8 0 0 0 0 0 0
4 0 0 0 0 0 0 0 0 0 0 0 4

Example 1:

Input:
0 0 0 0 0 0 0 0 0 4 0 0 0 0 0 0 0 4 0 0
0 0 0 0 0 0 0 0 0 0 0 0 0 0 0 0 0 0 0 0
0 0 0 0 0 0 0 0 0 0 3 3 3 2 2 2 0 0 0 0
0 0 0 0 0 0 0 0 0 0 3 3 3 2 2 2 0 0 0 0
0 0 0 0 0 0 0 0 0 0 3 3 3 2 2 2 0 0 0 0
0 0 0 0 0 0 0 0 0 0 0 0 0 0 0 0 0 0 0 0
0 0 0 0 0 0 0 0 0 0 0 0 0 0 0 0 0 0 0 0
0 0 0 0 0 0 0 0 0 0 0 0 0 0 0 0 0 0 0 0
0 0 0 0 0 0 0 0 0 0 0 0 0 0 0 0 0 0 0 0
0 0 0 0 0 0 0 0 0 0 0 0 0 0 0 0 0 0 0 0
0 0 0 0 0 0 0 0 0 0 0 0 0 0 0 0 0 0 0 0
0 0 0 0 0 0 0 0 0 4 0 0 0 0 0 0 0 4 0 0
0 0 0 0 0 0 0 0 0 0 0 0 0 0 0 3 2 0 0 0
0 0 0 0 0 0 0 0 0 0 0 0 0 0 0 2 8 0 0 0
0 0 0 0 0 0 0 0 0 0 0 0 0 0 0 0 0 0 0 0
0 0 0 0 0 0 0 0 0 0 0 0 0 0 0 0 0 0 0 0
Output:
4 0 0 0 0 0 0 0 4
0 0 0 0 0 0 0 0 0
0 3 3 3 2 2 2 0 0
0 3 3 3 2 2 2 0 0
0 3 3 3 2 2 2 0 0
0 2 2 2 8 8 8 0 0
0 2 2 2 8 8 8 0 0
0 2 2 2 8 8 8 0 0
0 0 0 0 0 0 0 0 0
0 0 0 0 0 0 0 0 0
0 0 0 0 0 0 0 0 0
4 0 0 0 0 0 0 0 4


Write the **short** Python code in code golf manners that performs the transformation according to the rule in following format: `def p(g): ...`. Note that input and output are passed by 2D arrays. Use `val_` as a prefix for all variables except `_`. Avoid line breaks as much as possible.
