Find the common rule that maps an input grid to an output grid, given the examples below.

Example 1:

Input:
0 0 0 0 0 0 0 0 0 0 0 0 0 0 0 0 0 0
0 0 0 0 0 0 0 0 0 0 0 0 0 0 0 0 0 0
0 0 2 0 0 0 0 2 0 0 0 0 0 0 0 0 0 0
0 0 0 0 0 0 0 2 0 0 0 0 0 0 0 0 0 0
0 0 0 0 0 0 0 0 0 0 0 0 0 2 0 0 0 0
0 0 0 0 0 0 0 0 0 0 0 0 0 0 0 0 0 0
0 0 0 0 0 0 0 0 0 0 0 0 0 0 0 0 0 0
0 0 0 0 0 0 0 0 0 0 0 0 0 0 0 0 0 0
0 0 0 0 0 0 0 0 0 0 0 0 0 0 0 0 0 2
0 0 0 0 0 0 0 0 0 0 0 0 0 0 0 0 0 0
0 0 0 0 0 0 0 0 0 0 0 0 0 0 0 0 0 0
0 0 0 0 2 0 0 0 2 0 0 0 0 0 0 0 0 0
2 0 0 0 0 0 0 0 0 0 0 0 0 0 0 0 0 0
0 0 0 0 0 0 0 0 0 0 0 0 0 0 0 0 0 0
2 0 0 0 0 0 0 0 0 0 0 0 0 0 0 0 0 2
Output:
0 0 0 0 0 0 0 0 0 0 0 0 0 0 0 0 0 0
0 0 0 0 0 0 3 3 3 0 0 0 0 0 0 0 0 0
0 0 2 0 0 0 3 2 3 0 0 0 0 0 0 0 0 0
0 0 0 0 0 0 3 2 3 0 0 0 0 0 0 0 0 0
0 0 0 0 0 0 3 3 3 0 0 0 0 2 0 0 0 0
0 0 0 0 0 0 0 0 0 0 0 0 0 0 0 0 0 0
0 0 0 0 0 0 0 0 0 0 0 0 0 0 0 0 0 0
0 0 0 0 0 0 0 0 0 0 0 0 0 0 0 0 0 0
0 0 0 0 0 0 0 0 0 0 0 0 0 0 0 0 0 2
0 0 0 0 0 0 0 0 0 0 0 0 0 0 0 0 0 0
0 0 0 0 0 0 0 0 0 0 0 0 0 0 0 0 0 0
0 0 0 0 2 0 0 0 2 0 0 0 0 0 0 0 0 0
2 0 0 0 0 0 0 0 0 0 0 0 0 0 0 0 0 0
0 0 0 0 0 0 0 0 0 0 0 0 0 0 0 0 0 0
2 0 0 0 0 0 0 0 0 0 0 0 0 0 0 0 0 2

Example 1:

Input:
0 0 0 0 0 0 0 0 2 2 0 0 0 2 0 0
2 0 0 0 0 0 0 0 0 0 0 0 0 2 0 0
0 0 0 0 0 0 0 0 0 0 0 0 0 0 0 0
0 0 0 0 0 0 0 0 2 0 0 0 0 0 0 0
0 0 2 0 0 0 0 0 0 0 2 0 0 2 0 2
0 0 0 0 0 0 0 0 0 0 0 0 0 0 0 2
0 0 0 0 0 0 0 0 0 0 2 0 0 0 0 0
0 2 0 0 0 0 0 0 0 0 0 0 0 0 0 0
0 0 0 0 0 0 0 0 0 0 0 0 0 0 0 0
0 0 0 0 0 0 0 0 0 0 0 0 0 0 0 0
0 0 0 0 0 0 0 0 0 0 0 0 0 0 0 0
0 0 0 0 0 0 0 0 0 0 0 0 0 0 0 0
0 2 0 0 0 0 0 0 0 0 0 0 0 0 0 0
0 0 0 0 0 0 0 0 0 0 0 0 0 0 2 0
0 0 2 0 0 0 0 0 0 0 2 0 0 0 0 0
Output:
0 0 0 0 0 0 0 3 2 2 3 0 3 2 3 0
2 0 0 0 0 0 0 3 3 3 3 0 3 2 3 0
0 0 0 0 0 0 0 0 0 0 0 0 3 3 3 0
0 0 0 0 0 0 0 0 2 0 0 0 0 0 3 3
0 0 2 0 0 0 0 0 0 0 2 0 0 2 3 2
0 0 0 0 0 0 0 0 0 0 0 0 0 0 3 2
0 0 0 0 0 0 0 0 0 0 2 0 0 0 3 3
0 2 0 0 0 0 0 0 0 0 0 0 0 0 0 0
0 0 0 0 0 0 0 0 0 0 0 0 0 0 0 0
0 0 0 0 0 0 0 0 0 0 0 0 0 0 0 0
0 0 0 0 0 0 0 0 0 0 0 0 0 0 0 0
0 0 0 0 0 0 0 0 0 0 0 0 0 0 0 0
0 2 0 0 0 0 0 0 0 0 0 0 0 0 0 0
0 0 0 0 0 0 0 0 0 0 0 0 0 0 2 0
0 0 2 0 0 0 0 0 0 0 2 0 0 0 0 0

Example 1:

Input:
0 0 0 0 0 0 0 0 0 0 0 0 0 0 0 2
0 0 0 0 2 0 0 0 0 0 0 0 0 0 0 0
0 0 0 0 0 0 0 0 0 0 0 0 0 0 0 0
0 0 0 0 0 0 0 0 0 0 0 0 0 2 0 2
0 0 0 0 0 0 0 0 2 2 0 0 0 0 0 0
0 0 0 0 0 0 0 0 0 0 0 0 2 0 0 0
0 0 0 0 0 0 0 0 0 0 0 0 0 0 0 0
0 0 2 2 0 0 0 0 0 0 0 0 0 0 0 0
0 0 0 0 0 0 0 0 0 0 0 0 0 0 2 0
0 0 0 0 0 0 2 0 0 0 0 0 0 0 2 0
2 0 0 0 0 0 0 2 0 0 0 0 0 0 0 0
0 0 0 0 0 0 0 0 0 2 0 2 0 0 0 0
0 0 2 0 2 0 0 0 0 2 0 0 0 0 0 0
0 2 0 0 0 0 2 2 0 0 0 2 0 2 0 0
0 0 0 2 0 0 0 0 0 0 0 0 0 0 0 2
0 0 0 0 0 0 0 2 0 0 0 0 0 0 0 0
0 0 0 0 0 0 0 0 2 0 0 0 0 0 0 0
Output:
0 0 0 0 0 0 0 0 0 0 0 0 0 0 0 2
0 0 0 0 2 0 0 0 0 0 0 0 0 0 0 0
0 0 0 0 0 0 0 0 0 0 0 0 0 0 0 0
0 0 0 0 0 0 0 3 3 3 3 0 0 2 0 2
0 0 0 0 0 0 0 3 2 2 3 0 0 0 0 0
0 0 0 0 0 0 0 3 3 3 3 0 2 0 0 0
0 3 3 3 3 0 0 0 0 0 0 0 0 0 0 0
0 3 2 2 3 0 0 0 0 0 0 0 0 3 3 3
0 3 3 3 3 0 0 0 0 0 0 0 0 3 2 3
0 0 0 0 0 0 2 0 0 0 0 0 0 3 2 3
2 0 0 0 0 0 0 2 3 3 3 0 0 3 3 3
0 0 0 0 0 0 0 0 3 2 3 2 0 0 0 0
0 0 2 0 2 3 3 3 3 2 3 0 0 0 0 0
0 2 0 0 0 3 2 2 3 3 3 2 0 2 0 0
0 0 0 2 0 3 3 3 3 0 0 0 0 0 0 2
0 0 0 0 0 0 0 2 0 0 0 0 0 0 0 0
0 0 0 0 0 0 0 0 2 0 0 0 0 0 0 0

Example 1:

Input:
0 0 0 0 0 0 0 0 0 0 0 0 0 0 0
0 2 0 0 0 0 0 0 2 0 0 0 0 0 0
0 0 0 2 0 0 0 0 0 0 0 0 0 0 0
0 2 0 2 0 0 0 0 0 0 0 0 0 0 0
0 0 0 0 0 0 0 0 0 0 0 0 0 2 0
0 2 0 0 0 0 0 0 0 0 0 0 0 0 0
0 0 0 0 0 0 0 0 0 0 0 0 0 0 0
0 0 0 0 2 0 0 0 0 0 0 0 0 0 0
0 0 0 0 0 0 0 0 0 0 0 0 0 0 0
0 0 0 2 0 0 2 0 0 0 0 0 0 0 0
0 0 0 2 0 0 0 0 0 0 0 0 0 0 0
0 0 0 0 0 0 0 0 0 0 0 0 0 0 0
0 0 0 0 0 0 0 0 0 0 0 0 0 0 0
0 0 0 2 0 0 2 0 0 0 0 0 0 0 0
0 0 0 2 0 0 0 0 0 0 0 0 0 0 0
0 0 0 0 0 0 0 0 0 2 0 0 0 0 2
0 0 0 0 0 0 0 0 0 0 2 0 0 0 0
0 0 0 2 2 0 0 0 0 0 0 0 0 0 0
Output:
0 0 0 0 0 0 0 0 0 0 0 0 0 0 0
0 2 3 3 3 0 0 0 2 0 0 0 0 0 0
0 0 3 2 3 0 0 0 0 0 0 0 0 0 0
0 2 3 2 3 0 0 0 0 0 0 0 0 0 0
0 0 3 3 3 0 0 0 0 0 0 0 0 2 0
0 2 0 0 0 0 0 0 0 0 0 0 0 0 0
0 0 0 0 0 0 0 0 0 0 0 0 0 0 0
0 0 0 0 2 0 0 0 0 0 0 0 0 0 0
0 0 3 3 3 0 0 0 0 0 0 0 0 0 0
0 0 3 2 3 0 2 0 0 0 0 0 0 0 0
0 0 3 2 3 0 0 0 0 0 0 0 0 0 0
0 0 3 3 3 0 0 0 0 0 0 0 0 0 0
0 0 3 3 3 0 0 0 0 0 0 0 0 0 0
0 0 3 2 3 0 2 0 0 0 0 0 0 0 0
0 0 3 2 3 0 0 0 0 0 0 0 0 0 0
0 0 3 3 3 0 0 0 0 2 0 0 0 0 2
0 0 3 3 3 3 0 0 0 0 2 0 0 0 0
0 0 3 2 2 3 0 0 0 0 0 0 0 0 0

Example 1:

Input:
0 0 0 0 0 0 0 0 0 0 0 0 0 0 0
0 0 0 0 0 0 0 0 0 0 0 0 0 0 0
0 0 0 0 0 0 2 0 0 0 0 0 0 0 0
0 0 0 0 0 0 0 0 0 2 0 0 2 0 0
0 0 0 0 0 0 0 0 0 0 0 0 0 0 0
2 2 0 0 0 0 0 2 0 0 0 0 0 0 0
0 0 0 0 0 0 0 0 0 0 0 0 0 0 0
0 0 0 0 0 0 0 2 2 0 2 0 0 0 0
0 0 0 0 0 0 0 0 0 0 0 0 0 0 0
0 0 0 2 2 0 0 0 0 0 0 0 0 0 0
2 0 0 0 0 0 0 2 0 0 0 0 0 0 0
0 0 0 0 0 0 0 0 0 0 0 2 0 0 0
0 0 0 0 0 0 0 0 0 0 0 0 0 0 0
0 0 0 0 0 0 0 0 0 0 0 0 0 0 0
0 0 0 0 0 0 0 0 0 0 0 0 0 0 0
0 0 0 0 0 0 0 0 0 2 0 0 0 0 0
0 0 0 0 0 0 0 0 0 2 0 2 0 2 0
Output:
0 0 0 0 0 0 0 0 0 0 0 0 0 0 0
0 0 0 0 0 0 0 0 0 0 0 0 0 0 0
0 0 0 0 0 0 2 0 0 0 0 0 0 0 0
0 0 0 0 0 0 0 0 0 2 0 0 2 0 0
3 3 3 0 0 0 0 0 0 0 0 0 0 0 0
2 2 3 0 0 0 0 2 0 0 0 0 0 0 0
3 3 3 0 0 0 3 3 3 3 0 0 0 0 0
0 0 0 0 0 0 3 2 2 3 2 0 0 0 0
0 0 3 3 3 3 3 3 3 3 0 0 0 0 0
0 0 3 2 2 3 0 0 0 0 0 0 0 0 0
2 0 3 3 3 3 0 2 0 0 0 0 0 0 0
0 0 0 0 0 0 0 0 0 0 0 2 0 0 0
0 0 0 0 0 0 0 0 0 0 0 0 0 0 0
0 0 0 0 0 0 0 0 0 0 0 0 0 0 0
0 0 0 0 0 0 0 0 3 3 3 0 0 0 0
0 0 0 0 0 0 0 0 3 2 3 0 0 0 0
0 0 0 0 0 0 0 0 3 2 3 2 0 2 0

Example 1:

Input:
0 0 0 0 0 0 0 0 0 0 0 0 0 0 0
0 0 0 0 0 0 0 0 0 0 0 0 0 0 0
0 0 0 0 0 0 0 0 0 0 0 0 0 0 0
2 0 0 0 0 0 0 0 0 0 0 0 0 0 2
2 0 0 0 0 0 0 0 0 0 0 0 0 0 0
0 0 0 0 0 0 0 0 0 2 0 0 0 0 0
0 0 0 0 0 0 0 0 0 2 0 0 0 0 0
0 0 0 2 2 0 0 2 0 0 0 0 0 0 0
0 0 0 0 0 0 0 0 0 0 0 0 0 0 0
0 0 2 0 0 0 0 0 0 0 0 0 0 0 0
0 0 0 0 0 0 0 0 0 0 0 0 0 0 0
0 0 0 0 0 0 0 0 0 0 0 0 0 0 0
0 0 0 0 0 2 0 0 0 0 0 0 0 0 0
2 0 0 0 0 0 0 0 0 0 0 0 0 0 0
0 0 0 0 0 0 0 2 2 0 0 0 0 0 0
0 0 2 0 0 0 0 0 0 0 0 0 0 0 0
0 0 2 0 0 0 0 0 0 0 0 0 0 0 0
0 0 0 0 0 0 0 0 0 0 2 0 0 0 2
Output:
0 0 0 0 0 0 0 0 0 0 0 0 0 0 0
0 0 0 0 0 0 0 0 0 0 0 0 0 0 0
3 3 0 0 0 0 0 0 0 0 0 0 0 0 0
2 3 0 0 0 0 0 0 0 0 0 0 0 0 2
2 3 0 0 0 0 0 0 3 3 3 0 0 0 0
3 3 0 0 0 0 0 0 3 2 3 0 0 0 0
0 0 3 3 3 3 0 0 3 2 3 0 0 0 0
0 0 3 2 2 3 0 2 3 3 3 0 0 0 0
0 0 3 3 3 3 0 0 0 0 0 0 0 0 0
0 0 2 0 0 0 0 0 0 0 0 0 0 0 0
0 0 0 0 0 0 0 0 0 0 0 0 0 0 0
0 0 0 0 0 0 0 0 0 0 0 0 0 0 0
0 0 0 0 0 2 0 0 0 0 0 0 0 0 0
2 0 0 0 0 0 3 3 3 3 0 0 0 0 0
0 3 3 3 0 0 3 2 2 3 0 0 0 0 0
0 3 2 3 0 0 3 3 3 3 0 0 0 0 0
0 3 2 3 0 0 0 0 0 0 0 0 0 0 0
0 3 3 3 0 0 0 0 0 0 2 0 0 0 2

Example 1:

Input:
0 0 0 0 2 0 0 0 0 0 0 0 0 0 2 0 0
0 0 0 0 0 0 2 0 0 0 2 0 0 0 0 0 0
0 0 0 0 0 0 2 0 0 0 2 0 0 0 0 0 0
0 0 0 0 0 0 0 0 0 0 0 0 0 0 0 0 0
2 0 0 0 0 0 0 0 0 0 0 0 0 0 0 0 0
0 0 0 0 0 0 0 0 0 0 0 0 2 0 0 0 2
0 0 0 0 0 0 2 0 0 0 0 0 0 0 0 0 0
0 0 2 0 0 0 0 0 2 2 0 0 2 0 0 0 0
0 0 0 0 0 0 0 0 0 0 0 0 0 0 0 0 0
0 0 2 2 0 0 0 0 0 0 2 0 0 0 0 0 0
0 0 0 0 0 0 0 0 0 0 0 0 0 0 0 2 0
0 0 0 0 0 0 0 0 0 0 0 0 0 2 0 0 0
0 0 0 0 0 0 0 0 0 0 0 0 0 0 0 0 0
0 0 0 0 0 0 0 0 0 0 0 0 0 0 0 0 0
0 0 0 0 0 0 0 0 0 0 0 2 0 0 0 0 0
0 0 0 0 0 2 0 0 0 0 0 0 0 0 0 0 0
Output:
0 0 0 0 2 3 3 3 0 3 3 3 0 0 2 0 0
0 0 0 0 0 3 2 3 0 3 2 3 0 0 0 0 0
0 0 0 0 0 3 2 3 0 3 2 3 0 0 0 0 0
0 0 0 0 0 3 3 3 0 3 3 3 0 0 0 0 0
2 0 0 0 0 0 0 0 0 0 0 0 0 0 0 0 0
0 0 0 0 0 0 0 0 0 0 0 0 2 0 0 0 2
0 0 0 0 0 0 2 3 3 3 3 0 0 0 0 0 0
0 0 2 0 0 0 0 3 2 2 3 0 2 0 0 0 0
0 3 3 3 3 0 0 3 3 3 3 0 0 0 0 0 0
0 3 2 2 3 0 0 0 0 0 2 0 0 0 0 0 0
0 3 3 3 3 0 0 0 0 0 0 0 0 0 0 2 0
0 0 0 0 0 0 0 0 0 0 0 0 0 2 0 0 0
0 0 0 0 0 0 0 0 0 0 0 0 0 0 0 0 0
0 0 0 0 0 0 0 0 0 0 0 0 0 0 0 0 0
0 0 0 0 0 0 0 0 0 0 0 2 0 0 0 0 0
0 0 0 0 0 2 0 0 0 0 0 0 0 0 0 0 0

Example 1:

Input:
0 0 0 0 0 0 0 0 0 0 0 0 0 0 0 2 0 0
0 0 2 0 0 0 0 0 0 0 0 0 0 0 0 0 0 0
0 0 0 0 0 0 0 0 0 0 0 0 2 0 0 0 0 0
0 0 0 0 0 0 0 0 0 0 0 0 0 0 0 0 0 0
0 0 0 0 0 0 0 0 0 0 0 0 2 0 0 0 0 0
0 0 0 0 0 0 0 0 0 0 0 0 2 0 0 0 2 0
2 0 0 0 0 0 2 0 0 0 0 0 0 0 0 0 0 0
0 0 0 0 0 0 2 0 0 0 0 0 0 0 0 0 0 0
0 0 0 0 0 0 0 0 0 0 0 0 0 0 0 0 0 0
0 0 0 0 0 0 2 0 0 0 2 0 0 0 0 0 2 0
0 0 0 0 0 0 0 0 2 0 2 0 0 2 0 0 2 0
0 0 0 0 0 0 0 0 0 0 0 0 0 0 0 0 0 0
0 0 0 0 0 0 0 0 0 0 0 0 0 0 0 0 0 0
0 0 0 0 0 2 0 0 0 0 0 0 0 0 0 0 0 0
0 0 0 0 0 2 0 0 0 0 2 0 0 0 0 0 0 0
2 0 0 0 0 0 0 0 0 0 0 0 0 0 0 0 0 0
2 0 0 0 0 0 0 0 0 0 0 0 0 0 0 0 0 0
0 0 0 0 0 0 0 0 0 0 0 0 0 2 0 0 0 0
Output:
0 0 0 0 0 0 0 0 0 0 0 0 0 0 0 2 0 0
0 0 2 0 0 0 0 0 0 0 0 0 0 0 0 0 0 0
0 0 0 0 0 0 0 0 0 0 0 0 2 0 0 0 0 0
0 0 0 0 0 0 0 0 0 0 0 3 3 3 0 0 0 0
0 0 0 0 0 0 0 0 0 0 0 3 2 3 0 0 0 0
0 0 0 0 0 3 3 3 0 0 0 3 2 3 0 0 2 0
2 0 0 0 0 3 2 3 0 0 0 3 3 3 0 0 0 0
0 0 0 0 0 3 2 3 0 0 0 0 0 0 0 0 0 0
0 0 0 0 0 3 3 3 0 3 3 3 0 0 0 3 3 3
0 0 0 0 0 0 2 0 0 3 2 3 0 0 0 3 2 3
0 0 0 0 0 0 0 0 2 3 2 3 0 2 0 3 2 3
0 0 0 0 0 0 0 0 0 3 3 3 0 0 0 3 3 3
0 0 0 0 3 3 3 0 0 0 0 0 0 0 0 0 0 0
0 0 0 0 3 2 3 0 0 0 0 0 0 0 0 0 0 0
3 3 0 0 3 2 3 0 0 0 2 0 0 0 0 0 0 0
2 3 0 0 3 3 3 0 0 0 0 0 0 0 0 0 0 0
2 3 0 0 0 0 0 0 0 0 0 0 0 0 0 0 0 0
3 3 0 0 0 0 0 0 0 0 0 0 0 2 0 0 0 0


Write the **short** Python code in code golf manners that performs the transformation according to the rule in following format: `def p(g): ...`. Note that input and output are passed by 2D arrays.