Find the common rule that maps an input grid to an output grid, given the examples below.

Example 1:

Input:
8 8 8 2 2 2 2 8 8 8 8 8
8 8 8 2 2 2 2 8 8 8 8 8
2 2 2 2 2 2 2 2 2 2 2 2
2 2 2 2 2 2 2 2 2 2 2 2
2 2 2 2 2 2 2 2 2 2 2 2
8 8 8 2 4 2 2 8 8 8 8 8
8 8 8 2 2 2 2 8 8 8 8 8
8 8 8 2 2 2 2 8 8 8 8 8
8 1 8 2 2 2 2 8 8 8 8 8
8 8 8 2 2 2 2 8 8 8 8 8
8 8 8 2 2 2 2 8 8 8 8 8
8 8 8 2 2 2 2 8 8 8 8 8
2 2 2 2 2 2 2 2 2 2 2 2
2 2 2 2 2 2 2 2 2 2 2 2
2 2 2 2 2 2 2 2 2 2 2 2
2 2 2 2 2 2 2 2 2 2 2 2
8 8 8 2 2 2 2 8 8 8 8 8
8 8 8 2 2 2 2 8 8 8 8 8
8 8 8 2 2 2 2 8 8 8 8 8
Output:
8 8 8 2 2 2 2 8 8 1 8 8
1 8 8 2 2 2 2 8 1 8 8 8
2 4 2 2 2 2 2 4 2 2 2 2
2 2 4 2 2 2 4 2 2 2 2 2
2 2 2 4 2 4 2 2 2 2 2 2
8 8 8 2 4 2 2 8 8 8 8 8
8 8 8 4 2 4 2 8 8 8 8 8
1 8 1 2 2 2 4 8 8 8 8 8
8 1 8 2 2 2 2 1 8 8 8 8
1 8 1 2 2 2 2 8 1 8 8 8
8 8 8 4 2 2 2 8 8 1 8 8
8 8 8 2 4 2 2 8 8 8 1 8
2 2 2 2 2 4 2 2 2 2 2 4
2 2 2 2 2 2 4 2 2 2 2 2
2 2 2 2 2 2 2 4 2 2 2 2
2 2 2 2 2 2 2 2 4 2 2 2
8 8 8 2 2 2 2 8 8 1 8 8
8 8 8 2 2 2 2 8 8 8 1 8
8 8 8 2 2 2 2 8 8 8 8 1

Example 1:

Input:
3 3 3 1 1 1 1 1 1 3 3 3 3 3
3 3 3 1 1 1 1 1 1 3 3 3 3 3
3 3 3 1 1 1 1 1 1 3 3 3 3 3
3 3 3 1 1 1 2 1 1 3 3 3 3 3
3 3 3 1 1 1 1 1 1 3 3 3 3 3
1 1 1 1 1 1 1 1 1 1 1 1 1 1
1 1 1 1 1 1 1 1 1 1 1 1 1 1
1 1 1 1 1 1 1 1 1 1 1 1 1 1
3 3 3 1 1 1 1 1 1 3 3 8 3 3
3 3 3 1 1 1 1 1 1 3 3 3 3 3
3 3 3 1 1 1 1 1 1 3 3 3 3 3
3 3 3 1 1 1 1 1 1 3 3 3 3 3
Output:
3 3 3 2 1 1 1 1 1 8 3 3 3 3
3 3 3 1 2 1 1 1 2 3 3 3 3 3
3 3 3 1 1 2 1 2 1 3 3 3 3 3
3 3 3 1 1 1 2 1 1 3 3 3 3 3
3 3 3 1 1 2 1 2 1 3 3 3 3 3
1 1 1 1 2 1 1 1 2 1 1 1 1 1
1 1 1 2 1 1 1 1 1 2 1 1 1 2
1 1 2 1 1 1 1 1 1 1 2 1 2 1
3 8 3 1 1 1 1 1 1 3 3 8 3 3
8 3 3 1 1 1 1 1 1 3 8 3 8 3
3 3 3 1 1 1 1 1 1 8 3 3 3 8
3 3 3 1 1 1 1 1 2 3 3 3 3 3

Example 1:

Input:
1 1 6 6 6 6 1 1 1 1 6 6 6 6 6
1 1 6 6 6 6 1 1 1 1 6 6 6 6 6
1 1 6 6 6 6 1 1 1 1 6 6 6 6 6
1 1 6 6 6 6 1 1 1 1 6 6 6 6 6
1 1 6 6 6 6 1 1 1 1 6 6 6 6 6
1 1 6 6 6 6 1 8 1 1 6 6 6 6 6
1 1 6 6 6 6 1 1 1 1 6 6 6 6 6
1 1 6 6 6 6 1 1 1 1 6 6 6 6 6
1 1 6 6 3 6 1 1 1 1 6 6 6 6 6
1 1 6 6 6 6 1 1 1 1 6 6 6 6 6
1 1 6 6 6 6 1 1 1 1 6 6 3 6 6
1 1 6 6 6 6 1 1 1 1 6 6 6 6 6
1 1 6 6 6 6 1 1 1 1 6 6 6 6 6
1 1 6 6 6 6 1 1 1 1 6 6 6 6 6
1 1 6 6 6 6 1 1 1 1 6 6 6 6 6
Output:
1 1 3 6 6 6 1 1 1 1 6 6 3 6 6
1 1 6 3 6 6 1 1 1 1 6 3 6 6 6
1 1 6 6 3 6 1 1 1 1 3 6 6 6 6
1 1 6 6 6 3 1 1 1 8 6 6 6 6 6
8 1 6 6 6 6 8 1 8 1 6 6 6 6 6
1 8 6 6 6 6 1 8 1 1 6 6 6 6 6
1 1 3 6 6 6 8 1 8 1 6 6 6 6 6
1 1 6 3 6 3 1 1 1 8 6 6 6 6 6
1 1 6 6 3 6 1 1 1 1 3 6 6 6 3
1 1 6 3 6 3 1 1 1 1 6 3 6 3 6
1 1 3 6 6 6 8 1 1 1 6 6 3 6 6
1 8 6 6 6 6 1 8 1 1 6 3 6 3 6
8 1 6 6 6 6 1 1 8 1 3 6 6 6 3
1 1 6 6 6 6 1 1 1 8 6 6 6 6 6
1 1 6 6 6 6 1 1 8 1 3 6 6 6 6

Example 1:

Input:
8 8 8 3 3 3 3 3 3 8 4 8 8 8 8 8 8 8 8
8 8 8 3 3 3 3 3 3 8 8 8 8 8 8 8 8 8 8
8 8 8 3 3 3 3 3 3 8 8 8 8 8 8 8 8 8 8
8 8 8 3 3 3 3 3 3 8 8 8 8 8 8 8 8 8 8
3 3 3 3 3 3 1 3 3 3 3 3 3 3 3 3 3 3 3
3 3 3 3 3 3 3 3 3 3 3 3 3 3 3 3 3 3 3
3 3 3 3 3 3 3 3 3 3 3 3 3 3 3 3 3 3 3
8 8 8 3 3 3 3 3 3 8 8 8 8 8 8 8 8 8 8
8 8 8 3 3 3 3 3 3 8 8 8 8 8 8 8 8 8 8
8 8 8 3 3 3 3 3 3 8 8 8 8 8 8 8 8 8 8
8 8 8 3 3 3 3 3 3 8 8 8 8 8 8 8 8 8 8
3 3 3 3 3 3 3 3 3 3 3 3 3 3 3 3 3 3 3
3 3 3 3 3 3 3 3 3 3 3 3 3 3 1 3 3 3 3
3 3 3 3 3 3 3 3 3 3 3 3 3 3 3 3 3 3 3
3 3 3 3 3 3 3 3 3 3 3 3 3 3 3 3 3 3 3
8 8 8 3 3 3 3 3 3 8 8 8 8 8 8 8 8 8 8
8 8 8 3 3 3 3 3 3 8 8 8 8 8 8 8 8 8 8
Output:
8 8 4 3 3 3 3 3 3 8 4 8 8 8 8 8 8 8 8
8 8 8 1 3 3 3 3 3 4 8 4 8 8 8 8 8 8 8
8 8 8 3 1 3 3 3 1 8 8 8 4 8 8 8 8 8 8
8 8 8 3 3 1 3 1 3 8 8 8 8 4 8 8 8 8 8
3 3 3 3 3 3 1 3 3 3 3 3 3 3 1 3 3 3 3
3 3 3 3 3 1 3 1 3 3 3 3 3 3 3 1 3 3 3
3 3 3 3 1 3 3 3 1 3 3 3 3 3 3 3 1 3 3
8 8 8 1 3 3 3 3 3 4 8 8 8 8 8 8 8 4 8
8 8 4 3 3 3 3 3 3 8 4 8 8 8 8 8 8 8 4
8 4 8 3 3 3 3 3 3 8 8 4 8 8 8 8 8 4 8
4 8 8 3 3 3 3 3 3 8 8 8 4 8 8 8 4 8 8
3 3 3 3 3 3 3 3 3 3 3 3 3 1 3 1 3 3 3
3 3 3 3 3 3 3 3 3 3 3 3 3 3 1 3 3 3 3
3 3 3 3 3 3 3 3 3 3 3 3 3 1 3 1 3 3 3
3 3 3 3 3 3 3 3 3 3 3 3 1 3 3 3 1 3 3
8 8 8 3 3 3 3 3 3 8 8 4 8 8 8 8 8 4 8
8 8 8 3 3 3 3 3 3 8 4 8 8 8 8 8 8 8 4

Example 1:

Input:
8 8 8 8 8 3 3 3 3 3 8 8 6 8 3 3 8 8
8 8 8 8 8 3 3 1 3 3 8 8 8 8 3 3 8 8
8 8 8 8 8 3 3 3 3 3 8 8 8 8 3 3 8 8
8 8 8 8 8 3 3 3 3 3 8 8 8 8 3 3 8 8
3 3 3 3 3 3 3 3 3 3 3 3 3 3 3 3 3 3
3 3 3 3 3 3 3 3 3 3 3 3 3 3 3 1 3 3
3 3 3 3 3 3 3 3 3 3 3 3 3 3 3 3 3 3
8 8 8 8 8 3 3 3 3 3 8 8 8 8 3 3 8 8
8 8 8 8 8 3 3 3 3 3 8 8 8 8 3 3 8 8
8 8 8 8 8 3 3 3 3 3 8 8 8 8 3 3 8 8
8 8 8 8 8 3 3 3 3 3 8 8 8 8 3 3 8 8
Output:
8 8 8 8 8 3 1 3 1 3 6 8 6 8 3 3 8 8
8 8 8 8 8 3 3 1 3 3 8 6 8 6 3 3 8 8
8 8 8 8 8 3 1 3 1 3 6 8 6 8 1 3 8 8
8 8 8 8 8 1 3 3 3 1 8 8 8 6 3 1 8 6
3 3 3 3 1 3 3 3 1 3 1 3 3 3 1 3 1 3
3 3 3 1 3 3 3 1 3 3 3 1 3 3 3 1 3 1
3 3 1 3 3 3 1 3 3 3 3 3 1 3 1 3 1 3
8 6 8 8 8 1 3 3 3 3 8 8 8 6 3 3 8 6
6 8 8 8 6 3 3 3 3 3 8 8 6 8 1 3 8 8
8 8 8 6 8 3 3 3 3 3 8 6 8 8 3 1 8 8
8 8 6 8 8 3 3 3 3 3 6 8 8 8 3 3 6 8

Example 1:

Input:
9 9 9 9 9 9 2 2 2 9 9
9 9 9 9 9 9 2 2 2 9 9
9 9 9 3 9 9 2 2 2 9 9
9 9 9 9 9 9 2 2 2 9 9
9 9 9 9 9 9 2 2 2 9 9
9 9 9 9 9 9 2 2 2 9 9
2 2 2 2 2 2 2 6 2 2 2
2 2 2 2 2 2 2 2 2 2 2
2 2 2 2 2 2 2 2 2 2 2
2 2 2 2 2 2 2 2 2 2 2
2 2 2 2 2 2 2 2 2 2 2
9 9 9 9 9 9 2 2 2 9 9
9 9 9 9 9 9 2 2 2 9 9
9 9 9 9 9 9 2 2 2 9 9
9 9 9 9 9 9 2 2 2 9 9
Output:
9 3 9 9 9 3 2 2 2 9 9
9 9 3 9 3 9 2 2 2 9 9
9 9 9 3 9 9 2 2 2 9 9
9 9 3 9 3 9 2 2 2 9 3
9 3 9 9 9 3 2 2 2 3 9
3 9 9 9 9 9 6 2 6 9 9
2 2 2 2 2 2 2 6 2 2 2
2 2 2 2 2 2 6 2 6 2 2
2 2 2 2 2 6 2 2 2 6 2
2 2 2 2 6 2 2 2 2 2 6
2 2 2 6 2 2 2 2 2 2 2
9 9 3 9 9 9 2 2 2 9 9
9 3 9 9 9 9 2 2 2 9 9
3 9 9 9 9 9 2 2 2 9 9
9 9 9 9 9 9 2 2 2 9 9

Example 1:

Input:
2 2 2 2 2 2 2 1 1 1 1
2 2 2 2 2 2 8 1 1 1 1
2 2 2 2 2 2 2 1 1 1 1
2 2 2 2 2 2 2 1 1 1 1
2 2 2 2 2 2 2 1 1 1 1
1 1 1 1 1 1 1 1 1 1 5
1 1 1 1 1 1 1 1 1 1 1
5 1 1 1 1 1 1 1 1 1 1
2 2 2 2 2 2 2 1 1 1 1
2 2 2 2 2 2 2 1 1 1 1
2 2 2 2 2 2 2 1 1 1 1
2 2 2 2 2 2 2 1 1 1 1
2 2 2 2 2 2 2 1 1 1 1
1 1 1 1 1 1 1 1 1 1 1
1 1 1 1 1 1 1 1 1 1 1
1 1 1 1 1 1 1 1 1 1 1
2 2 2 2 2 2 2 1 1 1 1
Output:
2 2 2 2 2 8 2 5 1 1 1
2 2 2 2 2 2 8 1 1 1 1
2 2 2 2 2 8 2 5 1 1 1
2 2 2 2 8 2 2 1 5 1 1
2 2 2 8 2 2 2 1 1 5 1
1 1 5 1 1 1 1 1 1 1 5
1 5 1 1 1 1 1 1 1 5 1
5 1 1 1 1 1 1 1 5 1 1
2 8 2 2 2 2 2 5 1 1 1
2 2 8 2 2 2 8 1 1 1 1
2 2 2 8 2 8 2 1 1 1 1
2 2 2 2 8 2 2 1 1 1 1
2 2 2 8 2 8 2 1 1 1 1
1 1 5 1 1 1 5 1 1 1 1
1 5 1 1 1 1 1 5 1 1 1
5 1 1 1 1 1 1 1 5 1 1
2 2 2 2 2 2 2 1 1 5 1

Example 1:

Input:
1 1 1 1 1 1 1 6 6 6 6 1 1 1 1
1 1 1 1 1 1 1 6 6 6 6 1 1 1 1
1 1 1 1 1 1 1 6 6 6 6 1 1 1 1
6 6 6 6 6 6 6 6 6 6 6 6 6 9 6
6 6 6 6 6 6 6 6 6 6 6 6 6 6 6
1 1 1 1 1 1 1 6 6 6 6 1 1 1 1
1 1 1 1 1 1 1 6 6 6 6 1 1 1 1
1 4 1 1 1 1 1 6 6 6 6 1 1 1 1
1 1 1 1 1 1 1 6 6 6 6 1 1 1 1
1 1 1 1 1 1 1 6 6 6 6 1 1 1 1
1 1 1 1 1 1 1 6 6 6 6 1 1 1 1
1 1 1 1 4 1 1 6 6 6 6 1 1 1 1
Output:
1 1 1 1 1 1 1 6 9 6 9 1 1 1 1
1 1 1 1 1 1 1 9 6 6 6 4 1 1 4
1 1 1 1 1 1 4 6 6 6 6 1 4 4 4
6 6 6 6 6 9 6 6 6 6 6 6 9 9 6
6 6 6 6 9 6 6 6 6 6 6 9 9 6 9
1 1 1 4 1 1 1 6 6 6 9 4 1 1 1
4 1 4 1 1 1 1 6 6 9 9 1 1 1 1
4 4 1 1 1 1 1 6 9 9 6 1 1 1 1
4 4 4 1 1 1 1 9 9 6 6 1 1 1 1
1 1 4 4 1 1 4 9 6 6 6 1 1 1 1
1 1 1 4 4 4 4 6 6 6 6 1 1 1 1
1 1 1 1 4 4 1 6 6 6 6 1 1 1 1


Write the **short** Python code in code golf manners that performs the transformation according to the rule in following format: `def p(g): ...`. Note that input and output are passed by 2D arrays.