Find the common rule that maps an input grid to an output grid, given the examples below.

Example 1:

Input:
8 8 8 8 8 8 8 8 8 8 8 8
8 8 3 3 3 8 8 8 8 8 8 8
8 8 3 3 3 8 8 8 8 8 8 8
8 8 3 3 3 8 8 8 8 4 8 8
8 8 3 3 3 8 8 8 8 8 8 8
8 8 8 8 8 8 8 8 8 8 8 8
8 8 8 8 8 8 8 8 8 8 8 8
8 8 8 8 8 8 8 4 8 8 8 8
8 8 8 8 8 8 8 8 8 8 8 8
Output:
8 8 8 8 8 8 8 8 8 8 8 8
8 8 3 3 3 8 8 8 8 8 8 8
8 8 3 3 3 8 8 8 8 8 8 8
8 8 3 3 3 4 4 4 4 4 8 8
8 8 3 3 3 8 8 8 8 8 8 8
8 8 8 8 8 8 8 8 8 8 8 8
8 8 8 8 8 8 8 8 8 8 8 8
8 8 8 8 8 8 8 4 8 8 8 8
8 8 8 8 8 8 8 8 8 8 8 8

Example 1:

Input:
2 2 2 2 2 2 2 2 2 2 2 2
2 2 2 2 2 2 2 2 2 2 2 2
2 2 2 1 1 1 2 2 2 2 2 2
2 2 2 1 1 1 2 2 2 2 2 2
2 2 2 1 1 1 2 2 2 2 2 2
2 2 2 2 2 2 2 2 2 2 2 2
2 2 2 2 2 2 2 2 2 2 2 2
2 2 2 2 2 2 2 2 2 2 2 2
2 2 2 8 2 2 2 2 2 2 2 2
2 2 2 2 2 2 2 2 2 2 2 2
Output:
2 2 2 2 2 2 2 2 2 2 2 2
2 2 2 2 2 2 2 2 2 2 2 2
2 2 2 1 1 1 2 2 2 2 2 2
2 2 2 1 1 1 2 2 2 2 2 2
2 2 2 1 1 1 2 2 2 2 2 2
2 2 2 8 2 2 2 2 2 2 2 2
2 2 2 8 2 2 2 2 2 2 2 2
2 2 2 8 2 2 2 2 2 2 2 2
2 2 2 8 2 2 2 2 2 2 2 2
2 2 2 2 2 2 2 2 2 2 2 2

Example 1:

Input:
1 1 1 1 2 1 1 1 1 1 1 1
1 1 1 1 1 1 1 1 1 1 1 1
1 1 1 1 1 1 1 1 1 1 1 1
1 1 1 1 1 1 1 1 1 1 1 1
1 1 1 4 4 4 4 1 1 1 1 1
1 1 1 4 4 4 4 1 1 1 1 1
1 1 1 4 4 4 4 1 1 1 2 1
1 1 1 4 4 4 4 1 1 1 1 1
1 1 1 1 1 1 1 1 1 1 1 1
1 1 1 1 1 1 1 1 1 1 1 1
1 1 1 1 1 1 1 1 1 1 1 1
1 2 1 1 1 1 1 1 1 1 1 1
1 1 1 1 1 1 1 1 1 1 1 1
1 1 1 1 1 1 1 1 1 1 1 1
Output:
1 1 1 1 2 1 1 1 1 1 1 1
1 1 1 1 2 1 1 1 1 1 1 1
1 1 1 1 2 1 1 1 1 1 1 1
1 1 1 1 2 1 1 1 1 1 1 1
1 1 1 4 4 4 4 1 1 1 1 1
1 1 1 4 4 4 4 1 1 1 1 1
1 1 1 4 4 4 4 2 2 2 2 1
1 1 1 4 4 4 4 1 1 1 1 1
1 1 1 1 1 1 1 1 1 1 1 1
1 1 1 1 1 1 1 1 1 1 1 1
1 1 1 1 1 1 1 1 1 1 1 1
1 2 1 1 1 1 1 1 1 1 1 1
1 1 1 1 1 1 1 1 1 1 1 1
1 1 1 1 1 1 1 1 1 1 1 1

Example 1:

Input:
1 1 1 1 1 1 1 1 1 1 1 1 1 1 1 1 1 1
1 1 1 1 1 1 1 1 4 1 1 1 1 1 1 1 1 1
1 1 1 1 1 1 1 1 1 1 1 1 1 1 1 1 1 1
1 1 1 1 1 1 1 1 1 1 1 4 1 1 1 1 1 1
1 1 1 1 1 1 1 1 1 1 1 1 1 1 1 4 1 1
1 1 4 1 1 1 1 5 5 5 5 5 1 1 1 1 1 1
1 1 1 1 1 1 1 5 5 5 5 5 1 1 1 1 1 1
1 1 1 1 1 1 1 5 5 5 5 5 1 1 1 1 1 1
1 1 1 1 1 1 1 5 5 5 5 5 1 1 1 1 1 1
1 1 1 1 1 1 1 1 1 1 1 1 1 1 1 1 1 1
1 1 1 1 1 1 1 1 1 1 1 1 1 1 1 1 1 1
1 1 1 1 1 1 1 1 1 1 1 1 1 4 1 1 1 1
1 1 1 1 1 1 1 1 1 1 1 1 1 1 1 1 1 1
1 1 1 1 1 1 1 1 1 1 1 1 1 1 1 1 1 1
Output:
1 1 1 1 1 1 1 1 1 1 1 1 1 1 1 1 1 1
1 1 1 1 1 1 1 1 4 1 1 1 1 1 1 1 1 1
1 1 1 1 1 1 1 1 4 1 1 1 1 1 1 1 1 1
1 1 1 1 1 1 1 1 4 1 1 4 1 1 1 1 1 1
1 1 1 1 1 1 1 1 4 1 1 4 1 1 1 4 1 1
1 1 4 4 4 4 4 5 5 5 5 5 1 1 1 1 1 1
1 1 1 1 1 1 1 5 5 5 5 5 1 1 1 1 1 1
1 1 1 1 1 1 1 5 5 5 5 5 1 1 1 1 1 1
1 1 1 1 1 1 1 5 5 5 5 5 1 1 1 1 1 1
1 1 1 1 1 1 1 1 1 1 1 1 1 1 1 1 1 1
1 1 1 1 1 1 1 1 1 1 1 1 1 1 1 1 1 1
1 1 1 1 1 1 1 1 1 1 1 1 1 4 1 1 1 1
1 1 1 1 1 1 1 1 1 1 1 1 1 1 1 1 1 1
1 1 1 1 1 1 1 1 1 1 1 1 1 1 1 1 1 1

Example 1:

Input:
2 2 2 2 2 2 2 2 2 2 2 2 2 2 2 2 2 2 2 2 2
2 2 2 2 2 2 2 2 2 1 2 2 2 2 2 2 2 2 2 2 2
2 2 1 2 2 2 2 2 2 2 2 2 2 2 2 2 2 1 2 2 2
2 2 2 2 2 2 2 2 2 2 2 2 2 1 2 2 2 2 2 2 2
2 2 2 2 2 2 2 2 2 2 2 2 2 2 2 2 2 2 2 2 2
2 2 2 2 2 2 2 8 8 8 8 8 8 8 8 2 2 2 2 2 2
2 2 2 2 2 2 2 8 8 8 8 8 8 8 8 2 2 2 2 2 2
2 2 2 2 2 2 2 8 8 8 8 8 8 8 8 2 2 2 2 1 2
2 2 2 2 2 2 2 8 8 8 8 8 8 8 8 2 2 2 2 2 2
2 2 1 2 2 2 2 8 8 8 8 8 8 8 8 2 2 2 2 2 2
2 2 2 2 2 2 2 8 8 8 8 8 8 8 8 2 2 2 2 2 2
2 2 2 2 2 2 2 2 2 2 2 2 2 2 2 2 2 2 2 2 2
2 2 2 2 2 2 2 2 2 2 2 2 2 2 2 2 2 2 2 2 2
2 2 2 2 2 2 2 2 2 2 2 2 2 2 2 1 2 2 2 2 2
2 2 2 2 2 2 2 2 2 2 2 2 2 2 2 2 2 2 2 2 2
2 2 2 2 2 2 2 2 2 2 2 2 2 2 2 2 2 2 2 2 2
2 2 2 2 2 2 2 2 2 2 2 2 2 2 2 2 2 2 2 2 2
2 2 2 1 2 2 2 2 2 2 2 1 2 2 2 2 2 2 2 2 2
2 2 2 2 2 2 2 2 2 2 2 2 2 2 2 2 2 2 2 2 2
Output:
2 2 2 2 2 2 2 2 2 2 2 2 2 2 2 2 2 2 2 2 2
2 2 2 2 2 2 2 2 2 1 2 2 2 2 2 2 2 2 2 2 2
2 2 1 2 2 2 2 2 2 1 2 2 2 2 2 2 2 1 2 2 2
2 2 2 2 2 2 2 2 2 1 2 2 2 1 2 2 2 2 2 2 2
2 2 2 2 2 2 2 2 2 1 2 2 2 1 2 2 2 2 2 2 2
2 2 2 2 2 2 2 8 8 8 8 8 8 8 8 2 2 2 2 2 2
2 2 2 2 2 2 2 8 8 8 8 8 8 8 8 2 2 2 2 2 2
2 2 2 2 2 2 2 8 8 8 8 8 8 8 8 1 1 1 1 1 2
2 2 2 2 2 2 2 8 8 8 8 8 8 8 8 2 2 2 2 2 2
2 2 1 1 1 1 1 8 8 8 8 8 8 8 8 2 2 2 2 2 2
2 2 2 2 2 2 2 8 8 8 8 8 8 8 8 2 2 2 2 2 2
2 2 2 2 2 2 2 2 2 2 2 1 2 2 2 2 2 2 2 2 2
2 2 2 2 2 2 2 2 2 2 2 1 2 2 2 2 2 2 2 2 2
2 2 2 2 2 2 2 2 2 2 2 1 2 2 2 1 2 2 2 2 2
2 2 2 2 2 2 2 2 2 2 2 1 2 2 2 2 2 2 2 2 2
2 2 2 2 2 2 2 2 2 2 2 1 2 2 2 2 2 2 2 2 2
2 2 2 2 2 2 2 2 2 2 2 1 2 2 2 2 2 2 2 2 2
2 2 2 1 2 2 2 2 2 2 2 1 2 2 2 2 2 2 2 2 2
2 2 2 2 2 2 2 2 2 2 2 2 2 2 2 2 2 2 2 2 2

Example 1:

Input:
1 1 1 1 1 1 1 1 1 1
1 1 1 4 4 4 1 1 1 1
1 1 1 4 4 4 1 1 1 1
1 1 1 4 4 4 1 1 1 1
1 1 1 4 4 4 1 1 1 1
1 1 1 4 4 4 1 1 1 1
1 1 1 4 4 4 1 1 1 1
1 1 1 4 4 4 1 1 1 1
1 9 1 4 4 4 1 1 1 1
1 1 1 4 4 4 1 1 1 1
1 1 1 4 4 4 1 1 1 1
1 1 1 4 4 4 1 1 1 1
1 1 1 1 1 1 1 1 1 1
1 1 1 1 1 1 1 1 1 1
1 1 1 1 1 1 1 1 1 1
1 1 1 1 1 1 1 1 1 1
1 1 1 1 1 1 1 1 1 1
1 1 1 1 1 1 1 1 1 1
1 1 1 1 1 1 1 1 1 1
1 1 1 1 9 1 1 1 1 1
1 1 1 1 1 1 1 1 1 1
1 1 1 1 1 1 1 1 1 1
1 1 1 1 1 1 1 1 1 1
Output:
1 1 1 1 1 1 1 1 1 1
1 1 1 4 4 4 1 1 1 1
1 1 1 4 4 4 1 1 1 1
1 1 1 4 4 4 1 1 1 1
1 1 1 4 4 4 1 1 1 1
1 1 1 4 4 4 1 1 1 1
1 1 1 4 4 4 1 1 1 1
1 1 1 4 4 4 1 1 1 1
1 9 9 4 4 4 1 1 1 1
1 1 1 4 4 4 1 1 1 1
1 1 1 4 4 4 1 1 1 1
1 1 1 4 4 4 1 1 1 1
1 1 1 1 9 1 1 1 1 1
1 1 1 1 9 1 1 1 1 1
1 1 1 1 9 1 1 1 1 1
1 1 1 1 9 1 1 1 1 1
1 1 1 1 9 1 1 1 1 1
1 1 1 1 9 1 1 1 1 1
1 1 1 1 9 1 1 1 1 1
1 1 1 1 9 1 1 1 1 1
1 1 1 1 1 1 1 1 1 1
1 1 1 1 1 1 1 1 1 1
1 1 1 1 1 1 1 1 1 1

Example 1:

Input:
4 4 4 4 4 4 4 4 4 8 4
4 4 4 4 4 4 4 4 4 4 4
4 4 9 9 9 9 9 4 4 4 4
4 4 9 9 9 9 9 4 4 4 4
4 4 9 9 9 9 9 4 4 4 4
4 4 9 9 9 9 9 4 4 4 4
4 4 9 9 9 9 9 4 4 4 4
8 4 9 9 9 9 9 4 4 4 4
4 4 9 9 9 9 9 4 4 4 4
4 4 4 4 4 4 4 4 4 4 4
4 4 4 4 4 4 4 4 4 4 4
4 4 8 4 4 4 4 4 4 4 4
4 4 4 4 4 4 4 4 4 4 4
4 4 4 4 4 4 4 4 4 4 4
4 4 4 4 4 4 4 4 4 4 4
4 4 4 4 4 4 4 4 4 4 4
4 4 4 4 4 4 4 4 4 4 4
4 4 4 4 4 4 4 4 4 4 4
Output:
4 4 4 4 4 4 4 4 4 8 4
4 4 4 4 4 4 4 4 4 4 4
4 4 9 9 9 9 9 4 4 4 4
4 4 9 9 9 9 9 4 4 4 4
4 4 9 9 9 9 9 4 4 4 4
4 4 9 9 9 9 9 4 4 4 4
4 4 9 9 9 9 9 4 4 4 4
8 8 9 9 9 9 9 4 4 4 4
4 4 9 9 9 9 9 4 4 4 4
4 4 8 4 4 4 4 4 4 4 4
4 4 8 4 4 4 4 4 4 4 4
4 4 8 4 4 4 4 4 4 4 4
4 4 4 4 4 4 4 4 4 4 4
4 4 4 4 4 4 4 4 4 4 4
4 4 4 4 4 4 4 4 4 4 4
4 4 4 4 4 4 4 4 4 4 4
4 4 4 4 4 4 4 4 4 4 4
4 4 4 4 4 4 4 4 4 4 4

Example 1:

Input:
8 8 8 8 8 8 8 8 8 8 8
8 8 8 8 8 8 8 8 8 8 8
8 8 8 8 8 8 8 8 8 8 8
8 8 8 8 8 8 8 8 8 8 8
8 8 8 8 8 8 8 8 8 8 8
8 7 8 8 8 8 8 8 8 8 8
8 8 8 8 8 8 8 8 8 8 8
8 8 8 8 8 8 8 8 8 8 8
8 8 8 8 8 8 8 8 8 8 8
8 8 8 8 8 8 8 8 8 8 7
8 8 7 8 8 8 8 8 8 8 8
8 8 8 8 5 5 5 8 8 8 8
8 8 8 8 5 5 5 8 8 8 8
8 8 8 8 5 5 5 8 8 8 8
8 8 8 8 8 8 8 8 8 8 8
8 8 8 8 8 8 8 8 8 8 8
8 8 8 8 8 8 8 8 8 8 8
8 8 8 8 8 7 8 8 8 8 8
8 8 8 8 8 8 8 8 8 8 8
8 8 8 8 8 8 8 8 8 8 8
8 8 8 8 8 8 8 8 8 8 8
8 8 8 8 8 8 8 8 8 8 8
Output:
8 8 8 8 8 8 8 8 8 8 8
8 8 8 8 8 8 8 8 8 8 8
8 8 8 8 8 8 8 8 8 8 8
8 8 8 8 8 8 8 8 8 8 8
8 8 8 8 8 8 8 8 8 8 8
8 7 8 8 8 8 8 8 8 8 8
8 8 8 8 8 8 8 8 8 8 8
8 8 8 8 8 8 8 8 8 8 8
8 8 8 8 8 8 8 8 8 8 8
8 8 8 8 8 8 8 8 8 8 7
8 8 7 8 8 8 8 8 8 8 8
8 8 8 8 5 5 5 8 8 8 8
8 8 8 8 5 5 5 8 8 8 8
8 8 8 8 5 5 5 8 8 8 8
8 8 8 8 8 7 8 8 8 8 8
8 8 8 8 8 7 8 8 8 8 8
8 8 8 8 8 7 8 8 8 8 8
8 8 8 8 8 7 8 8 8 8 8
8 8 8 8 8 8 8 8 8 8 8
8 8 8 8 8 8 8 8 8 8 8
8 8 8 8 8 8 8 8 8 8 8
8 8 8 8 8 8 8 8 8 8 8


Write Python code that performs the transformation according to the rule in following format: `def p(g): ...`. Note that input and output are passed by 2D arrays.