Find the common rule that maps an input grid to an output grid, given the examples below.

Example 1:

Input:
8 8 8 8 8 8 8 8 8 8 8 8 8 8 8 8 8 8 8 8 8 8 8 8 8 8 8
8 8 8 8 8 8 8 8 8 8 8 8 8 8 8 8 8 8 8 8 8 8 8 8 8 8 8
8 8 8 3 3 3 3 3 3 3 3 3 3 3 3 3 3 3 3 3 3 8 8 8 8 8 8
8 8 8 3 3 3 3 3 3 3 3 3 3 3 3 3 3 3 3 3 3 8 8 8 8 8 8
8 8 8 3 3 3 3 3 3 3 3 3 3 3 3 3 3 3 3 3 3 8 8 8 8 8 8
8 8 8 3 3 3 3 3 3 3 3 3 3 3 3 3 3 3 3 3 3 8 8 8 8 8 8
8 8 8 3 3 3 3 3 3 3 3 3 3 3 3 3 3 3 3 3 3 8 8 8 8 8 8
8 8 8 3 3 3 3 3 3 3 3 3 3 3 3 3 3 3 3 3 3 8 8 8 8 8 8
8 8 8 3 3 3 3 3 3 3 3 3 3 3 3 3 3 3 3 3 3 8 8 8 8 8 8
8 8 8 3 3 3 2 2 2 2 2 2 3 3 3 3 3 3 3 3 3 8 8 8 8 8 8
8 8 8 3 3 3 2 2 2 2 2 2 3 3 3 3 3 3 3 3 3 8 8 8 8 8 8
8 8 8 3 3 3 2 2 2 2 2 2 3 3 3 3 3 3 3 3 3 8 8 8 8 8 8
8 8 8 3 3 3 2 2 2 2 2 2 3 3 3 3 3 3 3 3 3 8 8 8 8 8 8
8 8 8 3 3 3 2 2 2 2 2 2 3 3 3 3 3 3 3 3 3 8 8 8 8 8 8
8 8 8 3 3 3 2 2 2 2 2 2 3 3 3 3 3 3 3 3 3 8 8 8 8 8 8
8 8 8 3 3 3 3 3 3 3 3 3 3 3 3 3 3 3 3 3 3 8 8 8 8 8 8
8 8 8 3 3 3 3 3 3 3 3 3 3 3 3 3 3 3 3 3 3 8 8 8 8 8 8
8 8 8 3 3 3 3 3 3 3 3 3 3 3 3 3 3 3 3 3 3 8 8 8 8 8 8
8 8 8 8 8 8 8 8 8 8 8 8 8 8 8 8 8 8 8 8 8 8 8 8 8 8 8
8 8 8 8 8 8 8 8 8 8 8 8 8 8 8 8 8 8 8 8 8 8 8 8 8 8 8
8 8 8 8 8 8 8 8 8 8 8 8 8 8 8 8 8 8 8 8 8 8 8 8 8 8 8
8 8 8 8 8 8 8 8 8 8 8 8 8 8 8 8 8 8 8 8 8 8 8 8 8 8 8
8 8 8 8 8 8 8 8 8 8 8 8 8 8 8 8 8 8 8 8 8 8 8 8 8 8 8
Output:
8 8 8 8 8
8 3 3 3 8
8 3 2 3 8
8 3 3 3 8
8 8 8 8 8

Example 1:

Input:
5 5 5 5 5 5 5 5 5 5 5 5 5 5 5 5 5 5 5 5 5 5 5 5 5
5 5 5 5 5 5 5 5 5 5 5 5 5 5 5 5 5 5 5 5 5 5 5 5 5
5 5 5 5 5 5 5 5 5 5 5 5 5 5 5 5 5 5 5 5 5 5 5 5 5
5 5 5 5 6 6 6 6 6 6 6 6 6 6 6 6 6 6 6 5 5 5 5 5 5
5 5 5 5 6 6 6 6 6 6 6 6 6 6 6 6 6 6 6 5 5 5 5 5 5
5 5 5 5 6 6 6 6 6 6 6 6 6 6 6 6 6 6 6 5 5 5 5 5 5
5 5 5 5 6 6 6 6 6 6 6 6 6 6 6 6 6 6 6 5 5 5 5 5 5
5 5 5 5 6 6 6 6 6 6 6 6 6 6 6 6 6 6 6 5 5 5 5 5 5
5 5 5 5 6 6 6 6 6 6 6 6 6 6 6 6 6 6 6 5 5 5 5 5 5
5 5 5 5 6 6 6 6 6 6 6 6 6 6 6 6 6 6 6 5 5 5 5 5 5
5 5 5 5 6 6 6 6 6 6 6 6 6 6 6 6 6 6 6 5 5 5 5 5 5
5 5 5 5 6 6 6 6 6 6 6 6 6 6 6 6 6 6 6 5 5 5 5 5 5
5 5 5 5 6 6 6 6 6 6 6 6 6 6 6 6 6 6 6 5 5 5 5 5 5
5 5 5 5 6 6 6 6 6 6 6 6 6 6 6 6 6 6 6 5 5 5 5 5 5
5 5 5 5 6 6 6 6 6 6 6 6 6 6 6 6 6 6 6 5 5 5 5 5 5
5 5 5 5 6 6 6 6 6 6 6 6 6 6 6 6 6 6 6 5 5 5 5 5 5
5 5 5 5 5 5 5 5 5 5 5 5 5 5 5 5 5 5 5 5 5 5 5 5 5
5 5 5 5 5 5 5 5 5 5 5 5 5 5 5 5 5 5 5 5 5 5 5 5 5
5 5 5 5 5 5 5 5 5 5 5 5 5 5 5 5 5 5 5 5 5 5 5 5 5
5 5 5 5 5 5 5 5 5 5 5 5 5 5 5 5 5 5 5 5 5 5 5 5 5
5 5 5 5 5 5 5 5 5 5 5 5 5 5 5 5 5 5 5 5 5 5 5 5 5
5 5 5 5 5 5 5 5 5 5 5 5 5 5 5 5 5 5 5 5 5 5 5 5 5
Output:
5 5 5
5 6 5
5 5 5

Example 1:

Input:
3 3 3 3 3 3 3 3 3 3 3 3 3 3 3 3 3 3 3 3 3 3
3 3 3 3 3 3 3 3 3 3 3 3 3 3 3 3 3 3 3 3 3 3
3 3 3 3 3 3 3 3 3 3 3 3 3 3 3 3 3 3 3 3 3 3
3 3 3 8 8 8 8 8 8 8 8 8 8 8 8 8 8 3 3 3 3 3
3 3 3 8 8 8 8 8 8 8 8 8 8 8 8 8 8 3 3 3 3 3
3 3 3 8 8 2 2 2 2 2 2 2 2 2 8 8 8 3 3 3 3 3
3 3 3 8 8 2 2 2 1 1 1 1 1 2 8 8 8 3 3 3 3 3
3 3 3 8 8 2 2 2 1 1 1 1 1 2 8 8 8 3 3 3 3 3
3 3 3 8 8 2 2 2 1 1 1 1 1 2 8 8 8 3 3 3 3 3
3 3 3 8 8 2 2 2 2 2 2 2 2 2 8 8 8 3 3 3 3 3
3 3 3 8 8 2 2 2 2 2 2 2 2 2 8 8 8 3 3 3 3 3
3 3 3 8 8 2 2 2 2 2 2 2 2 2 8 8 8 3 3 3 3 3
3 3 3 8 8 2 2 2 2 2 2 2 2 2 8 8 8 3 3 3 3 3
3 3 3 8 8 2 2 2 2 2 2 2 2 2 8 8 8 3 3 3 3 3
3 3 3 8 8 8 8 8 8 8 8 8 8 8 8 8 8 3 3 3 3 3
3 3 3 8 8 8 8 8 8 8 8 8 8 8 8 8 8 3 3 3 3 3
3 3 3 8 8 8 8 8 8 8 8 8 8 8 8 8 8 3 3 3 3 3
3 3 3 3 3 3 3 3 3 3 3 3 3 3 3 3 3 3 3 3 3 3
3 3 3 3 3 3 3 3 3 3 3 3 3 3 3 3 3 3 3 3 3 3
3 3 3 3 3 3 3 3 3 3 3 3 3 3 3 3 3 3 3 3 3 3
3 3 3 3 3 3 3 3 3 3 3 3 3 3 3 3 3 3 3 3 3 3
Output:
3 3 3 3 3 3 3
3 8 8 8 8 8 3
3 8 2 2 2 8 3
3 8 2 1 2 8 3
3 8 2 2 2 8 3
3 8 8 8 8 8 3
3 3 3 3 3 3 3

Example 1:

Input:
2 2 2 2 2 2 2 2 2 2 2 2 2 2 2 2 2 2 2 2 2 2 2 2 2 2 2
2 2 2 2 2 2 2 2 2 2 2 2 2 2 2 2 2 2 2 2 2 2 2 2 2 2 2
2 2 2 2 2 2 2 2 2 2 2 2 2 2 2 2 2 2 2 2 2 2 2 2 2 2 2
2 2 2 2 2 2 2 2 2 2 2 2 2 2 2 2 2 2 2 2 2 2 2 2 2 2 2
2 2 2 2 2 2 2 2 2 2 2 2 2 2 2 2 2 2 2 2 2 2 2 2 2 2 2
2 2 2 1 1 1 1 1 1 1 1 1 1 1 1 1 1 1 1 1 1 1 1 2 2 2 2
2 2 2 1 1 1 1 1 1 1 1 1 1 1 1 1 1 1 1 1 1 1 1 2 2 2 2
2 2 2 1 1 1 3 3 3 3 3 3 3 3 3 3 3 3 3 3 1 1 1 2 2 2 2
2 2 2 1 1 1 3 3 3 3 3 3 3 3 3 3 3 3 3 3 1 1 1 2 2 2 2
2 2 2 1 1 1 3 3 3 3 3 3 3 3 3 3 3 3 3 3 1 1 1 2 2 2 2
2 2 2 1 1 1 3 3 3 8 8 8 8 8 8 8 8 8 3 3 1 1 1 2 2 2 2
2 2 2 1 1 1 3 3 3 8 8 8 2 2 2 2 8 8 3 3 1 1 1 2 2 2 2
2 2 2 1 1 1 3 3 3 8 8 8 2 2 2 2 8 8 3 3 1 1 1 2 2 2 2
2 2 2 1 1 1 3 3 3 8 8 8 2 2 2 2 8 8 3 3 1 1 1 2 2 2 2
2 2 2 1 1 1 3 3 3 8 8 8 2 2 2 2 8 8 3 3 1 1 1 2 2 2 2
2 2 2 1 1 1 3 3 3 8 8 8 8 8 8 8 8 8 3 3 1 1 1 2 2 2 2
2 2 2 1 1 1 3 3 3 8 8 8 8 8 8 8 8 8 3 3 1 1 1 2 2 2 2
2 2 2 1 1 1 3 3 3 3 3 3 3 3 3 3 3 3 3 3 1 1 1 2 2 2 2
2 2 2 1 1 1 3 3 3 3 3 3 3 3 3 3 3 3 3 3 1 1 1 2 2 2 2
2 2 2 1 1 1 3 3 3 3 3 3 3 3 3 3 3 3 3 3 1 1 1 2 2 2 2
2 2 2 1 1 1 3 3 3 3 3 3 3 3 3 3 3 3 3 3 1 1 1 2 2 2 2
2 2 2 1 1 1 1 1 1 1 1 1 1 1 1 1 1 1 1 1 1 1 1 2 2 2 2
2 2 2 1 1 1 1 1 1 1 1 1 1 1 1 1 1 1 1 1 1 1 1 2 2 2 2
2 2 2 1 1 1 1 1 1 1 1 1 1 1 1 1 1 1 1 1 1 1 1 2 2 2 2
2 2 2 2 2 2 2 2 2 2 2 2 2 2 2 2 2 2 2 2 2 2 2 2 2 2 2
2 2 2 2 2 2 2 2 2 2 2 2 2 2 2 2 2 2 2 2 2 2 2 2 2 2 2
Output:
2 2 2 2 2 2 2 2 2
2 1 1 1 1 1 1 1 2
2 1 3 3 3 3 3 1 2
2 1 3 8 8 8 3 1 2
2 1 3 8 2 8 3 1 2
2 1 3 8 8 8 3 1 2
2 1 3 3 3 3 3 1 2
2 1 1 1 1 1 1 1 2
2 2 2 2 2 2 2 2 2

Example 1:

Input:
8 8 8 8 8 8 8 8 8 8 8 8 8 8 8 8 8 8 8 8 8 8 8 8 8 8 8 8
8 8 8 8 8 8 8 8 8 8 8 8 7 7 7 7 7 7 7 7 8 8 8 8 8 8 8 8
8 8 8 8 8 8 8 8 8 8 8 8 7 7 7 7 7 7 7 7 8 8 8 8 8 8 8 8
8 8 8 8 8 8 8 8 8 8 8 8 7 7 7 7 7 7 7 7 8 8 8 8 8 8 8 8
8 8 8 8 8 8 8 8 8 8 8 8 7 7 7 7 7 7 7 7 8 8 8 8 8 8 8 8
8 8 8 8 8 8 8 8 8 8 8 8 7 7 7 7 7 7 7 7 8 8 8 8 8 8 8 8
8 8 8 8 8 8 8 8 8 8 8 8 7 7 7 7 7 7 7 7 8 8 8 8 8 8 8 8
8 8 8 8 8 8 8 8 8 8 8 8 7 7 7 7 7 7 7 7 8 8 8 8 8 8 8 8
8 8 8 8 8 8 8 8 8 8 8 8 7 7 2 2 2 2 7 7 8 8 8 8 8 8 8 8
8 8 8 8 8 8 8 8 8 8 8 8 7 7 2 2 2 2 7 7 8 8 8 8 8 8 8 8
8 8 8 8 8 8 8 8 8 8 8 8 7 7 2 2 2 2 7 7 8 8 8 8 8 8 8 8
8 8 8 8 8 8 8 8 8 8 8 8 7 7 2 2 2 2 7 7 8 8 8 8 8 8 8 8
8 8 8 8 8 8 8 8 8 8 8 8 7 7 7 7 7 7 7 7 8 8 8 8 8 8 8 8
8 8 8 8 8 8 8 8 8 8 8 8 7 7 7 7 7 7 7 7 8 8 8 8 8 8 8 8
8 8 8 8 8 8 8 8 8 8 8 8 7 7 7 7 7 7 7 7 8 8 8 8 8 8 8 8
8 8 8 8 8 8 8 8 8 8 8 8 7 7 7 7 7 7 7 7 8 8 8 8 8 8 8 8
8 8 8 8 8 8 8 8 8 8 8 8 7 7 7 7 7 7 7 7 8 8 8 8 8 8 8 8
8 8 8 8 8 8 8 8 8 8 8 8 7 7 7 7 7 7 7 7 8 8 8 8 8 8 8 8
8 8 8 8 8 8 8 8 8 8 8 8 7 7 7 7 7 7 7 7 8 8 8 8 8 8 8 8
8 8 8 8 8 8 8 8 8 8 8 8 7 7 7 7 7 7 7 7 8 8 8 8 8 8 8 8
8 8 8 8 8 8 8 8 8 8 8 8 8 8 8 8 8 8 8 8 8 8 8 8 8 8 8 8
Output:
8 8 8 8 8
8 7 7 7 8
8 7 2 7 8
8 7 7 7 8
8 8 8 8 8

Example 1:

Input:
9 9 9 9 9 9 9 9 9 9 9 9 9 9 9 9 9 9 9 9 9
9 7 7 7 7 7 7 7 7 7 7 7 7 7 7 7 7 7 7 7 9
9 7 7 7 7 7 7 7 7 7 7 7 7 7 7 7 7 7 7 7 9
9 7 7 7 7 7 7 7 7 7 7 7 7 7 7 7 7 7 7 7 9
9 7 7 7 7 7 7 7 7 7 7 7 7 7 7 7 7 7 7 7 9
9 7 7 1 1 1 1 1 1 1 1 1 1 1 7 7 7 7 7 7 9
9 7 7 1 1 1 1 1 1 1 1 1 1 1 7 7 7 7 7 7 9
9 7 7 1 1 1 1 1 1 1 1 1 1 1 7 7 7 7 7 7 9
9 7 7 1 1 1 1 1 1 1 1 1 1 1 7 7 7 7 7 7 9
9 7 7 1 1 1 1 1 1 1 1 1 1 1 7 7 7 7 7 7 9
9 7 7 1 1 1 1 1 1 1 3 3 3 1 7 7 7 7 7 7 9
9 7 7 1 1 1 1 1 1 1 3 3 3 1 7 7 7 7 7 7 9
9 7 7 1 1 1 1 1 1 1 3 3 3 1 7 7 7 7 7 7 9
9 7 7 1 1 1 1 1 1 1 3 3 3 1 7 7 7 7 7 7 9
9 7 7 1 1 1 1 1 1 1 1 1 1 1 7 7 7 7 7 7 9
9 7 7 1 1 1 1 1 1 1 1 1 1 1 7 7 7 7 7 7 9
9 7 7 1 1 1 1 1 1 1 1 1 1 1 7 7 7 7 7 7 9
9 7 7 1 1 1 1 1 1 1 1 1 1 1 7 7 7 7 7 7 9
9 7 7 1 1 1 1 1 1 1 1 1 1 1 7 7 7 7 7 7 9
9 7 7 1 1 1 1 1 1 1 1 1 1 1 7 7 7 7 7 7 9
9 7 7 1 1 1 1 1 1 1 1 1 1 1 7 7 7 7 7 7 9
9 7 7 1 1 1 1 1 1 1 1 1 1 1 7 7 7 7 7 7 9
9 7 7 1 1 1 1 1 1 1 1 1 1 1 7 7 7 7 7 7 9
9 7 7 7 7 7 7 7 7 7 7 7 7 7 7 7 7 7 7 7 9
9 9 9 9 9 9 9 9 9 9 9 9 9 9 9 9 9 9 9 9 9
Output:
9 9 9 9 9 9 9
9 7 7 7 7 7 9
9 7 1 1 1 7 9
9 7 1 3 1 7 9
9 7 1 1 1 7 9
9 7 7 7 7 7 9
9 9 9 9 9 9 9

Example 1:

Input:
2 2 2 2 2 2 2 2 2 2 2 2 2 2 2 2 2 2 2 2 2
2 2 2 2 2 2 2 2 2 2 2 2 2 2 2 2 2 2 2 2 2
2 2 2 2 2 2 2 2 2 2 2 2 2 4 4 4 2 2 2 2 2
2 2 2 2 2 2 2 2 2 2 2 2 2 4 4 4 2 2 2 2 2
2 2 2 2 2 2 2 2 2 2 2 2 2 4 4 4 2 2 2 2 2
2 2 2 2 2 2 2 2 2 2 2 2 2 4 4 4 2 2 2 2 2
2 2 2 2 2 2 2 2 2 2 2 2 2 4 4 4 2 2 2 2 2
2 2 2 2 2 2 2 2 2 2 2 2 2 4 4 4 2 2 2 2 2
2 2 2 2 2 2 2 2 2 2 2 2 2 4 4 4 2 2 2 2 2
2 2 2 2 2 2 2 2 2 2 2 2 2 4 4 4 2 2 2 2 2
2 2 2 2 2 2 2 2 2 2 2 2 2 4 4 4 2 2 2 2 2
2 2 2 2 2 2 2 2 2 2 2 2 2 4 4 4 2 2 2 2 2
2 2 2 2 2 2 2 2 2 2 2 2 2 4 4 4 2 2 2 2 2
2 2 2 2 2 2 2 2 2 2 2 2 2 4 4 4 2 2 2 2 2
2 2 2 2 2 2 2 2 2 2 2 2 2 4 4 4 2 2 2 2 2
2 2 2 2 2 2 2 2 2 2 2 2 2 4 4 4 2 2 2 2 2
2 2 2 2 2 2 2 2 2 2 2 2 2 4 4 4 2 2 2 2 2
2 2 2 2 2 2 2 2 2 2 2 2 2 4 4 4 2 2 2 2 2
2 2 2 2 2 2 2 2 2 2 2 2 2 4 4 4 2 2 2 2 2
2 2 2 2 2 2 2 2 2 2 2 2 2 4 4 4 2 2 2 2 2
2 2 2 2 2 2 2 2 2 2 2 2 2 4 4 4 2 2 2 2 2
2 2 2 2 2 2 2 2 2 2 2 2 2 4 4 4 2 2 2 2 2
2 2 2 2 2 2 2 2 2 2 2 2 2 4 4 4 2 2 2 2 2
2 2 2 2 2 2 2 2 2 2 2 2 2 4 4 4 2 2 2 2 2
2 2 2 2 2 2 2 2 2 2 2 2 2 4 4 4 2 2 2 2 2
2 2 2 2 2 2 2 2 2 2 2 2 2 2 2 2 2 2 2 2 2
2 2 2 2 2 2 2 2 2 2 2 2 2 2 2 2 2 2 2 2 2
Output:
2 2 2
2 4 2
2 2 2

Example 1:

Input:
1 1 1 1 1 1 1 1 1 1 1 1 1 1 1 1 1 1 1 1 1 1 1 1 1
1 1 1 1 1 1 1 1 1 1 1 1 1 1 1 1 1 1 1 1 1 1 1 1 1
1 1 1 1 1 1 1 1 1 1 1 1 1 1 1 1 1 1 1 1 1 1 1 1 1
1 1 1 2 2 2 2 2 2 2 2 2 2 2 2 2 2 1 1 1 1 1 1 1 1
1 1 1 2 2 2 2 2 2 2 2 2 2 2 2 2 2 1 1 1 1 1 1 1 1
1 1 1 2 2 2 2 2 2 2 2 2 2 2 2 2 2 1 1 1 1 1 1 1 1
1 1 1 2 2 2 2 2 2 2 2 2 2 2 2 2 2 1 1 1 1 1 1 1 1
1 1 1 2 2 2 2 2 2 2 2 2 2 2 2 2 2 1 1 1 1 1 1 1 1
1 1 1 2 2 2 2 2 2 2 2 2 2 2 2 2 2 1 1 1 1 1 1 1 1
1 1 1 2 2 2 2 2 2 2 2 2 2 2 2 2 2 1 1 1 1 1 1 1 1
1 1 1 2 2 2 2 2 2 2 2 2 2 2 2 2 2 1 1 1 1 1 1 1 1
1 1 1 2 2 2 2 2 2 2 2 2 2 2 2 2 2 1 1 1 1 1 1 1 1
1 1 1 2 2 2 2 2 2 2 2 2 2 2 2 2 2 1 1 1 1 1 1 1 1
1 1 1 2 2 2 2 2 2 2 2 2 2 2 2 2 2 1 1 1 1 1 1 1 1
1 1 1 2 2 2 2 2 2 2 2 2 2 2 2 2 2 1 1 1 1 1 1 1 1
1 1 1 2 2 2 2 2 2 2 2 2 2 2 2 2 2 1 1 1 1 1 1 1 1
1 1 1 2 2 2 2 2 2 2 2 2 2 2 2 2 2 1 1 1 1 1 1 1 1
1 1 1 1 1 1 1 1 1 1 1 1 1 1 1 1 1 1 1 1 1 1 1 1 1
1 1 1 1 1 1 1 1 1 1 1 1 1 1 1 1 1 1 1 1 1 1 1 1 1
1 1 1 1 1 1 1 1 1 1 1 1 1 1 1 1 1 1 1 1 1 1 1 1 1
1 1 1 1 1 1 1 1 1 1 1 1 1 1 1 1 1 1 1 1 1 1 1 1 1
1 1 1 1 1 1 1 1 1 1 1 1 1 1 1 1 1 1 1 1 1 1 1 1 1
Output:
1 1 1
1 2 1
1 1 1


Write the **short** Python code in code golf manners that performs the transformation according to the rule in following format: `def p(g): ...`. Note that input and output are passed by 2D arrays. Use `val_` as a prefix for all variables except `_`. Avoid line breaks as much as possible.
