Find the common rule that maps an input grid to an output grid, given the examples below.

Example 1:

Input:
0 0 0 0 0 0 0 0 0 0
0 2 2 2 2 2 2 0 0 0
0 2 2 2 2 2 2 0 0 0
0 2 2 2 2 2 2 0 0 0
0 2 2 2 2 2 2 0 0 0
0 2 2 8 8 8 2 0 0 0
0 2 2 8 8 8 2 0 0 0
0 0 0 8 8 8 0 0 0 0
0 0 0 0 0 0 0 0 0 0
0 0 0 0 0 0 0 0 0 0
Output:
8 8 8
8 8 8
8 8 8

Example 1:

Input:
0 0 0 0 0 0 0 0 0 0 0 0 0 0 0 0 0 0 0 0
0 0 0 0 0 0 0 0 0 0 0 0 0 0 0 0 0 0 0 0
0 0 0 0 0 0 0 0 0 0 0 0 8 8 8 8 8 8 8 0
0 3 3 3 3 3 3 3 3 0 4 4 4 4 4 4 8 8 8 0
0 3 3 3 3 3 3 3 3 0 4 4 4 4 4 4 8 8 8 0
0 3 3 3 3 3 3 3 3 0 4 4 4 4 4 4 8 8 8 0
0 3 3 3 3 3 3 3 3 0 4 4 4 4 4 4 8 8 8 0
0 3 3 3 3 3 3 3 3 0 0 0 8 8 8 8 8 8 8 0
0 3 3 3 3 3 3 3 3 0 0 0 8 8 8 8 8 8 8 0
0 3 3 3 3 3 3 3 3 0 0 0 0 0 0 0 0 0 0 0
0 3 3 3 2 2 2 2 2 2 0 0 0 0 0 0 0 0 0 0
0 3 3 3 2 2 2 2 2 2 0 0 0 0 0 0 0 0 0 0
0 0 0 0 2 2 2 2 2 2 0 0 0 0 0 0 0 0 0 0
0 0 0 0 2 2 2 2 2 2 0 0 0 0 0 0 0 0 0 0
0 0 0 0 2 2 2 2 2 2 0 0 0 0 0 0 0 0 0 0
0 0 0 0 0 0 0 0 0 0 0 0 0 0 1 1 1 0 0 0
0 0 0 0 0 0 0 0 0 0 0 0 0 0 1 1 1 0 0 0
0 0 0 0 0 0 0 0 0 0 0 0 0 0 0 0 0 0 0 0
0 0 0 0 0 0 0 0 0 0 0 0 0 0 0 0 0 0 0 0
0 0 0 0 0 0 0 0 0 0 0 0 0 0 0 0 0 0 0 0
Output:
1 1 1
1 1 1

Example 1:

Input:
0 0 0 0 0 0 0 0 0 2 2 2 0 0 0
0 0 3 3 3 3 0 0 0 2 2 2 0 0 0
0 0 3 3 3 3 0 0 0 2 2 2 0 0 0
0 0 3 3 3 3 0 0 0 2 2 2 0 0 0
0 0 3 3 3 3 0 0 0 0 0 0 0 0 0
0 0 3 3 3 6 6 0 0 0 0 0 0 0 0
0 0 3 3 3 6 6 0 0 0 0 0 0 0 0
0 0 3 3 3 6 6 0 0 0 0 0 0 0 0
0 0 3 3 3 3 0 0 0 0 0 0 0 0 0
0 0 3 3 3 3 0 0 0 0 0 0 0 0 0
Output:
6 6
6 6
6 6

Example 1:

Input:
0 0 0 0 0 0 0 0 0 0 0 0 0 0 0
0 0 0 0 0 0 0 0 0 0 0 0 0 0 0
0 2 2 2 2 2 2 2 2 2 2 2 2 2 0
0 2 2 2 2 2 2 2 2 2 2 2 2 2 0
0 2 2 7 7 7 7 2 2 2 2 2 2 2 0
0 2 2 7 7 7 7 2 2 2 2 2 2 2 0
0 2 2 7 7 7 7 2 2 2 2 2 2 2 0
0 2 2 2 2 2 2 2 2 2 2 2 2 2 0
0 2 2 2 2 2 2 2 2 2 2 2 2 2 0
0 2 2 2 2 2 3 3 3 3 3 3 3 2 0
0 0 0 0 0 0 3 3 3 3 3 3 3 0 0
0 0 0 0 0 0 3 3 3 3 3 3 3 0 0
0 0 0 0 0 0 3 3 3 3 3 3 3 0 0
Output:
7 7 7 7
7 7 7 7
7 7 7 7

Example 1:

Input:
0 0 0 0 0 0 0 0 0 0 0 0 0 0 0
0 0 0 0 0 0 0 0 0 0 0 0 0 0 0
0 1 1 1 1 1 1 1 1 0 0 0 0 0 0
0 1 1 1 1 1 1 1 1 0 0 4 4 0 0
0 1 1 1 1 1 1 1 1 0 0 4 4 0 0
0 1 1 1 1 1 1 1 1 0 0 0 0 0 0
0 1 1 1 1 1 1 1 1 0 0 0 0 0 0
0 1 1 1 1 1 1 1 1 0 0 0 0 0 0
0 1 1 1 1 1 1 1 1 0 0 0 0 0 0
0 0 0 0 0 0 0 0 0 0 0 0 0 0 0
0 0 0 0 0 0 0 0 0 0 0 0 0 0 0
0 0 0 0 6 6 6 6 6 6 6 0 0 0 0
0 0 0 0 6 6 6 6 6 6 6 0 0 0 0
0 0 0 0 6 6 6 6 6 6 6 0 0 0 0
0 0 0 0 6 6 6 6 6 6 6 0 0 0 0
0 0 0 0 0 0 0 0 0 0 0 0 0 0 0
0 0 0 0 0 0 0 0 0 0 0 0 0 0 0
0 0 0 0 0 0 0 0 0 0 0 0 0 0 0
Output:
4 4
4 4

Example 1:

Input:
0 0 0 0 0 0 0 0 0 0 0 0 0 0 0 0 0 0
0 0 0 0 0 0 0 0 0 0 0 0 0 0 0 0 0 0
0 0 1 1 1 1 1 1 0 0 0 0 0 0 0 0 0 0
0 0 1 1 1 1 1 1 0 4 4 4 4 4 4 4 4 0
0 0 1 1 1 1 1 1 0 4 4 4 4 4 4 4 4 0
0 0 1 1 1 1 1 1 0 4 4 4 4 4 4 4 4 0
0 0 1 1 1 1 1 1 0 4 4 4 4 4 4 4 4 0
0 0 1 1 1 1 1 1 0 4 4 4 4 4 4 4 4 0
0 0 0 0 0 0 0 0 0 4 4 4 4 4 4 4 4 0
0 0 0 0 0 0 0 6 6 6 4 4 4 4 4 4 4 0
0 0 0 0 0 0 0 6 6 6 4 4 4 4 4 4 4 0
0 0 0 0 0 0 0 6 6 6 4 4 4 4 4 4 4 0
0 0 0 0 0 0 0 0 0 4 4 4 4 4 4 4 4 0
0 0 3 3 3 3 3 0 0 4 4 4 4 4 4 4 4 0
0 0 3 3 3 3 3 0 0 0 0 0 0 0 0 0 0 0
0 0 3 3 3 3 3 0 0 0 0 0 0 0 0 0 0 0
0 0 3 3 3 3 3 0 0 0 0 0 0 0 0 0 0 0
0 0 0 0 0 0 0 0 0 0 0 0 0 0 0 0 0 0
Output:
6 6 6
6 6 6
6 6 6

Example 1:

Input:
6 6 6 6 6 6 6 6 6 6 6 6 6 6 6 6 0 0
6 6 6 6 5 5 5 5 5 5 5 5 5 5 6 6 0 0
6 6 6 6 5 5 5 5 5 5 5 5 5 5 6 6 0 0
6 6 6 6 5 5 5 5 5 5 5 5 5 5 6 6 0 0
6 6 6 6 5 5 5 5 5 5 5 5 5 5 6 6 0 0
0 0 0 0 5 9 9 5 5 5 5 5 5 5 0 0 0 0
0 0 0 0 0 9 9 8 8 8 8 8 8 8 8 8 8 8
0 0 0 0 0 0 0 8 8 8 8 8 8 8 8 8 8 8
0 0 0 0 0 0 0 8 8 8 8 8 8 8 4 4 4 8
0 0 0 0 0 0 0 8 8 8 8 8 8 8 4 4 4 8
0 0 0 0 0 0 0 8 8 8 8 8 8 8 4 4 4 8
Output:
9 9
9 9

Example 1:

Input:
0 0 0 0 0 0 0 0 0 0 0
0 0 0 0 0 0 0 0 0 0 0
0 0 0 0 0 0 0 0 0 0 0
0 0 0 1 1 1 1 1 1 1 1
0 2 2 2 2 2 1 1 1 1 1
0 2 2 2 2 2 1 1 1 1 1
0 2 2 2 2 2 1 1 1 1 1
0 2 2 2 2 2 1 1 1 1 1
0 2 2 2 2 2 1 1 1 1 1
0 2 2 2 2 2 1 1 1 1 1
0 2 2 2 2 2 1 1 1 1 1
0 2 2 2 2 2 1 1 1 1 1
0 2 2 2 2 2 1 1 1 1 1
0 2 2 2 2 2 1 1 1 1 1
0 0 0 0 0 0 0 0 0 0 0
Output:
2 2 2 2 2
2 2 2 2 2
2 2 2 2 2
2 2 2 2 2
2 2 2 2 2
2 2 2 2 2
2 2 2 2 2
2 2 2 2 2
2 2 2 2 2
2 2 2 2 2


Write the **short** Python code in code golf manners that performs the transformation according to the rule in following format: `def p(g): ...`. Note that input and output are passed by 2D arrays.