Find the common rule that maps an input grid to an output grid, given the examples below.

Example 1:

Input:
8 0 0 0 0 0 8 8 8 8 8 8 0 8 8 8 0 8 8 0 8 8 8 0
0 0 8 8 8 0 0 0 0 0 0 8 0 0 0 8 0 8 0 0 8 0 8 0
8 8 8 0 8 0 8 8 8 8 0 8 8 8 0 8 0 8 8 8 8 0 8 0
8 0 0 0 8 0 8 0 0 8 0 0 0 8 0 8 0 0 0 0 0 0 8 0
8 0 8 8 8 0 8 8 0 8 0 8 8 8 0 8 8 0 8 8 8 8 8 0
8 0 8 0 0 0 0 8 0 8 0 8 0 0 0 0 8 0 8 0 0 0 0 0
8 0 8 8 8 8 8 8 0 8 0 8 8 8 8 8 8 3 8 8 8 8 8 0
8 0 0 0 0 0 0 0 0 8 0 0 0 0 0 0 3 2 3 0 0 0 8 0
8 8 0 8 8 8 0 8 8 8 0 8 8 8 8 8 8 3 8 8 8 0 8 0
0 8 0 8 0 8 0 8 0 0 0 8 0 0 0 0 8 0 8 0 8 0 8 0
0 8 8 8 0 8 8 8 0 8 8 8 0 8 8 0 8 8 8 0 8 8 8 0
Output:
8 3 2 3 2 3 8 8 8 8 8 8 0 8 8 8 2 8 8 0 8 8 8 0
3 2 8 8 8 2 3 2 3 2 3 8 0 0 0 8 3 8 0 0 8 2 8 0
8 8 8 0 8 3 8 8 8 8 2 8 8 8 0 8 2 8 8 8 8 3 8 0
8 0 0 0 8 2 8 0 0 8 3 2 3 8 0 8 3 2 3 2 3 2 8 0
8 0 8 8 8 3 8 8 0 8 2 8 8 8 0 8 8 3 8 8 8 8 8 0
8 0 8 2 3 2 3 8 0 8 3 8 0 0 0 0 8 2 8 0 0 0 0 0
8 0 8 8 8 8 8 8 0 8 2 8 8 8 8 8 8 3 8 8 8 8 8 0
8 0 0 0 0 0 0 0 0 8 3 2 3 2 3 2 3 2 3 2 3 2 8 0
8 8 0 8 8 8 0 8 8 8 2 8 8 8 8 8 8 3 8 8 8 3 8 0
0 8 0 8 0 8 0 8 3 2 3 8 0 0 0 0 8 2 8 0 8 2 8 0
0 8 8 8 0 8 8 8 2 8 8 8 0 8 8 0 8 8 8 0 8 8 8 0

Example 1:

Input:
0 0 0 8 0 0 0 8 0 0 0 0 0 8
8 8 0 8 8 8 0 8 0 8 8 8 0 8
0 8 0 0 0 8 0 8 0 8 0 8 8 8
0 8 8 8 8 8 0 8 0 8 0 0 0 0
0 0 0 0 0 0 0 8 0 8 8 8 0 8
8 8 8 8 8 8 0 8 0 0 0 8 0 8
8 0 0 0 0 8 0 8 8 8 0 8 0 8
8 8 8 8 0 8 0 0 0 8 0 8 0 0
0 0 0 8 1 8 8 8 8 8 0 8 8 0
8 8 0 8 4 1 0 0 0 0 0 0 8 0
0 8 0 8 1 8 8 8 8 8 8 8 8 0
0 8 8 8 0 8 0 0 0 0 0 0 0 0
0 0 0 0 0 8 0 8 8 8 8 8 8 8
Output:
0 0 0 8 0 0 0 8 1 4 1 4 1 8
8 8 0 8 8 8 0 8 4 8 8 8 4 8
0 8 0 0 0 8 0 8 1 8 0 8 8 8
0 8 8 8 8 8 0 8 4 8 0 0 0 0
0 0 0 0 0 0 0 8 1 8 8 8 0 8
8 8 8 8 8 8 0 8 4 1 4 8 0 8
8 4 1 4 1 8 0 8 8 8 1 8 0 8
8 8 8 8 4 8 0 0 0 8 4 8 0 0
0 0 0 8 1 8 8 8 8 8 1 8 8 0
8 8 0 8 4 1 4 1 4 1 4 1 8 0
1 8 0 8 1 8 8 8 8 8 8 8 8 0
4 8 8 8 4 8 0 0 0 0 0 0 0 0
1 4 1 4 1 8 0 8 8 8 8 8 8 8

Example 1:

Input:
8 8 0 8 0 0 8 0 0 0 0 0 0 0 0
0 8 0 8 8 8 8 4 8 8 8 8 8 8 8
0 8 0 0 0 0 4 3 8 0 0 0 0 0 8
0 8 8 8 8 8 8 4 8 8 8 0 8 8 8
0 0 0 0 0 0 8 0 0 0 8 0 8 0 0
8 8 8 8 8 0 8 8 8 0 8 0 8 0 8
0 0 0 0 8 0 0 0 8 0 8 0 8 0 8
8 8 8 0 8 8 8 0 8 0 8 0 8 8 8
0 0 8 0 0 0 8 0 8 0 8 0 0 0 0
8 0 8 8 8 0 8 8 8 0 8 8 8 0 8
8 0 0 0 8 0 0 0 0 0 0 0 8 0 8
8 8 8 0 8 0 8 8 8 8 8 8 8 0 8
0 0 8 0 8 0 8 0 0 0 0 0 0 0 8
8 0 8 8 8 0 8 0 8 8 8 8 8 8 8
8 0 0 0 0 0 8 0 8 0 0 0 0 0 0
Output:
8 8 4 8 0 0 8 3 4 3 4 3 4 3 4
0 8 3 8 8 8 8 4 8 8 8 8 8 8 8
0 8 4 3 4 3 4 3 8 0 0 0 0 0 8
0 8 8 8 8 8 8 4 8 8 8 0 8 8 8
0 0 0 0 0 0 8 3 4 3 8 0 8 0 0
8 8 8 8 8 0 8 8 8 4 8 0 8 0 8
4 3 4 3 8 0 0 0 8 3 8 0 8 0 8
8 8 8 4 8 8 8 0 8 4 8 0 8 8 8
0 0 8 3 4 3 8 0 8 3 8 0 0 0 0
8 0 8 8 8 4 8 8 8 4 8 8 8 0 8
8 0 0 0 8 3 4 3 4 3 4 3 8 0 8
8 8 8 0 8 4 8 8 8 8 8 8 8 0 8
4 3 8 0 8 3 8 0 0 0 0 0 0 0 8
8 4 8 8 8 4 8 0 8 8 8 8 8 8 8
8 3 4 3 4 3 8 0 8 0 0 0 0 0 0

Example 1:

Input:
0 0 0 0 0 0 0 0 0 0 0 8
8 8 0 8 8 8 0 8 8 8 8 8
0 0 0 8 0 0 0 8 0 8 0 8
0 8 0 8 0 8 8 8 0 8 0 8
0 8 0 8 0 8 0 0 0 8 0 8
0 8 8 8 0 8 8 8 0 8 0 8
0 0 0 8 0 8 0 0 0 0 0 8
0 8 8 8 8 8 8 8 8 8 0 8
0 8 0 8 0 8 0 0 0 0 0 8
8 8 0 8 8 8 8 8 8 8 8 8
0 8 7 0 0 8 0 8 0 8 0 8
0 8 4 8 8 8 8 8 0 8 0 8
0 0 7 0 0 8 0 0 0 0 0 8
8 8 0 8 8 8 8 8 0 8 8 8
0 8 0 8 0 8 0 0 0 0 0 8
0 8 0 8 0 8 8 8 0 8 8 8
0 8 0 8 0 8 0 8 0 8 0 8
0 8 0 8 0 8 0 8 8 8 8 8
0 0 0 0 0 0 0 0 0 8 0 8
0 8 0 8 0 8 0 8 8 8 0 8
0 8 0 8 0 8 0 0 0 0 0 8
0 8 8 8 8 8 0 8 8 8 0 8
0 8 0 0 0 0 0 0 0 8 0 8
8 8 0 8 0 8 0 8 8 8 0 8
0 8 0 8 0 8 0 8 0 0 0 8
Output:
0 0 0 0 0 0 0 0 0 0 0 8
8 8 0 8 8 8 0 8 8 8 8 8
0 0 0 8 0 0 0 8 0 8 0 8
0 8 0 8 0 8 8 8 0 8 0 8
0 8 0 8 0 8 0 0 0 8 0 8
0 8 8 8 0 8 8 8 0 8 0 8
0 0 0 8 0 8 0 0 0 0 0 8
0 8 8 8 8 8 8 8 8 8 0 8
0 8 7 8 0 8 0 0 0 0 0 8
8 8 4 8 8 8 8 8 8 8 8 8
7 8 7 4 7 8 0 8 0 8 0 8
4 8 4 8 8 8 8 8 0 8 0 8
7 4 7 4 7 8 0 0 0 0 0 8
8 8 4 8 8 8 8 8 0 8 8 8
7 8 7 8 7 8 0 0 0 0 0 8
4 8 4 8 4 8 8 8 0 8 8 8
7 8 7 8 7 8 7 8 0 8 0 8
4 8 4 8 4 8 4 8 8 8 8 8
7 4 7 4 7 4 7 4 7 8 7 8
4 8 4 8 4 8 4 8 8 8 4 8
7 8 7 8 7 8 7 4 7 4 7 8
4 8 8 8 8 8 4 8 8 8 4 8
7 8 7 4 7 4 7 4 7 8 7 8
8 8 4 8 4 8 4 8 8 8 4 8
0 8 7 8 7 8 7 8 7 4 7 8

Example 1:

Input:
0 8 0 8 0 0 0 0 0 0 0 0 0
8 8 0 8 0 8 8 8 0 8 0 8 0
0 8 0 0 0 0 0 8 0 8 0 8 0
0 8 0 8 8 8 8 8 0 8 0 8 8
0 0 0 0 0 8 0 8 0 8 1 0 0
0 8 8 8 8 8 0 8 8 8 5 8 8
0 0 0 0 0 8 0 0 0 0 1 0 0
0 8 8 8 8 8 8 8 0 8 0 8 0
0 0 0 0 0 8 0 8 0 8 0 8 0
0 8 8 8 8 8 0 8 8 8 0 8 8
0 8 0 8 0 8 0 0 0 8 0 0 0
0 8 0 8 0 8 0 8 8 8 0 8 8
0 0 0 0 0 8 0 0 0 8 0 0 0
8 8 0 8 8 8 0 8 8 8 0 8 8
0 0 0 8 0 0 0 0 0 8 0 0 0
8 8 0 8 8 8 0 8 8 8 0 8 0
0 0 0 0 0 0 0 0 0 8 0 8 0
8 8 0 8 0 8 0 8 8 8 8 8 0
0 0 0 8 0 8 0 8 0 0 0 0 0
8 8 8 8 8 8 8 8 8 8 8 8 8
Output:
0 8 1 8 1 5 1 5 1 5 1 5 1
8 8 5 8 5 8 8 8 5 8 5 8 5
1 8 1 5 1 5 1 8 1 8 1 8 1
5 8 5 8 8 8 8 8 5 8 5 8 8
1 5 1 5 1 8 1 8 1 8 1 5 1
5 8 8 8 8 8 5 8 8 8 5 8 8
1 5 1 5 1 8 1 5 1 5 1 5 1
5 8 8 8 8 8 8 8 5 8 5 8 5
1 5 1 5 1 8 1 8 1 8 1 8 1
5 8 8 8 8 8 5 8 8 8 5 8 8
1 8 1 8 1 8 1 5 1 8 1 5 1
5 8 5 8 5 8 5 8 8 8 5 8 8
1 5 1 5 1 8 1 5 1 8 1 5 1
8 8 5 8 8 8 5 8 8 8 5 8 8
1 5 1 8 1 5 1 5 1 8 1 5 1
8 8 5 8 8 8 5 8 8 8 5 8 5
1 5 1 5 1 5 1 5 1 8 1 8 1
8 8 5 8 5 8 5 8 8 8 8 8 5
1 5 1 8 1 8 1 8 1 5 1 5 1
8 8 8 8 8 8 8 8 8 8 8 8 8

Example 1:

Input:
0 0 0 0 0 0 0 8 0 8 0 0 0
8 8 8 8 0 8 8 8 0 8 8 8 0
0 8 0 8 0 8 0 0 0 8 0 8 0
0 8 0 8 0 8 8 8 0 8 0 8 0
0 0 0 8 0 0 0 0 0 0 0 0 0
8 8 0 8 8 8 0 8 0 8 8 8 0
0 0 0 0 0 0 0 8 0 8 0 8 0
8 8 0 8 0 8 0 8 8 8 0 8 0
0 8 0 8 0 8 0 8 0 8 0 0 0
0 8 8 8 8 8 8 8 0 8 0 8 8
0 8 0 8 0 8 0 0 0 8 0 8 0
0 8 0 8 0 8 8 8 0 8 0 8 0
0 0 0 0 0 0 0 0 0 8 0 0 0
8 8 8 8 0 8 8 8 0 8 8 8 0
0 8 0 0 0 8 0 0 0 8 0 8 0
0 8 8 8 8 8 8 8 0 8 0 8 0
0 8 0 8 0 8 0 0 0 0 0 0 0
0 8 0 8 0 8 8 8 0 8 8 8 0
0 0 0 0 9 0 0 0 0 8 0 0 0
8 8 0 8 5 8 0 8 0 8 8 8 0
0 0 0 8 9 8 0 8 0 8 0 8 0
0 8 0 8 0 8 0 8 8 8 0 8 0
0 8 0 8 0 8 0 8 0 0 0 0 0
8 8 8 8 8 8 8 8 8 8 8 8 8
Output:
9 5 9 5 9 5 9 8 9 8 9 5 9
8 8 8 8 5 8 8 8 5 8 8 8 5
9 8 9 8 9 8 9 5 9 8 9 8 9
5 8 5 8 5 8 8 8 5 8 5 8 5
9 5 9 8 9 5 9 5 9 5 9 5 9
8 8 5 8 8 8 5 8 5 8 8 8 5
9 5 9 5 9 5 9 8 9 8 9 8 9
8 8 5 8 5 8 5 8 8 8 5 8 5
9 8 9 8 9 8 9 8 9 8 9 5 9
5 8 8 8 8 8 8 8 5 8 5 8 8
9 8 9 8 9 8 9 5 9 8 9 8 9
5 8 5 8 5 8 8 8 5 8 5 8 5
9 5 9 5 9 5 9 5 9 8 9 5 9
8 8 8 8 5 8 8 8 5 8 8 8 5
9 8 9 5 9 8 9 5 9 8 9 8 9
5 8 8 8 8 8 8 8 5 8 5 8 5
9 8 9 8 9 8 9 5 9 5 9 5 9
5 8 5 8 5 8 8 8 5 8 8 8 5
9 5 9 5 9 5 9 5 9 8 9 5 9
8 8 5 8 5 8 5 8 5 8 8 8 5
9 5 9 8 9 8 9 8 9 8 9 8 9
5 8 5 8 5 8 5 8 8 8 5 8 5
9 8 9 8 9 8 9 8 9 5 9 5 9
8 8 8 8 8 8 8 8 8 8 8 8 8

Example 1:

Input:
8 0 0 0 0 0 0 0 0 0 0 0 0 0 0 0 0 0 8 0 8
8 0 8 0 8 8 8 8 8 8 8 0 8 0 8 0 8 8 8 0 8
8 0 8 0 0 0 0 0 8 0 8 0 8 0 8 0 0 0 8 0 8
8 0 8 8 8 0 8 8 8 0 8 8 8 8 8 0 8 8 8 8 8
8 7 0 0 8 0 0 0 0 0 0 0 8 0 0 0 0 0 0 0 8
8 9 8 0 8 0 8 0 8 8 8 8 8 0 8 8 8 8 8 8 8
8 7 8 0 8 0 8 0 0 0 8 0 0 0 8 0 8 0 0 0 8
8 8 8 8 8 0 8 0 8 8 8 8 8 8 8 0 8 0 8 8 8
8 0 0 0 8 0 8 0 0 0 8 0 8 0 0 0 8 0 8 0 8
8 0 8 8 8 8 8 0 8 0 8 8 8 8 8 0 8 0 8 0 8
8 0 8 0 8 0 0 0 8 0 0 0 8 0 8 0 0 0 0 0 8
8 8 8 0 8 8 8 0 8 8 8 8 8 0 8 0 8 8 8 0 8
8 0 0 0 0 0 0 0 0 0 0 0 0 0 0 0 0 0 8 0 8
8 8 8 0 8 0 8 0 8 0 8 0 8 0 8 0 8 8 8 0 8
8 0 0 0 8 0 8 0 8 0 8 0 8 0 8 0 8 0 0 0 8
Output:
8 7 9 7 9 7 9 7 9 7 9 7 9 7 9 7 9 7 8 0 8
8 9 8 9 8 8 8 8 8 8 8 9 8 9 8 9 8 8 8 0 8
8 7 8 7 9 7 9 7 8 7 8 7 8 7 8 7 9 7 8 0 8
8 9 8 8 8 9 8 8 8 9 8 8 8 8 8 9 8 8 8 8 8
8 7 9 7 8 7 9 7 9 7 9 7 8 7 9 7 9 7 9 7 8
8 9 8 9 8 9 8 9 8 8 8 8 8 9 8 8 8 8 8 8 8
8 7 8 7 8 7 8 7 9 7 8 7 9 7 8 7 8 7 9 7 8
8 8 8 8 8 9 8 9 8 8 8 8 8 8 8 9 8 9 8 8 8
8 0 0 0 8 7 8 7 9 7 8 0 8 7 9 7 8 7 8 7 8
8 0 8 8 8 8 8 9 8 9 8 8 8 8 8 9 8 9 8 9 8
8 0 8 7 8 7 9 7 8 7 9 7 8 7 8 7 9 7 9 7 8
8 8 8 9 8 8 8 9 8 8 8 8 8 9 8 9 8 8 8 9 8
8 7 9 7 9 7 9 7 9 7 9 7 9 7 9 7 9 7 8 7 8
8 8 8 9 8 9 8 9 8 9 8 9 8 9 8 9 8 8 8 9 8
8 7 9 7 8 7 8 7 8 7 8 7 8 7 8 7 8 7 9 7 8

Example 1:

Input:
0 0 0 8 0 0 0 0 0 0 0 0 0 0 0 0 0 0 0 0 0 0 0 0 0
0 8 0 8 8 8 0 8 0 8 0 8 8 8 8 8 8 8 8 8 0 8 8 8 8
0 8 0 8 0 8 0 8 0 8 0 8 0 0 0 0 0 0 0 0 0 8 0 8 0
8 8 8 8 0 8 8 8 8 8 8 8 8 8 0 8 0 8 8 8 0 8 0 8 8
0 8 0 8 0 8 0 8 0 8 0 0 0 0 0 8 0 8 0 0 0 0 0 8 0
8 8 0 8 8 8 8 8 0 8 8 8 8 8 0 8 8 8 8 8 8 8 0 8 0
0 0 0 0 0 8 0 0 0 0 0 0 0 0 0 0 0 8 0 0 0 0 0 0 0
8 8 0 8 8 8 8 8 0 8 0 8 0 8 0 8 8 8 8 8 0 8 8 8 0
0 0 0 8 0 0 0 0 0 8 0 8 0 8 0 8 0 0 0 8 0 8 0 8 0
0 8 8 8 8 8 0 8 0 8 8 8 0 8 8 8 8 8 0 8 8 8 0 8 0
0 8 0 8 0 0 0 8 0 8 0 0 0 0 0 8 0 0 0 8 0 0 0 8 0
8 8 0 8 8 8 0 8 8 8 8 8 0 8 8 8 8 8 0 8 8 8 0 8 0
0 8 0 8 0 0 0 8 0 0 0 0 0 0 0 8 0 0 0 0 0 0 0 0 0
0 8 0 8 8 8 8 8 8 8 8 8 0 8 8 8 8 8 0 8 8 8 8 8 0
0 0 0 0 0 8 0 0 0 0 0 0 0 8 0 0 0 0 0 8 0 0 0 0 0
8 8 8 8 0 8 8 8 0 8 8 8 0 8 8 8 0 8 0 8 8 8 8 8 0
0 0 0 0 0 8 0 0 0 8 0 0 0 0 0 8 0 8 0 8 0 0 0 0 0
8 8 8 8 0 8 8 8 0 8 8 8 0 8 8 8 8 8 8 8 0 8 0 8 0
0 8 0 0 0 0 0 0 0 8 0 0 0 0 0 8 0 0 0 0 0 8 0 8 0
0 8 8 8 0 8 0 8 8 8 8 8 0 8 8 8 8 8 0 8 0 8 8 8 8
0 8 3 8 0 8 0 8 0 0 0 0 0 0 0 0 0 8 0 8 0 0 0 0 0
0 8 1 8 8 8 8 8 8 8 8 8 0 8 8 8 8 8 8 8 0 8 0 8 8
0 0 0 8 0 0 0 8 0 0 0 0 0 0 0 0 0 0 0 8 0 8 0 0 0
8 8 0 8 8 8 0 8 8 8 0 8 0 8 0 8 8 8 0 8 8 8 0 8 0
0 0 0 0 0 0 0 0 0 0 0 8 0 8 0 0 0 8 0 8 0 8 0 8 0
Output:
0 0 0 8 3 1 3 1 3 1 3 1 3 1 3 1 3 1 3 1 3 1 3 1 3
0 8 0 8 8 8 1 8 1 8 1 8 8 8 8 8 8 8 8 8 1 8 8 8 8
0 8 0 8 0 8 3 8 3 8 3 8 3 1 3 1 3 1 3 1 3 8 3 8 0
8 8 8 8 0 8 8 8 8 8 8 8 8 8 1 8 1 8 8 8 1 8 1 8 8
0 8 0 8 0 8 0 8 3 8 3 1 3 1 3 8 3 8 3 1 3 1 3 8 3
8 8 0 8 8 8 8 8 1 8 8 8 8 8 1 8 8 8 8 8 8 8 1 8 1
0 0 0 0 0 8 3 1 3 1 3 1 3 1 3 1 3 8 3 1 3 1 3 1 3
8 8 0 8 8 8 8 8 1 8 1 8 1 8 1 8 8 8 8 8 1 8 8 8 1
0 0 0 8 3 1 3 1 3 8 3 8 3 8 3 8 3 1 3 8 3 8 3 8 3
0 8 8 8 8 8 1 8 1 8 8 8 1 8 8 8 8 8 1 8 8 8 1 8 1
0 8 3 8 3 1 3 8 3 8 3 1 3 1 3 8 3 1 3 8 3 1 3 8 3
8 8 1 8 8 8 1 8 8 8 8 8 1 8 8 8 8 8 1 8 8 8 1 8 1
3 8 3 8 3 1 3 8 3 1 3 1 3 1 3 8 3 1 3 1 3 1 3 1 3
1 8 1 8 8 8 8 8 8 8 8 8 1 8 8 8 8 8 1 8 8 8 8 8 1
3 1 3 1 3 8 3 1 3 1 3 1 3 8 3 1 3 1 3 8 3 1 3 1 3
8 8 8 8 1 8 8 8 1 8 8 8 1 8 8 8 1 8 1 8 8 8 8 8 1
3 1 3 1 3 8 3 1 3 8 3 1 3 1 3 8 3 8 3 8 3 1 3 1 3
8 8 8 8 1 8 8 8 1 8 8 8 1 8 8 8 8 8 8 8 1 8 1 8 1
3 8 3 1 3 1 3 1 3 8 3 1 3 1 3 8 3 1 3 1 3 8 3 8 3
1 8 8 8 1 8 1 8 8 8 8 8 1 8 8 8 8 8 1 8 1 8 8 8 8
3 8 3 8 3 8 3 8 3 1 3 1 3 1 3 1 3 8 3 8 3 1 3 1 3
1 8 1 8 8 8 8 8 8 8 8 8 1 8 8 8 8 8 8 8 1 8 1 8 8
3 1 3 8 3 1 3 8 3 1 3 1 3 1 3 1 3 1 3 8 3 8 3 1 3
8 8 1 8 8 8 1 8 8 8 1 8 1 8 1 8 8 8 1 8 8 8 1 8 1
3 1 3 1 3 1 3 1 3 1 3 8 3 8 3 1 3 8 3 8 0 8 3 8 3


Write the **short** Python code in code golf manners that performs the transformation according to the rule in following format: `def p(g): ...`. Note that input and output are passed by 2D arrays.