Find the common rule that maps an input grid to an output grid, given the examples below.

Example 1:

Input:
2 2 2
2 2 2
3 3 3
0 0 0
0 0 0
0 0 0
0 0 0
0 0 0
0 0 0
0 0 0
Output:
2 2 2
2 2 2
3 3 3
0 0 0
0 0 0
0 0 0
0 0 0
3 3 3
2 2 2
2 2 2

Example 1:

Input:
2 2 2 2 2
8 8 8 8 8
0 0 0 0 0
0 0 0 0 0
0 0 0 0 0
0 0 0 0 0
0 0 0 0 0
0 0 0 0 0
0 0 0 0 0
0 0 0 0 0
Output:
2 2 2 2 2
8 8 8 8 8
0 0 0 0 0
0 0 0 0 0
0 0 0 0 0
0 0 0 0 0
0 0 0 0 0
0 0 0 0 0
8 8 8 8 8
2 2 2 2 2

Example 1:

Input:
3 3 3 3 3 3
5 5 5 5 5 5
5 5 5 5 5 5
0 0 0 0 0 0
0 0 0 0 0 0
0 0 0 0 0 0
0 0 0 0 0 0
0 0 0 0 0 0
0 0 0 0 0 0
0 0 0 0 0 0
Output:
3 3 3 3 3 3
5 5 5 5 5 5
5 5 5 5 5 5
0 0 0 0 0 0
0 0 0 0 0 0
0 0 0 0 0 0
0 0 0 0 0 0
5 5 5 5 5 5
5 5 5 5 5 5
3 3 3 3 3 3

Example 1:

Input:
8 8 8 8 8 8 8 8 8 8
3 3 3 3 3 3 3 3 3 3
0 0 0 0 0 0 0 0 0 0
0 0 0 0 0 0 0 0 0 0
0 0 0 0 0 0 0 0 0 0
0 0 0 0 0 0 0 0 0 0
0 0 0 0 0 0 0 0 0 0
0 0 0 0 0 0 0 0 0 0
0 0 0 0 0 0 0 0 0 0
0 0 0 0 0 0 0 0 0 0
Output:
8 8 8 8 8 8 8 8 8 8
3 3 3 3 3 3 3 3 3 3
0 0 0 0 0 0 0 0 0 0
0 0 0 0 0 0 0 0 0 0
0 0 0 0 0 0 0 0 0 0
0 0 0 0 0 0 0 0 0 0
0 0 0 0 0 0 0 0 0 0
0 0 0 0 0 0 0 0 0 0
3 3 3 3 3 3 3 3 3 3
8 8 8 8 8 8 8 8 8 8

Example 1:

Input:
9 9 9
9 9 9
2 2 2
0 0 0
0 0 0
0 0 0
0 0 0
0 0 0
0 0 0
0 0 0
Output:
9 9 9
9 9 9
2 2 2
0 0 0
0 0 0
0 0 0
0 0 0
2 2 2
9 9 9
9 9 9

Example 1:

Input:
2 2 2
1 1 1
6 6 6
0 0 0
0 0 0
0 0 0
0 0 0
0 0 0
0 0 0
0 0 0
Output:
2 2 2
1 1 1
6 6 6
0 0 0
0 0 0
0 0 0
0 0 0
6 6 6
1 1 1
2 2 2

Example 1:

Input:
1 1 1 1 1 1 1
6 6 6 6 6 6 6
0 0 0 0 0 0 0
0 0 0 0 0 0 0
0 0 0 0 0 0 0
0 0 0 0 0 0 0
0 0 0 0 0 0 0
0 0 0 0 0 0 0
0 0 0 0 0 0 0
0 0 0 0 0 0 0
Output:
1 1 1 1 1 1 1
6 6 6 6 6 6 6
0 0 0 0 0 0 0
0 0 0 0 0 0 0
0 0 0 0 0 0 0
0 0 0 0 0 0 0
0 0 0 0 0 0 0
0 0 0 0 0 0 0
6 6 6 6 6 6 6
1 1 1 1 1 1 1

Example 1:

Input:
3 3 3 3 3 3 3 3 3
3 3 3 3 3 3 3 3 3
7 7 7 7 7 7 7 7 7
0 0 0 0 0 0 0 0 0
0 0 0 0 0 0 0 0 0
0 0 0 0 0 0 0 0 0
0 0 0 0 0 0 0 0 0
0 0 0 0 0 0 0 0 0
0 0 0 0 0 0 0 0 0
0 0 0 0 0 0 0 0 0
Output:
3 3 3 3 3 3 3 3 3
3 3 3 3 3 3 3 3 3
7 7 7 7 7 7 7 7 7
0 0 0 0 0 0 0 0 0
0 0 0 0 0 0 0 0 0
0 0 0 0 0 0 0 0 0
0 0 0 0 0 0 0 0 0
7 7 7 7 7 7 7 7 7
3 3 3 3 3 3 3 3 3
3 3 3 3 3 3 3 3 3


Write the **short** Python code in code golf manners that performs the transformation according to the rule in following format: `def p(g): ...`. Note that input and output are passed by 2D arrays.