Find the common rule that maps an input grid to an output grid, given the examples below.

Example 1:

Input:
0 0 0 0 0 0 0 0 0 0
0 4 4 4 4 0 0 0 0 0
0 4 4 4 4 0 0 0 0 0
0 4 4 4 4 0 0 0 0 0
0 4 4 4 4 0 0 0 0 0
0 0 0 0 0 0 0 0 0 0
0 0 0 4 4 4 4 4 4 0
0 0 0 4 4 4 4 4 4 0
0 0 0 4 4 4 4 4 4 0
0 0 0 4 4 4 4 4 4 0
Output:
0 0 0 0 0 0 0 0 0 0
0 4 4 4 4 0 0 0 0 0
0 4 1 1 4 0 0 0 0 0
0 4 1 1 4 0 0 0 0 0
0 4 4 4 4 0 0 0 0 0
0 0 0 0 0 0 0 0 0 0
0 0 0 4 4 4 4 4 4 0
0 0 0 4 2 2 2 2 4 0
0 0 0 4 2 2 2 2 4 0
0 0 0 4 4 4 4 4 4 0

Example 1:

Input:
0 0 0 0 0 0 0 0 0 0
0 4 4 4 4 4 0 0 0 0
0 4 4 4 4 4 0 0 0 0
0 4 4 4 4 4 0 0 0 0
0 4 4 4 4 4 0 0 0 0
0 4 4 4 4 4 0 0 0 0
0 0 0 0 0 0 0 0 0 0
0 0 0 0 0 4 4 4 4 0
0 0 0 0 0 4 4 4 4 0
0 0 0 0 0 4 4 4 4 0
Output:
0 0 0 0 0 0 0 0 0 0
0 4 4 4 4 4 0 0 0 0
0 4 2 2 2 4 0 0 0 0
0 4 2 2 2 4 0 0 0 0
0 4 2 2 2 4 0 0 0 0
0 4 4 4 4 4 0 0 0 0
0 0 0 0 0 0 0 0 0 0
0 0 0 0 0 4 4 4 4 0
0 0 0 0 0 4 1 1 4 0
0 0 0 0 0 4 4 4 4 0

Example 1:

Input:
4 4 4 4 4 4 0 0 0 0
4 4 4 4 4 4 0 0 0 0
4 4 4 4 4 4 0 0 0 0
4 4 4 4 4 4 0 0 0 0
4 4 4 4 4 4 0 0 0 0
4 4 4 4 4 4 0 0 0 0
0 0 0 0 0 0 0 0 0 0
0 0 0 0 4 4 4 4 4 4
0 0 0 0 4 4 4 4 4 4
0 0 0 0 4 4 4 4 4 4
Output:
4 4 4 4 4 4 0 0 0 0
4 2 2 2 2 4 0 0 0 0
4 2 2 2 2 4 0 0 0 0
4 2 2 2 2 4 0 0 0 0
4 2 2 2 2 4 0 0 0 0
4 4 4 4 4 4 0 0 0 0
0 0 0 0 0 0 0 0 0 0
0 0 0 0 4 4 4 4 4 4
0 0 0 0 4 1 1 1 1 4
0 0 0 0 4 4 4 4 4 4

Example 1:

Input:
0 0 0 0 0 0 4 4 4 4
0 0 0 0 0 0 4 4 4 4
0 0 0 0 0 0 4 4 4 4
0 0 0 0 0 0 0 0 0 0
0 0 0 0 4 4 4 4 0 0
0 0 0 0 4 4 4 4 0 0
0 0 0 0 4 4 4 4 0 0
0 0 0 0 4 4 4 4 0 0
0 0 0 0 4 4 4 4 0 0
0 0 0 0 4 4 4 4 0 0
Output:
0 0 0 0 0 0 4 4 4 4
0 0 0 0 0 0 4 1 1 4
0 0 0 0 0 0 4 4 4 4
0 0 0 0 0 0 0 0 0 0
0 0 0 0 4 4 4 4 0 0
0 0 0 0 4 2 2 4 0 0
0 0 0 0 4 2 2 4 0 0
0 0 0 0 4 2 2 4 0 0
0 0 0 0 4 2 2 4 0 0
0 0 0 0 4 4 4 4 0 0

Example 1:

Input:
0 0 0 0 0 0 0 0 0 0
0 0 4 4 4 4 4 4 4 0
0 0 4 4 4 4 4 4 4 0
0 0 4 4 4 4 4 4 4 0
0 0 4 4 4 4 4 4 4 0
0 0 0 0 0 0 0 0 0 0
0 0 0 0 0 0 4 4 4 4
0 0 0 0 0 0 4 4 4 4
0 0 0 0 0 0 4 4 4 4
0 0 0 0 0 0 4 4 4 4
Output:
0 0 0 0 0 0 0 0 0 0
0 0 4 4 4 4 4 4 4 0
0 0 4 2 2 2 2 2 4 0
0 0 4 2 2 2 2 2 4 0
0 0 4 4 4 4 4 4 4 0
0 0 0 0 0 0 0 0 0 0
0 0 0 0 0 0 4 4 4 4
0 0 0 0 0 0 4 1 1 4
0 0 0 0 0 0 4 1 1 4
0 0 0 0 0 0 4 4 4 4

Example 1:

Input:
0 0 0 0 0 0 0 0 0 0
0 0 4 4 4 4 4 4 0 0
0 0 4 4 4 4 4 4 0 0
0 0 4 4 4 4 4 4 0 0
0 0 0 0 0 0 0 0 0 0
0 0 0 0 4 4 4 4 4 4
0 0 0 0 4 4 4 4 4 4
0 0 0 0 4 4 4 4 4 4
0 0 0 0 4 4 4 4 4 4
0 0 0 0 0 0 0 0 0 0
Output:
0 0 0 0 0 0 0 0 0 0
0 0 4 4 4 4 4 4 0 0
0 0 4 1 1 1 1 4 0 0
0 0 4 4 4 4 4 4 0 0
0 0 0 0 0 0 0 0 0 0
0 0 0 0 4 4 4 4 4 4
0 0 0 0 4 2 2 2 2 4
0 0 0 0 4 2 2 2 2 4
0 0 0 0 4 4 4 4 4 4
0 0 0 0 0 0 0 0 0 0

Example 1:

Input:
0 0 0 0 0 0 0 0 0 0
0 4 4 4 4 4 4 4 0 0
0 4 4 4 4 4 4 4 0 0
0 4 4 4 4 4 4 4 0 0
0 4 4 4 4 4 4 4 0 0
0 0 0 0 0 0 0 0 0 0
0 4 4 4 0 0 0 0 0 0
0 4 4 4 0 0 0 0 0 0
0 4 4 4 0 0 0 0 0 0
0 4 4 4 0 0 0 0 0 0
Output:
0 0 0 0 0 0 0 0 0 0
0 4 4 4 4 4 4 4 0 0
0 4 2 2 2 2 2 4 0 0
0 4 2 2 2 2 2 4 0 0
0 4 4 4 4 4 4 4 0 0
0 0 0 0 0 0 0 0 0 0
0 4 4 4 0 0 0 0 0 0
0 4 1 4 0 0 0 0 0 0
0 4 1 4 0 0 0 0 0 0
0 4 4 4 0 0 0 0 0 0

Example 1:

Input:
0 0 0 4 4 4 4 4 4 4
0 0 0 4 4 4 4 4 4 4
0 0 0 4 4 4 4 4 4 4
0 0 0 4 4 4 4 4 4 4
0 0 0 0 0 0 0 0 0 0
0 0 4 4 4 4 4 4 0 0
0 0 4 4 4 4 4 4 0 0
0 0 4 4 4 4 4 4 0 0
0 0 4 4 4 4 4 4 0 0
0 0 0 0 0 0 0 0 0 0
Output:
0 0 0 4 4 4 4 4 4 4
0 0 0 4 2 2 2 2 2 4
0 0 0 4 2 2 2 2 2 4
0 0 0 4 4 4 4 4 4 4
0 0 0 0 0 0 0 0 0 0
0 0 4 4 4 4 4 4 0 0
0 0 4 1 1 1 1 4 0 0
0 0 4 1 1 1 1 4 0 0
0 0 4 4 4 4 4 4 0 0
0 0 0 0 0 0 0 0 0 0


Write the **short** Python code in code golf manners that performs the transformation according to the rule in following format: `def p(g): ...`. Note that input and output are passed by 2D arrays.