Find the common rule that maps an input grid to an output grid, given the examples below.

Example 1:

Input:
0 0 0 0 0 0 0 0 0 0 8 0 0 0 0 0 0 0 0 0 0 0 0
0 0 0 0 0 0 0 0 0 0 8 0 0 0 0 0 8 0 0 0 0 0 0
0 0 0 0 0 0 0 0 0 0 8 0 0 0 0 0 8 0 0 0 0 0 0
0 0 0 0 0 0 8 0 0 0 8 0 0 0 0 0 8 0 0 0 0 0 0
0 0 0 8 8 8 8 8 8 8 8 8 8 0 0 0 8 0 0 0 0 0 0
0 0 0 0 0 0 8 0 0 0 8 0 0 0 0 0 8 0 0 0 8 0 0
0 0 0 0 0 0 8 0 0 0 8 0 0 0 0 0 8 0 0 0 8 0 0
0 0 0 0 0 0 8 0 0 0 8 0 0 0 0 0 8 0 0 0 8 0 0
0 0 0 8 8 8 8 8 8 8 8 8 8 8 8 8 8 8 8 8 8 8 0
0 0 0 0 0 0 8 0 0 0 8 0 0 0 0 0 8 0 0 0 8 0 0
0 0 0 0 0 0 8 0 0 0 8 0 0 0 0 0 8 0 0 0 8 0 0
0 0 0 0 0 0 8 0 0 0 0 0 0 0 0 0 8 0 0 0 8 0 0
0 0 0 0 0 0 8 0 0 0 0 0 0 0 0 0 8 0 0 0 0 0 0
0 0 0 0 0 0 8 0 0 0 0 0 0 0 0 0 8 0 0 0 0 0 0
0 0 0 0 0 0 8 0 0 0 0 0 0 0 0 0 8 0 0 0 0 0 0
8 8 8 8 8 8 8 8 8 8 8 8 8 8 8 8 8 8 0 0 0 0 0
0 0 0 0 0 0 8 0 0 0 0 0 0 8 0 0 8 0 0 0 0 0 0
0 0 0 0 0 0 8 0 0 0 0 0 0 8 0 0 8 0 0 0 0 0 0
0 0 0 0 0 0 8 0 0 0 0 0 0 8 0 0 8 0 0 0 0 0 0
0 0 0 0 0 0 8 0 0 0 0 0 8 8 8 8 8 8 8 8 8 0 0
0 0 0 0 0 0 0 0 0 0 0 0 0 8 0 0 8 0 0 0 0 0 0
0 0 0 0 0 0 0 0 0 0 0 0 0 8 0 0 8 0 0 0 0 0 0
0 0 0 0 0 0 0 0 0 0 0 0 0 0 0 0 0 0 0 0 0 0 0
Output:
3 3 3 3 3 3 3 3 3 3 8 3 3 3 3 3 3 3 3 3 3 3 3
3 3 3 3 3 3 3 3 3 3 8 3 3 3 3 3 8 3 3 3 3 3 3
3 3 3 3 3 3 3 3 3 3 8 3 3 3 3 3 8 3 3 3 3 3 3
3 3 3 3 3 3 8 3 3 3 8 3 3 3 3 3 8 3 3 3 3 3 3
3 3 3 8 8 8 8 8 8 8 8 8 8 3 3 3 8 3 3 3 3 3 3
3 3 3 3 3 3 8 2 2 2 8 3 3 3 3 3 8 3 3 3 8 3 3
3 3 3 3 3 3 8 2 2 2 8 3 3 3 3 3 8 3 3 3 8 3 3
3 3 3 3 3 3 8 2 2 2 8 3 3 3 3 3 8 3 3 3 8 3 3
3 3 3 8 8 8 8 8 8 8 8 8 8 8 8 8 8 8 8 8 8 8 3
3 3 3 3 3 3 8 2 2 2 8 2 2 2 2 2 8 3 3 3 8 3 3
3 3 3 3 3 3 8 2 2 2 8 2 2 2 2 2 8 3 3 3 8 3 3
3 3 3 3 3 3 8 2 2 2 2 2 2 2 2 2 8 3 3 3 8 3 3
3 3 3 3 3 3 8 2 2 2 2 2 2 2 2 2 8 3 3 3 3 3 3
3 3 3 3 3 3 8 2 2 2 2 2 2 2 2 2 8 3 3 3 3 3 3
3 3 3 3 3 3 8 2 2 2 2 2 2 2 2 2 8 3 3 3 3 3 3
8 8 8 8 8 8 8 8 8 8 8 8 8 8 8 8 8 8 3 3 3 3 3
3 3 3 3 3 3 8 3 3 3 3 3 3 8 2 2 8 3 3 3 3 3 3
3 3 3 3 3 3 8 3 3 3 3 3 3 8 2 2 8 3 3 3 3 3 3
3 3 3 3 3 3 8 3 3 3 3 3 3 8 2 2 8 3 3 3 3 3 3
3 3 3 3 3 3 8 3 3 3 3 3 8 8 8 8 8 8 8 8 8 3 3
3 3 3 3 3 3 3 3 3 3 3 3 3 8 3 3 8 3 3 3 3 3 3
3 3 3 3 3 3 3 3 3 3 3 3 3 8 3 3 8 3 3 3 3 3 3
3 3 3 3 3 3 3 3 3 3 3 3 3 3 3 3 3 3 3 3 3 3 3

Example 1:

Input:
0 0 0 0 0 0 0 0 0 0 0 0 0 0 0 0 0 0 0 0 0 0 0 0 0
0 0 0 0 1 0 0 0 0 0 0 0 0 0 0 0 1 0 0 0 0 0 0 0 0
0 0 0 0 1 0 0 0 0 0 0 0 0 0 0 0 1 0 0 0 0 0 0 0 0
1 1 1 1 1 1 1 1 1 1 1 1 1 1 1 1 1 1 1 1 1 1 1 1 1
0 0 0 0 1 0 0 0 0 0 1 0 0 0 0 0 1 0 0 0 0 0 0 0 0
0 0 0 0 1 0 0 0 0 0 1 0 0 0 0 0 1 0 0 0 0 0 0 0 0
0 0 0 0 1 0 0 0 0 0 1 0 0 0 0 0 1 0 0 0 0 0 0 0 0
0 0 0 0 1 0 0 0 1 1 1 1 1 1 1 1 1 1 1 1 0 0 0 0 0
0 0 0 0 1 0 0 0 0 0 1 0 0 0 0 0 1 0 0 0 0 0 0 0 0
0 0 0 0 1 0 0 0 0 0 1 0 0 0 0 0 1 0 0 0 0 0 0 0 0
0 0 0 0 1 0 0 0 0 0 1 0 0 0 0 0 1 0 0 0 0 0 0 0 0
0 0 0 0 1 0 0 0 0 0 1 0 0 0 0 0 1 0 0 0 0 0 0 0 0
0 1 1 1 1 1 1 1 1 1 1 1 1 0 0 0 1 0 0 0 0 0 0 0 0
0 0 0 0 1 0 0 0 0 0 1 0 0 0 0 0 1 0 0 0 0 0 0 0 0
0 0 0 0 1 0 0 0 0 0 1 0 0 0 0 0 1 0 0 0 0 0 0 0 0
0 0 0 0 1 0 0 0 0 0 1 0 0 0 0 0 1 0 0 0 0 0 0 0 0
0 0 0 0 1 0 0 0 0 0 1 0 0 0 1 1 1 1 1 1 1 0 0 0 0
0 0 0 0 1 0 0 0 0 0 1 0 0 0 0 0 1 0 0 0 0 0 0 0 0
0 0 0 0 1 0 0 0 0 0 1 0 0 0 0 0 1 0 0 0 0 0 0 0 0
0 0 0 0 0 0 0 0 0 0 1 0 0 0 0 0 1 0 0 0 0 0 0 0 0
0 0 0 0 0 0 0 0 0 0 0 0 0 0 0 0 0 0 0 0 0 0 0 0 0
0 0 0 0 0 0 0 0 0 0 0 0 0 0 0 0 0 0 0 0 0 0 0 0 0
Output:
3 3 3 3 3 3 3 3 3 3 3 3 3 3 3 3 3 3 3 3 3 3 3 3 3
3 3 3 3 1 3 3 3 3 3 3 3 3 3 3 3 1 3 3 3 3 3 3 3 3
3 3 3 3 1 3 3 3 3 3 3 3 3 3 3 3 1 3 3 3 3 3 3 3 3
1 1 1 1 1 1 1 1 1 1 1 1 1 1 1 1 1 1 1 1 1 1 1 1 1
3 3 3 3 1 2 2 2 2 2 1 2 2 2 2 2 1 3 3 3 3 3 3 3 3
3 3 3 3 1 2 2 2 2 2 1 2 2 2 2 2 1 3 3 3 3 3 3 3 3
3 3 3 3 1 2 2 2 2 2 1 2 2 2 2 2 1 3 3 3 3 3 3 3 3
3 3 3 3 1 2 2 2 1 1 1 1 1 1 1 1 1 1 1 1 3 3 3 3 3
3 3 3 3 1 2 2 2 2 2 1 3 3 3 3 3 1 3 3 3 3 3 3 3 3
3 3 3 3 1 2 2 2 2 2 1 3 3 3 3 3 1 3 3 3 3 3 3 3 3
3 3 3 3 1 2 2 2 2 2 1 3 3 3 3 3 1 3 3 3 3 3 3 3 3
3 3 3 3 1 2 2 2 2 2 1 3 3 3 3 3 1 3 3 3 3 3 3 3 3
3 1 1 1 1 1 1 1 1 1 1 1 1 3 3 3 1 3 3 3 3 3 3 3 3
3 3 3 3 1 3 3 3 3 3 1 3 3 3 3 3 1 3 3 3 3 3 3 3 3
3 3 3 3 1 3 3 3 3 3 1 3 3 3 3 3 1 3 3 3 3 3 3 3 3
3 3 3 3 1 3 3 3 3 3 1 3 3 3 3 3 1 3 3 3 3 3 3 3 3
3 3 3 3 1 3 3 3 3 3 1 3 3 3 1 1 1 1 1 1 1 3 3 3 3
3 3 3 3 1 3 3 3 3 3 1 3 3 3 3 3 1 3 3 3 3 3 3 3 3
3 3 3 3 1 3 3 3 3 3 1 3 3 3 3 3 1 3 3 3 3 3 3 3 3
3 3 3 3 3 3 3 3 3 3 1 3 3 3 3 3 1 3 3 3 3 3 3 3 3
3 3 3 3 3 3 3 3 3 3 3 3 3 3 3 3 3 3 3 3 3 3 3 3 3
3 3 3 3 3 3 3 3 3 3 3 3 3 3 3 3 3 3 3 3 3 3 3 3 3

Example 1:

Input:
0 0 0 0 0 0 0 0 0 0 0 0 0 0 0 0 0 0 0 0 0
0 0 0 0 4 0 0 0 0 0 0 0 0 0 0 0 0 0 0 0 0
0 0 0 0 4 0 0 0 0 0 0 0 0 4 0 0 0 0 0 0 0
0 0 0 0 4 0 0 0 0 0 0 0 0 4 0 0 0 0 0 0 0
0 0 0 0 4 0 0 0 0 0 0 0 0 4 0 0 0 0 0 0 0
0 4 4 4 4 4 4 4 4 4 4 4 4 4 4 4 4 0 0 0 0
0 0 0 0 4 0 0 0 0 0 0 0 0 4 0 0 0 0 0 0 0
0 0 0 0 4 0 0 0 0 0 0 0 0 4 0 0 0 0 0 0 0
0 0 0 0 4 0 0 0 0 4 4 4 4 4 4 4 4 4 0 0 0
0 0 0 0 4 0 0 0 0 0 0 0 0 4 0 0 0 0 0 0 0
0 0 0 0 4 0 0 0 0 0 0 0 0 4 0 0 0 0 0 0 0
0 0 0 0 4 0 0 0 0 0 0 0 0 4 0 0 0 0 0 0 0
0 0 0 0 4 0 0 0 0 0 0 0 0 4 0 0 0 0 0 0 0
0 0 0 0 4 0 0 4 0 0 0 0 0 4 0 0 0 0 4 0 0
0 0 0 0 4 0 0 4 0 0 0 0 0 4 0 0 0 0 4 0 0
0 0 4 4 4 4 4 4 4 4 4 4 4 4 4 4 4 4 4 0 0
0 0 0 0 4 0 0 4 0 0 0 0 0 4 0 0 0 0 4 0 0
0 0 0 0 4 0 0 4 0 0 0 0 0 4 0 0 0 0 4 0 0
0 0 0 0 4 0 0 4 0 0 0 0 4 4 4 4 4 4 4 4 4
0 4 4 4 4 4 4 4 4 4 0 0 0 4 0 0 0 0 4 0 0
0 0 0 0 4 0 0 4 0 0 0 0 0 4 0 0 0 0 4 0 0
0 0 0 0 4 0 0 4 0 0 0 0 0 4 0 0 0 0 4 0 0
0 0 0 0 4 0 0 4 0 0 0 0 0 4 0 0 0 0 0 0 0
0 0 0 0 0 0 0 0 0 0 0 0 0 0 0 0 0 0 0 0 0
Output:
3 3 3 3 3 3 3 3 3 3 3 3 3 3 3 3 3 3 3 3 3
3 3 3 3 4 3 3 3 3 3 3 3 3 3 3 3 3 3 3 3 3
3 3 3 3 4 3 3 3 3 3 3 3 3 4 3 3 3 3 3 3 3
3 3 3 3 4 3 3 3 3 3 3 3 3 4 3 3 3 3 3 3 3
3 3 3 3 4 3 3 3 3 3 3 3 3 4 3 3 3 3 3 3 3
3 4 4 4 4 4 4 4 4 4 4 4 4 4 4 4 4 3 3 3 3
3 3 3 3 4 2 2 2 2 2 2 2 2 4 3 3 3 3 3 3 3
3 3 3 3 4 2 2 2 2 2 2 2 2 4 3 3 3 3 3 3 3
3 3 3 3 4 2 2 2 2 4 4 4 4 4 4 4 4 4 3 3 3
3 3 3 3 4 2 2 2 2 2 2 2 2 4 3 3 3 3 3 3 3
3 3 3 3 4 2 2 2 2 2 2 2 2 4 3 3 3 3 3 3 3
3 3 3 3 4 2 2 2 2 2 2 2 2 4 3 3 3 3 3 3 3
3 3 3 3 4 2 2 2 2 2 2 2 2 4 3 3 3 3 3 3 3
3 3 3 3 4 2 2 4 2 2 2 2 2 4 3 3 3 3 4 3 3
3 3 3 3 4 2 2 4 2 2 2 2 2 4 3 3 3 3 4 3 3
3 3 4 4 4 4 4 4 4 4 4 4 4 4 4 4 4 4 4 3 3
3 3 3 3 4 2 2 4 3 3 3 3 3 4 2 2 2 2 4 3 3
3 3 3 3 4 2 2 4 3 3 3 3 3 4 2 2 2 2 4 3 3
3 3 3 3 4 2 2 4 3 3 3 3 4 4 4 4 4 4 4 4 4
3 4 4 4 4 4 4 4 4 4 3 3 3 4 3 3 3 3 4 3 3
3 3 3 3 4 3 3 4 3 3 3 3 3 4 3 3 3 3 4 3 3
3 3 3 3 4 3 3 4 3 3 3 3 3 4 3 3 3 3 4 3 3
3 3 3 3 4 3 3 4 3 3 3 3 3 4 3 3 3 3 3 3 3
3 3 3 3 3 3 3 3 3 3 3 3 3 3 3 3 3 3 3 3 3

Example 1:

Input:
0 0 0 0 0 0 0 0 0 0 0 0 0 0 0 0 0 0 0 0 0 0 0 0 0
0 0 0 0 0 7 0 0 0 0 0 0 0 0 0 0 7 0 0 0 0 0 0 0 0
0 0 0 0 0 7 0 0 0 0 0 7 0 0 0 0 7 0 0 0 0 0 7 0 0
0 0 0 0 0 7 0 0 0 0 0 7 0 0 0 0 7 0 0 0 0 0 7 0 0
0 0 7 7 7 7 7 7 7 7 7 7 7 7 7 7 7 7 7 7 7 7 7 7 0
0 0 0 0 0 7 0 0 0 0 0 7 0 0 0 0 7 0 0 0 0 0 7 0 0
0 0 0 0 0 7 0 0 0 0 0 7 0 0 0 0 7 0 0 0 0 0 7 0 0
0 0 0 0 0 7 0 0 0 0 0 7 0 0 0 0 7 0 0 0 0 0 7 0 0
0 0 0 0 0 7 0 0 0 0 0 7 0 0 0 0 7 0 0 0 0 0 7 0 0
0 0 0 0 0 7 0 0 0 0 7 7 7 7 7 7 7 7 7 7 7 7 7 7 0
0 0 0 0 0 7 0 0 0 0 0 7 0 0 0 0 7 0 0 0 0 0 7 0 0
0 0 0 0 0 7 0 0 0 0 0 7 0 0 0 0 7 0 0 0 0 0 7 0 0
0 0 0 0 0 7 0 0 0 0 0 0 0 0 0 0 7 0 0 0 0 0 7 0 0
0 0 0 0 0 7 0 0 0 0 0 0 0 0 0 0 7 0 0 0 0 0 0 0 0
0 0 0 7 7 7 7 7 7 7 7 7 7 7 7 7 7 7 7 7 0 0 0 0 0
0 0 0 0 0 7 0 0 0 0 0 0 0 0 0 0 7 0 0 0 0 0 0 0 0
0 0 0 0 0 7 0 0 0 0 0 0 0 0 0 0 7 0 0 0 0 0 0 0 0
0 0 0 0 0 7 0 0 0 0 0 0 7 7 7 7 7 7 7 7 7 0 0 0 0
0 0 0 7 7 7 7 7 0 0 0 0 0 0 0 0 7 0 0 0 0 0 0 0 0
0 0 0 0 0 7 0 0 0 0 0 0 0 0 0 0 7 0 0 0 0 0 0 0 0
0 0 0 0 0 7 0 0 0 0 0 0 0 0 0 0 0 0 0 0 0 0 0 0 0
0 0 0 0 0 7 0 0 0 0 0 0 0 0 0 0 0 0 0 0 0 0 0 0 0
Output:
3 3 3 3 3 3 3 3 3 3 3 3 3 3 3 3 3 3 3 3 3 3 3 3 3
3 3 3 3 3 7 3 3 3 3 3 3 3 3 3 3 7 3 3 3 3 3 3 3 3
3 3 3 3 3 7 3 3 3 3 3 7 3 3 3 3 7 3 3 3 3 3 7 3 3
3 3 3 3 3 7 3 3 3 3 3 7 3 3 3 3 7 3 3 3 3 3 7 3 3
3 3 7 7 7 7 7 7 7 7 7 7 7 7 7 7 7 7 7 7 7 7 7 7 3
3 3 3 3 3 7 2 2 2 2 2 7 2 2 2 2 7 2 2 2 2 2 7 3 3
3 3 3 3 3 7 2 2 2 2 2 7 2 2 2 2 7 2 2 2 2 2 7 3 3
3 3 3 3 3 7 2 2 2 2 2 7 2 2 2 2 7 2 2 2 2 2 7 3 3
3 3 3 3 3 7 2 2 2 2 2 7 2 2 2 2 7 2 2 2 2 2 7 3 3
3 3 3 3 3 7 2 2 2 2 7 7 7 7 7 7 7 7 7 7 7 7 7 7 3
3 3 3 3 3 7 2 2 2 2 2 7 2 2 2 2 7 3 3 3 3 3 7 3 3
3 3 3 3 3 7 2 2 2 2 2 7 2 2 2 2 7 3 3 3 3 3 7 3 3
3 3 3 3 3 7 2 2 2 2 2 2 2 2 2 2 7 3 3 3 3 3 7 3 3
3 3 3 3 3 7 2 2 2 2 2 2 2 2 2 2 7 3 3 3 3 3 3 3 3
3 3 3 7 7 7 7 7 7 7 7 7 7 7 7 7 7 7 7 7 3 3 3 3 3
3 3 3 3 3 7 3 3 3 3 3 3 3 3 3 3 7 3 3 3 3 3 3 3 3
3 3 3 3 3 7 3 3 3 3 3 3 3 3 3 3 7 3 3 3 3 3 3 3 3
3 3 3 3 3 7 3 3 3 3 3 3 7 7 7 7 7 7 7 7 7 3 3 3 3
3 3 3 7 7 7 7 7 3 3 3 3 3 3 3 3 7 3 3 3 3 3 3 3 3
3 3 3 3 3 7 3 3 3 3 3 3 3 3 3 3 7 3 3 3 3 3 3 3 3
3 3 3 3 3 7 3 3 3 3 3 3 3 3 3 3 3 3 3 3 3 3 3 3 3
3 3 3 3 3 7 3 3 3 3 3 3 3 3 3 3 3 3 3 3 3 3 3 3 3

Example 1:

Input:
0 0 0 0 0 0 0 0 0 0 0 0 0 0 0 0 0 0 0 0 0
0 0 0 0 0 0 0 0 0 0 0 0 0 0 6 0 0 0 0 0 0
0 0 0 0 0 0 0 0 0 0 0 0 0 0 6 0 0 0 0 0 0
0 0 0 0 0 0 0 0 0 0 0 0 0 0 6 0 0 0 0 0 0
0 0 0 0 0 0 0 0 0 0 0 0 0 0 6 0 0 0 0 0 0
0 0 0 0 0 0 0 0 0 0 0 0 0 0 6 0 0 0 0 0 0
0 0 0 0 0 0 0 0 0 0 0 0 0 0 6 0 0 0 0 0 0
0 0 0 0 0 0 6 0 0 0 0 0 0 0 6 0 0 0 0 0 0
0 6 6 6 6 6 6 6 6 6 6 6 6 6 6 6 6 6 6 6 6
0 0 0 0 0 0 6 0 0 0 0 0 0 0 6 0 0 0 0 0 0
0 0 0 0 0 0 6 0 0 0 0 0 0 0 6 0 0 0 0 0 0
0 0 0 0 0 0 6 0 0 0 0 0 0 0 6 0 0 0 0 0 0
0 0 0 0 0 0 6 0 6 0 0 0 0 0 6 0 0 0 0 0 0
0 0 0 0 0 0 6 0 6 0 0 0 0 0 6 0 0 0 0 0 0
0 0 0 0 0 0 6 0 6 0 0 0 0 0 6 0 0 0 0 0 0
0 0 0 0 0 0 6 0 6 0 0 0 0 0 6 0 0 0 0 0 0
0 0 0 0 0 0 6 6 6 6 6 6 6 6 6 6 6 6 0 0 0
0 0 0 0 0 0 6 0 6 0 0 0 0 0 6 0 0 0 0 0 0
0 0 0 0 0 0 6 0 6 0 0 0 0 0 6 0 0 0 0 0 0
0 0 0 0 0 6 6 6 6 6 0 0 0 0 6 0 0 0 0 0 0
0 0 0 0 0 0 6 0 6 0 0 0 0 0 6 0 0 0 0 0 0
0 0 0 0 0 0 6 0 6 0 0 0 0 0 0 0 0 0 0 0 0
Output:
3 3 3 3 3 3 3 3 3 3 3 3 3 3 3 3 3 3 3 3 3
3 3 3 3 3 3 3 3 3 3 3 3 3 3 6 3 3 3 3 3 3
3 3 3 3 3 3 3 3 3 3 3 3 3 3 6 3 3 3 3 3 3
3 3 3 3 3 3 3 3 3 3 3 3 3 3 6 3 3 3 3 3 3
3 3 3 3 3 3 3 3 3 3 3 3 3 3 6 3 3 3 3 3 3
3 3 3 3 3 3 3 3 3 3 3 3 3 3 6 3 3 3 3 3 3
3 3 3 3 3 3 3 3 3 3 3 3 3 3 6 3 3 3 3 3 3
3 3 3 3 3 3 6 3 3 3 3 3 3 3 6 3 3 3 3 3 3
3 6 6 6 6 6 6 6 6 6 6 6 6 6 6 6 6 6 6 6 6
3 3 3 3 3 3 6 2 2 2 2 2 2 2 6 3 3 3 3 3 3
3 3 3 3 3 3 6 2 2 2 2 2 2 2 6 3 3 3 3 3 3
3 3 3 3 3 3 6 2 2 2 2 2 2 2 6 3 3 3 3 3 3
3 3 3 3 3 3 6 2 6 2 2 2 2 2 6 3 3 3 3 3 3
3 3 3 3 3 3 6 2 6 2 2 2 2 2 6 3 3 3 3 3 3
3 3 3 3 3 3 6 2 6 2 2 2 2 2 6 3 3 3 3 3 3
3 3 3 3 3 3 6 2 6 2 2 2 2 2 6 3 3 3 3 3 3
3 3 3 3 3 3 6 6 6 6 6 6 6 6 6 6 6 6 3 3 3
3 3 3 3 3 3 6 2 6 3 3 3 3 3 6 3 3 3 3 3 3
3 3 3 3 3 3 6 2 6 3 3 3 3 3 6 3 3 3 3 3 3
3 3 3 3 3 6 6 6 6 6 3 3 3 3 6 3 3 3 3 3 3
3 3 3 3 3 3 6 3 6 3 3 3 3 3 6 3 3 3 3 3 3
3 3 3 3 3 3 6 3 6 3 3 3 3 3 3 3 3 3 3 3 3

Example 1:

Input:
0 0 0 0 0 0 0 0 0 0 0 0 0 0 0 0 0 0 0 0
0 0 0 0 0 0 0 0 0 0 0 7 0 0 0 0 0 0 0 0
0 0 0 0 0 0 0 0 0 0 0 7 0 0 0 0 0 0 0 0
0 0 0 0 0 0 0 0 0 0 0 7 0 0 0 0 0 0 0 0
0 0 0 0 0 0 0 0 0 0 0 7 0 0 0 0 0 0 0 0
0 0 0 0 0 0 0 0 0 0 0 7 0 0 0 0 0 0 0 0
0 0 0 0 0 0 0 0 0 0 0 7 0 0 0 0 0 0 0 0
0 0 0 0 0 0 0 0 0 0 0 7 0 0 0 0 0 0 0 0
0 7 7 7 7 7 7 7 7 7 7 7 7 0 0 0 0 0 0 0
0 7 0 7 0 0 0 0 0 0 0 7 0 0 0 0 0 0 0 0
7 7 7 7 7 7 0 0 0 0 0 7 0 0 0 0 0 0 0 0
0 7 0 7 0 0 0 0 0 0 0 7 0 0 0 0 0 0 0 0
0 0 0 7 0 0 0 0 0 0 0 7 0 0 0 0 0 0 0 0
0 0 0 7 0 0 0 0 0 0 0 7 0 0 0 0 0 0 0 0
0 0 0 7 0 0 0 0 0 0 0 7 0 0 0 0 0 0 0 0
0 7 7 7 7 7 7 7 7 7 7 7 7 7 7 7 7 7 7 7
0 0 0 7 0 0 0 0 0 0 0 7 0 0 0 0 0 0 0 0
0 0 0 0 0 0 0 0 0 0 0 7 0 0 0 0 0 0 0 0
0 0 0 0 0 0 0 0 0 0 0 7 0 0 0 0 0 0 0 0
0 0 0 0 0 0 0 0 0 0 0 7 0 0 0 0 0 0 0 0
0 0 0 0 0 0 0 0 0 0 0 7 0 0 0 0 0 0 0 0
Output:
3 3 3 3 3 3 3 3 3 3 3 3 3 3 3 3 3 3 3 3
3 3 3 3 3 3 3 3 3 3 3 7 3 3 3 3 3 3 3 3
3 3 3 3 3 3 3 3 3 3 3 7 3 3 3 3 3 3 3 3
3 3 3 3 3 3 3 3 3 3 3 7 3 3 3 3 3 3 3 3
3 3 3 3 3 3 3 3 3 3 3 7 3 3 3 3 3 3 3 3
3 3 3 3 3 3 3 3 3 3 3 7 3 3 3 3 3 3 3 3
3 3 3 3 3 3 3 3 3 3 3 7 3 3 3 3 3 3 3 3
3 3 3 3 3 3 3 3 3 3 3 7 3 3 3 3 3 3 3 3
3 7 7 7 7 7 7 7 7 7 7 7 7 3 3 3 3 3 3 3
3 7 2 7 2 2 2 2 2 2 2 7 3 3 3 3 3 3 3 3
7 7 7 7 7 7 2 2 2 2 2 7 3 3 3 3 3 3 3 3
3 7 3 7 2 2 2 2 2 2 2 7 3 3 3 3 3 3 3 3
3 3 3 7 2 2 2 2 2 2 2 7 3 3 3 3 3 3 3 3
3 3 3 7 2 2 2 2 2 2 2 7 3 3 3 3 3 3 3 3
3 3 3 7 2 2 2 2 2 2 2 7 3 3 3 3 3 3 3 3
3 7 7 7 7 7 7 7 7 7 7 7 7 7 7 7 7 7 7 7
3 3 3 7 3 3 3 3 3 3 3 7 3 3 3 3 3 3 3 3
3 3 3 3 3 3 3 3 3 3 3 7 3 3 3 3 3 3 3 3
3 3 3 3 3 3 3 3 3 3 3 7 3 3 3 3 3 3 3 3
3 3 3 3 3 3 3 3 3 3 3 7 3 3 3 3 3 3 3 3
3 3 3 3 3 3 3 3 3 3 3 7 3 3 3 3 3 3 3 3

Example 1:

Input:
0 0 0 0 0 0 0 1 0 0 0 0 0 0 0 0 0 0 0 0 0 0 0 0 0
0 0 0 0 0 0 0 1 0 0 0 0 0 0 0 0 0 0 0 0 0 0 0 0 0
0 0 0 0 0 0 0 1 0 0 0 0 0 0 0 0 0 0 0 0 0 0 0 0 0
0 0 0 0 0 0 0 1 0 0 0 0 0 0 0 0 0 1 0 0 0 0 0 0 0
0 0 0 0 0 0 0 1 0 0 0 0 0 0 0 0 0 1 0 0 0 0 0 0 0
0 0 0 0 0 0 0 1 0 0 0 0 0 0 0 0 0 1 0 0 0 0 0 0 0
0 0 0 0 0 0 0 1 0 0 0 0 0 0 0 0 0 1 0 0 0 0 0 0 0
0 0 0 0 0 0 0 1 0 0 0 0 0 0 0 0 0 1 0 0 0 0 0 0 0
1 1 1 1 1 1 1 1 1 1 1 1 1 1 1 1 1 1 1 1 0 0 0 0 0
0 0 0 0 0 0 0 1 0 0 0 0 0 0 0 0 0 1 0 0 0 0 0 0 0
0 0 0 0 0 0 0 1 0 0 0 0 0 0 0 0 0 1 0 0 0 0 0 0 0
0 0 0 0 0 0 0 1 0 0 0 0 0 0 0 0 0 1 0 0 0 0 0 0 0
0 0 0 0 0 0 0 1 0 0 0 0 0 0 0 0 0 1 0 0 0 0 0 0 0
0 0 0 0 0 0 0 1 0 0 0 0 0 0 0 0 0 1 0 0 0 0 0 0 0
0 0 0 0 0 0 0 1 0 0 0 0 0 0 0 0 0 1 0 0 0 0 0 0 0
0 0 0 0 0 0 0 1 0 0 1 0 0 0 0 0 0 1 0 0 0 1 0 0 0
0 0 0 0 0 0 1 1 1 1 1 1 1 1 1 1 1 1 1 1 1 1 1 1 1
0 0 0 0 0 0 0 1 0 0 1 0 0 0 0 0 0 1 0 0 0 1 0 0 0
0 0 0 0 0 0 0 1 0 0 1 0 0 0 1 1 1 1 1 1 1 1 1 1 1
0 0 0 0 0 0 0 1 1 1 1 1 1 0 0 0 0 1 0 0 0 1 0 0 0
0 0 0 0 0 0 0 1 0 0 1 0 0 0 0 0 0 0 0 0 0 1 0 0 0
0 0 0 0 0 0 0 1 0 0 1 0 0 0 0 0 0 0 0 0 0 0 0 0 0
0 0 0 0 0 0 0 1 0 0 0 0 0 0 0 0 0 0 0 0 0 0 0 0 0
Output:
3 3 3 3 3 3 3 1 3 3 3 3 3 3 3 3 3 3 3 3 3 3 3 3 3
3 3 3 3 3 3 3 1 3 3 3 3 3 3 3 3 3 3 3 3 3 3 3 3 3
3 3 3 3 3 3 3 1 3 3 3 3 3 3 3 3 3 3 3 3 3 3 3 3 3
3 3 3 3 3 3 3 1 3 3 3 3 3 3 3 3 3 1 3 3 3 3 3 3 3
3 3 3 3 3 3 3 1 3 3 3 3 3 3 3 3 3 1 3 3 3 3 3 3 3
3 3 3 3 3 3 3 1 3 3 3 3 3 3 3 3 3 1 3 3 3 3 3 3 3
3 3 3 3 3 3 3 1 3 3 3 3 3 3 3 3 3 1 3 3 3 3 3 3 3
3 3 3 3 3 3 3 1 3 3 3 3 3 3 3 3 3 1 3 3 3 3 3 3 3
1 1 1 1 1 1 1 1 1 1 1 1 1 1 1 1 1 1 1 1 3 3 3 3 3
3 3 3 3 3 3 3 1 2 2 2 2 2 2 2 2 2 1 3 3 3 3 3 3 3
3 3 3 3 3 3 3 1 2 2 2 2 2 2 2 2 2 1 3 3 3 3 3 3 3
3 3 3 3 3 3 3 1 2 2 2 2 2 2 2 2 2 1 3 3 3 3 3 3 3
3 3 3 3 3 3 3 1 2 2 2 2 2 2 2 2 2 1 3 3 3 3 3 3 3
3 3 3 3 3 3 3 1 2 2 2 2 2 2 2 2 2 1 3 3 3 3 3 3 3
3 3 3 3 3 3 3 1 2 2 2 2 2 2 2 2 2 1 3 3 3 3 3 3 3
3 3 3 3 3 3 3 1 2 2 1 2 2 2 2 2 2 1 3 3 3 1 3 3 3
3 3 3 3 3 3 1 1 1 1 1 1 1 1 1 1 1 1 1 1 1 1 1 1 1
3 3 3 3 3 3 3 1 2 2 1 3 3 3 3 3 3 1 2 2 2 1 3 3 3
3 3 3 3 3 3 3 1 2 2 1 3 3 3 1 1 1 1 1 1 1 1 1 1 1
3 3 3 3 3 3 3 1 1 1 1 1 1 3 3 3 3 1 3 3 3 1 3 3 3
3 3 3 3 3 3 3 1 3 3 1 3 3 3 3 3 3 3 3 3 3 1 3 3 3
3 3 3 3 3 3 3 1 3 3 1 3 3 3 3 3 3 3 3 3 3 3 3 3 3
3 3 3 3 3 3 3 1 3 3 3 3 3 3 3 3 3 3 3 3 3 3 3 3 3

Example 1:

Input:
0 0 0 0 0 0 0 0 0 0 0 1 0 0 0 0 0 0 0 0
0 0 0 0 0 0 0 0 0 0 0 1 0 0 0 0 0 0 0 0
0 0 0 0 0 0 0 0 0 0 0 1 0 0 0 0 0 0 0 0
0 0 0 0 0 0 0 0 0 0 0 1 0 0 0 0 0 0 0 0
0 0 0 0 1 0 0 0 0 0 0 1 0 0 0 0 0 0 0 0
0 0 0 0 1 0 0 0 0 0 0 1 0 0 0 0 0 0 0 0
0 0 0 0 1 0 0 0 0 0 0 1 0 0 0 0 0 0 0 0
1 1 1 1 1 1 1 1 1 1 1 1 1 1 1 1 1 1 1 1
0 0 0 0 1 0 0 0 0 0 0 1 0 0 0 0 0 0 0 0
0 0 0 0 1 0 0 0 0 0 0 1 0 0 0 0 0 0 0 0
0 0 0 0 1 0 0 0 0 0 0 1 0 0 0 0 0 0 0 0
0 0 0 0 1 0 0 0 0 0 0 1 0 0 0 0 0 0 0 0
0 0 0 0 1 0 0 0 0 0 0 1 0 0 0 0 0 0 0 0
0 0 0 0 1 0 0 0 0 0 0 1 0 0 0 0 0 0 0 0
0 0 0 0 1 0 1 0 0 0 0 1 0 0 0 0 0 0 0 0
0 0 0 0 1 1 1 1 1 1 1 1 1 1 1 1 1 1 0 0
0 0 0 0 1 0 1 0 0 0 0 1 0 0 0 0 0 0 0 0
0 0 0 0 1 0 1 0 0 0 0 1 0 0 0 0 0 0 0 0
0 0 0 0 1 1 1 1 0 0 0 1 0 0 0 0 0 0 0 0
0 0 0 0 1 0 0 0 0 0 0 1 0 0 0 0 0 0 0 0
0 0 0 0 1 0 0 0 0 0 0 1 0 0 0 0 0 0 0 0
Output:
3 3 3 3 3 3 3 3 3 3 3 1 3 3 3 3 3 3 3 3
3 3 3 3 3 3 3 3 3 3 3 1 3 3 3 3 3 3 3 3
3 3 3 3 3 3 3 3 3 3 3 1 3 3 3 3 3 3 3 3
3 3 3 3 3 3 3 3 3 3 3 1 3 3 3 3 3 3 3 3
3 3 3 3 1 3 3 3 3 3 3 1 3 3 3 3 3 3 3 3
3 3 3 3 1 3 3 3 3 3 3 1 3 3 3 3 3 3 3 3
3 3 3 3 1 3 3 3 3 3 3 1 3 3 3 3 3 3 3 3
1 1 1 1 1 1 1 1 1 1 1 1 1 1 1 1 1 1 1 1
3 3 3 3 1 2 2 2 2 2 2 1 3 3 3 3 3 3 3 3
3 3 3 3 1 2 2 2 2 2 2 1 3 3 3 3 3 3 3 3
3 3 3 3 1 2 2 2 2 2 2 1 3 3 3 3 3 3 3 3
3 3 3 3 1 2 2 2 2 2 2 1 3 3 3 3 3 3 3 3
3 3 3 3 1 2 2 2 2 2 2 1 3 3 3 3 3 3 3 3
3 3 3 3 1 2 2 2 2 2 2 1 3 3 3 3 3 3 3 3
3 3 3 3 1 2 1 2 2 2 2 1 3 3 3 3 3 3 3 3
3 3 3 3 1 1 1 1 1 1 1 1 1 1 1 1 1 1 3 3
3 3 3 3 1 2 1 3 3 3 3 1 3 3 3 3 3 3 3 3
3 3 3 3 1 2 1 3 3 3 3 1 3 3 3 3 3 3 3 3
3 3 3 3 1 1 1 1 3 3 3 1 3 3 3 3 3 3 3 3
3 3 3 3 1 3 3 3 3 3 3 1 3 3 3 3 3 3 3 3
3 3 3 3 1 3 3 3 3 3 3 1 3 3 3 3 3 3 3 3


Write the **short** Python code in code golf manners that performs the transformation according to the rule in following format: `def p(g): ...`. Note that input and output are passed by 2D arrays. Use `val_` as a prefix for all variables except `_`. Avoid line breaks as much as possible.
