Find the common rule that maps an input grid to an output grid, given the examples below.

Example 1:

Input:
0 0 0 5 0 0 0 5 0 0 0
1 0 0 5 0 0 0 5 0 1 0
0 0 0 5 0 0 1 5 0 0 0
5 5 5 5 5 5 5 5 5 5 5
0 0 0 5 0 0 1 5 0 0 0
0 0 0 5 0 0 0 5 0 1 0
0 0 0 5 0 0 0 5 0 0 0
5 5 5 5 5 5 5 5 5 5 5
0 0 0 5 0 0 0 5 1 0 0
0 1 0 5 0 0 0 5 0 0 1
0 0 0 5 0 0 0 5 0 0 0
Output:
0 0 0 5 0 0 0 5 0 0 0
0 0 0 5 0 0 0 5 0 0 0
0 0 0 5 0 0 0 5 0 0 0
5 5 5 5 5 5 5 5 5 5 5
0 0 0 5 0 0 0 5 0 0 0
0 0 0 5 0 0 0 5 0 0 0
0 0 0 5 0 0 0 5 0 0 0
5 5 5 5 5 5 5 5 5 5 5
0 0 0 5 0 0 0 5 1 1 1
0 0 0 5 0 0 0 5 1 1 1
0 0 0 5 0 0 0 5 1 1 1

Example 1:

Input:
0 0 0 5 0 2 0 5 2 0 0
2 0 0 5 0 0 0 5 0 0 2
0 0 0 5 0 0 0 5 0 0 0
5 5 5 5 5 5 5 5 5 5 5
2 0 0 5 0 0 0 5 0 0 0
2 0 0 5 0 0 2 5 0 0 0
0 0 0 5 0 0 0 5 0 2 0
5 5 5 5 5 5 5 5 5 5 5
0 0 0 5 0 0 0 5 0 0 0
2 0 0 5 0 0 2 5 0 0 2
0 0 0 5 0 0 0 5 0 0 0
Output:
0 0 0 5 0 0 0 5 2 2 2
0 0 0 5 0 0 0 5 2 2 2
0 0 0 5 0 0 0 5 2 2 2
5 5 5 5 5 5 5 5 5 5 5
2 2 2 5 0 0 0 5 0 0 0
2 2 2 5 0 0 0 5 0 0 0
2 2 2 5 0 0 0 5 0 0 0
5 5 5 5 5 5 5 5 5 5 5
0 0 0 5 0 0 0 5 0 0 0
0 0 0 5 0 0 0 5 0 0 0
0 0 0 5 0 0 0 5 0 0 0

Example 1:

Input:
3 3 0 5 0 0 0 5 0 0 0
0 0 0 5 0 0 0 5 0 3 0
0 0 0 5 0 0 0 5 0 0 0
5 5 5 5 5 5 5 5 5 5 5
0 0 0 5 0 0 0 5 0 0 0
0 3 0 5 0 3 0 5 0 0 0
0 0 0 5 3 0 0 5 0 0 0
5 5 5 5 5 5 5 5 5 5 5
0 0 0 5 0 0 0 5 0 0 0
0 3 0 5 3 0 0 5 3 3 0
0 0 0 5 0 0 0 5 0 0 3
Output:
0 0 0 5 0 0 0 5 0 0 0
0 0 0 5 0 0 0 5 0 0 0
0 0 0 5 0 0 0 5 0 0 0
5 5 5 5 5 5 5 5 5 5 5
0 0 0 5 0 0 0 5 0 0 0
0 0 0 5 0 0 0 5 0 0 0
0 0 0 5 0 0 0 5 0 0 0
5 5 5 5 5 5 5 5 5 5 5
0 0 0 5 0 0 0 5 3 3 3
0 0 0 5 0 0 0 5 3 3 3
0 0 0 5 0 0 0 5 3 3 3

Example 1:

Input:
4 4 0 5 0 0 0 5 0 0 0
0 4 0 5 0 0 4 5 4 4 0
4 0 0 5 0 0 0 5 0 4 0
5 5 5 5 5 5 5 5 5 5 5
0 0 0 5 0 0 0 5 0 4 0
4 0 0 5 0 4 0 5 4 0 4
0 0 0 5 0 0 0 5 0 0 0
5 5 5 5 5 5 5 5 5 5 5
0 0 0 5 0 4 0 5 0 0 4
4 0 0 5 0 0 4 5 0 4 0
0 0 0 5 4 4 0 5 0 0 0
Output:
4 4 4 5 0 0 0 5 0 0 0
4 4 4 5 0 0 0 5 0 0 0
4 4 4 5 0 0 0 5 0 0 0
5 5 5 5 5 5 5 5 5 5 5
0 0 0 5 0 0 0 5 0 0 0
0 0 0 5 0 0 0 5 0 0 0
0 0 0 5 0 0 0 5 0 0 0
5 5 5 5 5 5 5 5 5 5 5
0 0 0 5 4 4 4 5 0 0 0
0 0 0 5 4 4 4 5 0 0 0
0 0 0 5 4 4 4 5 0 0 0

Example 1:

Input:
0 0 8 5 8 0 0 5 0 0 0
0 0 0 5 0 0 8 5 8 0 0
0 8 0 5 0 0 0 5 0 0 0
5 5 5 5 5 5 5 5 5 5 5
0 0 0 5 0 0 0 5 0 0 0
0 0 0 5 0 0 0 5 0 0 0
0 0 0 5 8 0 0 5 0 0 0
5 5 5 5 5 5 5 5 5 5 5
0 0 0 5 0 0 0 5 0 0 0
0 0 0 5 0 0 0 5 0 0 0
0 0 0 5 0 0 0 5 0 0 0
Output:
8 8 8 5 8 8 8 5 0 0 0
8 8 8 5 8 8 8 5 0 0 0
8 8 8 5 8 8 8 5 0 0 0
5 5 5 5 5 5 5 5 5 5 5
0 0 0 5 0 0 0 5 0 0 0
0 0 0 5 0 0 0 5 0 0 0
0 0 0 5 0 0 0 5 0 0 0
5 5 5 5 5 5 5 5 5 5 5
0 0 0 5 0 0 0 5 0 0 0
0 0 0 5 0 0 0 5 0 0 0
0 0 0 5 0 0 0 5 0 0 0

Example 1:

Input:
0 0 0 5 0 9 0 5 0 0 0
0 0 0 5 9 0 0 5 0 0 0
0 0 9 5 0 0 0 5 9 0 9
5 5 5 5 5 5 5 5 5 5 5
0 0 0 5 0 0 0 5 0 0 0
0 0 0 5 9 0 0 5 0 0 0
0 9 9 5 0 9 0 5 0 0 0
5 5 5 5 5 5 5 5 5 5 5
0 9 0 5 0 9 0 5 9 0 0
0 0 0 5 0 0 0 5 0 0 0
0 0 9 5 0 0 0 5 0 0 0
Output:
0 0 0 5 9 9 9 5 9 9 9
0 0 0 5 9 9 9 5 9 9 9
0 0 0 5 9 9 9 5 9 9 9
5 5 5 5 5 5 5 5 5 5 5
9 9 9 5 9 9 9 5 0 0 0
9 9 9 5 9 9 9 5 0 0 0
9 9 9 5 9 9 9 5 0 0 0
5 5 5 5 5 5 5 5 5 5 5
9 9 9 5 0 0 0 5 0 0 0
9 9 9 5 0 0 0 5 0 0 0
9 9 9 5 0 0 0 5 0 0 0

Example 1:

Input:
0 6 0 5 0 0 0 5 0 0 0
0 0 0 5 0 0 0 5 0 0 6
0 0 0 5 0 0 0 5 6 0 0
5 5 5 5 5 5 5 5 5 5 5
0 0 6 5 0 0 0 5 0 0 6
0 0 0 5 0 0 0 5 0 0 0
6 0 0 5 0 0 0 5 0 0 0
5 5 5 5 5 5 5 5 5 5 5
0 0 0 5 0 6 0 5 0 6 0
0 6 0 5 0 0 6 5 0 0 0
0 0 0 5 0 0 0 5 0 0 0
Output:
0 0 0 5 0 0 0 5 6 6 6
0 0 0 5 0 0 0 5 6 6 6
0 0 0 5 0 0 0 5 6 6 6
5 5 5 5 5 5 5 5 5 5 5
6 6 6 5 0 0 0 5 0 0 0
6 6 6 5 0 0 0 5 0 0 0
6 6 6 5 0 0 0 5 0 0 0
5 5 5 5 5 5 5 5 5 5 5
0 0 0 5 6 6 6 5 0 0 0
0 0 0 5 6 6 6 5 0 0 0
0 0 0 5 6 6 6 5 0 0 0

Example 1:

Input:
6 0 0 5 0 0 0 5 6 0 0
0 0 0 5 0 6 6 5 0 0 0
0 0 0 5 0 0 0 5 0 0 0
5 5 5 5 5 5 5 5 5 5 5
0 0 0 5 6 0 0 5 6 0 0
0 6 0 5 0 6 6 5 0 6 0
0 0 0 5 6 0 0 5 6 0 6
5 5 5 5 5 5 5 5 5 5 5
6 0 0 5 0 0 0 5 0 0 6
0 0 0 5 0 0 0 5 0 0 0
0 0 0 5 0 0 0 5 0 6 0
Output:
0 0 0 5 0 0 0 5 0 0 0
0 0 0 5 0 0 0 5 0 0 0
0 0 0 5 0 0 0 5 0 0 0
5 5 5 5 5 5 5 5 5 5 5
0 0 0 5 6 6 6 5 6 6 6
0 0 0 5 6 6 6 5 6 6 6
0 0 0 5 6 6 6 5 6 6 6
5 5 5 5 5 5 5 5 5 5 5
0 0 0 5 0 0 0 5 0 0 0
0 0 0 5 0 0 0 5 0 0 0
0 0 0 5 0 0 0 5 0 0 0


Write the **short** Python code in code golf manners that performs the transformation according to the rule in following format: `def p(g): ...`. Note that input and output are passed by 2D arrays.