Find the common rule that maps an input grid to an output grid, given the examples below.

Example 1:

Input:
0 0 1 0 0 0 0 0 0 0
0 0 0 0 0 0 1 0 0 0
0 2 0 0 0 0 0 0 0 2
0 0 0 0 0 0 0 0 0 0
0 0 0 0 0 0 0 0 0 0
5 5 5 5 5 5 5 5 5 5
0 0 0 0 0 0 0 0 0 0
0 0 0 0 0 0 0 0 0 0
0 1 0 0 0 2 0 0 1 0
0 0 0 0 0 0 0 0 0 0
Output:
0 0 1 0 0 0 1 0 0 0
0 0 0 0 0 0 1 0 0 0
0 2 0 0 0 0 0 0 0 2
0 2 0 0 0 0 0 0 0 2
0 2 0 0 0 0 0 0 0 2
5 5 5 5 5 5 5 5 5 5
0 0 0 0 0 2 0 0 0 0
0 0 0 0 0 2 0 0 0 0
0 1 0 0 0 2 0 0 1 0
0 1 0 0 0 0 0 0 1 0

Example 1:

Input:
0 2 0 1 0 0 0 0 0 0
0 0 0 0 0 2 0 1 0 0
0 0 0 0 0 0 0 0 0 0
5 5 5 5 5 5 5 5 5 5
0 0 0 0 0 0 0 0 0 0
0 2 0 0 0 0 0 0 0 2
0 0 0 0 1 0 0 0 0 0
0 0 0 0 0 0 0 0 0 0
0 0 1 0 0 0 2 0 1 0
0 0 0 0 0 0 0 0 0 0
Output:
0 2 0 1 0 0 0 1 0 0
0 2 0 0 0 2 0 1 0 0
0 2 0 0 0 2 0 0 0 0
5 5 5 5 5 5 5 5 5 5
0 2 0 0 0 0 2 0 0 2
0 2 0 0 0 0 2 0 0 2
0 0 0 0 1 0 2 0 0 0
0 0 0 0 1 0 2 0 0 0
0 0 1 0 1 0 2 0 1 0
0 0 1 0 1 0 0 0 1 0

Example 1:

Input:
0 0 0 0 0 0 0 0 0 0
0 2 0 1 0 0 0 0 2 0
0 0 0 0 0 0 1 0 0 0
0 0 0 0 0 0 0 0 0 0
5 5 5 5 5 5 5 5 5 5
0 0 0 0 0 0 0 0 0 0
0 0 0 0 0 0 0 0 0 0
0 0 1 0 0 2 0 0 0 0
2 0 0 0 0 0 0 0 0 0
0 0 0 0 0 0 0 0 1 0
Output:
0 0 0 1 0 0 1 0 0 0
0 2 0 1 0 0 1 0 2 0
0 2 0 0 0 0 1 0 2 0
0 2 0 0 0 0 0 0 2 0
5 5 5 5 5 5 5 5 5 5
2 0 0 0 0 2 0 0 0 0
2 0 0 0 0 2 0 0 0 0
2 0 1 0 0 2 0 0 0 0
2 0 1 0 0 0 0 0 0 0
0 0 1 0 0 0 0 0 1 0

Example 1:

Input:
1 0 0 0 0 0 0 0 0 0
0 0 1 0 0 1 0 0 0 0
0 0 0 0 0 0 0 0 0 0
5 5 5 5 5 5 5 5 5 5
0 0 0 0 0 0 0 0 0 0
1 1 0 0 0 0 0 0 0 0
0 0 0 0 0 0 0 0 0 0
0 0 0 0 0 0 0 0 0 0
0 0 0 0 0 0 0 0 1 0
0 0 0 0 0 0 0 0 0 1
Output:
1 0 1 0 0 1 0 0 0 0
0 0 1 0 0 1 0 0 0 0
0 0 0 0 0 0 0 0 0 0
5 5 5 5 5 5 5 5 5 5
0 0 0 0 0 0 0 0 0 0
1 1 0 0 0 0 0 0 0 0
1 1 0 0 0 0 0 0 0 0
1 1 0 0 0 0 0 0 0 0
1 1 0 0 0 0 0 0 1 0
1 1 0 0 0 0 0 0 1 1

Example 1:

Input:
2 0 0 1 0 0 0 2 2 0
0 0 2 0 0 0 0 0 0 1
0 0 0 0 0 0 0 0 0 0
5 5 5 5 5 5 5 5 5 5
0 0 0 0 0 0 0 0 0 0
0 0 0 0 0 2 0 0 1 0
0 0 0 0 0 0 0 2 0 0
0 2 2 0 0 0 2 0 0 1
0 0 0 0 0 0 0 0 0 0
0 0 0 2 0 0 0 0 0 0
Output:
2 0 0 1 0 0 0 2 2 1
2 0 2 0 0 0 0 2 2 1
2 0 2 0 0 0 0 2 2 0
5 5 5 5 5 5 5 5 5 5
0 2 2 2 0 2 2 2 0 0
0 2 2 2 0 2 2 2 1 0
0 2 2 2 0 0 2 2 1 0
0 2 2 2 0 0 2 0 1 1
0 0 0 2 0 0 0 0 1 1
0 0 0 2 0 0 0 0 1 1

Example 1:

Input:
1 0 0 0 1 2 0 0 0 0
0 0 1 0 0 0 2 0 2 0
0 0 0 0 0 0 0 0 0 0
5 5 5 5 5 5 5 5 5 5
0 0 0 0 0 0 0 0 0 0
0 0 0 0 0 0 0 0 0 0
0 0 0 0 0 0 0 1 0 0
1 0 0 0 2 0 0 0 1 0
0 0 0 0 0 0 2 0 0 0
0 2 0 0 0 0 0 0 0 2
Output:
1 0 1 0 1 2 0 0 0 0
0 0 1 0 0 2 2 0 2 0
0 0 0 0 0 2 2 0 2 0
5 5 5 5 5 5 5 5 5 5
0 2 0 0 2 0 2 0 0 2
0 2 0 0 2 0 2 0 0 2
0 2 0 0 2 0 2 1 0 2
1 2 0 0 2 0 2 1 1 2
1 2 0 0 0 0 2 1 1 2
1 2 0 0 0 0 0 1 1 2

Example 1:

Input:
0 0 0 0 0 0 0 0 0 0
0 0 0 1 0 0 0 0 0 0
0 0 2 0 0 0 2 0 0 0
0 0 0 0 0 0 0 0 0 0
0 0 0 0 0 0 0 0 0 0
5 5 5 5 5 5 5 5 5 5
0 0 0 0 0 0 0 0 0 0
0 0 0 0 0 0 0 1 2 0
0 0 1 0 0 0 0 0 0 1
0 0 0 0 1 0 2 0 0 0
Output:
0 0 0 1 0 0 0 0 0 0
0 0 0 1 0 0 0 0 0 0
0 0 2 0 0 0 2 0 0 0
0 0 2 0 0 0 2 0 0 0
0 0 2 0 0 0 2 0 0 0
5 5 5 5 5 5 5 5 5 5
0 0 0 0 0 0 2 0 2 0
0 0 0 0 0 0 2 1 2 0
0 0 1 0 0 0 2 1 0 1
0 0 1 0 1 0 2 1 0 1

Example 1:

Input:
0 0 0 0 0 0 0 0 2 0
1 0 0 0 0 0 0 0 0 0
0 0 0 0 1 0 0 0 0 0
0 0 0 0 0 2 2 0 0 0
0 0 1 0 0 0 0 0 0 0
0 0 0 0 0 0 0 0 0 0
5 5 5 5 5 5 5 5 5 5
0 0 0 0 0 0 0 0 0 0
2 0 0 0 0 0 0 0 0 0
0 0 0 0 0 0 2 2 0 0
Output:
1 0 1 0 1 0 0 0 2 0
1 0 1 0 1 0 0 0 2 0
0 0 1 0 1 0 0 0 2 0
0 0 1 0 0 2 2 0 2 0
0 0 1 0 0 2 2 0 2 0
0 0 0 0 0 2 2 0 2 0
5 5 5 5 5 5 5 5 5 5
2 0 0 0 0 0 2 2 0 0
2 0 0 0 0 0 2 2 0 0
0 0 0 0 0 0 2 2 0 0


Write the **short** Python code in code golf manners that performs the transformation according to the rule in following format: `def p(g): ...`. Note that input and output are passed by 2D arrays.