Find the common rule that maps an input grid to an output grid, given the examples below.

Example 1:

Input:
0 0 0 0 0 0 0 0 0
0 8 0 0 0 8 0 0 8
0 5 0 0 0 5 0 0 0
0 5 0 8 0 5 0 8 0
0 5 0 0 0 5 0 0 0
0 8 0 0 0 8 0 0 0
0 0 0 0 0 0 0 0 0
0 0 0 8 0 0 0 8 0
0 8 0 0 0 0 0 0 0
Output:
8 0 0 0 8
5 0 0 0 5
5 0 8 0 5
5 0 0 0 5
8 0 0 0 8

Example 1:

Input:
0 8 0 0 0 0 0 0 0 0 0
0 0 8 0 0 0 8 0 0 0 8
0 0 0 0 0 0 0 0 0 8 8
0 0 8 0 0 0 0 0 8 0 0
8 0 5 0 0 0 0 0 5 0 0
0 0 5 0 0 8 8 0 5 0 0
0 0 5 0 0 0 0 0 5 0 0
0 0 8 0 8 0 0 0 8 0 0
0 8 0 0 0 0 0 0 8 8 0
Output:
8 0 0 0 0 0 8
5 0 0 0 0 0 5
5 0 0 8 8 0 5
5 0 0 0 0 0 5
8 0 8 0 0 0 8

Example 1:

Input:
0 0 0 0 0 0 0 0 0 8 8 0 0
0 0 0 0 0 0 0 0 0 0 0 0 0
0 0 0 8 0 0 0 8 0 0 0 0 0
0 0 0 5 0 0 0 5 0 8 0 0 0
0 0 8 5 0 8 0 5 0 0 0 0 0
0 0 0 5 0 0 0 5 8 0 0 0 0
0 0 8 5 0 8 0 5 0 0 0 0 0
0 0 0 8 0 0 0 8 0 0 8 0 0
0 0 0 0 0 0 0 0 0 0 8 0 0
0 0 8 8 0 0 0 8 0 0 0 0 0
0 0 0 0 0 0 0 0 8 0 0 0 0
Output:
8 0 0 0 8
5 0 0 0 5
5 0 8 0 5
5 0 0 0 5
5 0 8 0 5
8 0 0 0 8

Example 1:

Input:
8 0 0 0 0 0 0 0 0 0 0 0 0
0 0 0 0 0 0 0 0 0 0 0 0 0
0 0 0 0 0 0 0 0 8 0 0 0 0
8 0 0 8 0 0 0 0 0 0 0 0 0
5 8 0 5 0 0 0 0 0 0 0 0 8
5 0 0 5 0 0 0 0 0 0 0 0 0
5 0 0 5 0 0 0 0 0 0 0 0 0
5 0 0 5 0 0 8 0 0 8 0 0 0
5 0 8 5 8 0 0 0 0 0 0 0 8
5 0 0 5 0 8 0 0 0 0 0 0 0
5 8 0 5 0 0 0 0 0 0 8 0 8
5 0 0 5 0 0 0 8 0 0 0 0 0
8 0 0 8 0 0 0 0 0 0 0 0 0
0 0 0 0 0 0 0 0 0 0 0 0 8
Output:
8 0 0 8
5 8 0 5
5 0 0 5
5 0 0 5
5 0 0 5
5 0 8 5
5 0 0 5
5 8 0 5
5 0 0 5
8 0 0 8

Example 1:

Input:
0 0 0 8 0 0 0 0 0 0 0 0 8
0 0 0 0 0 8 0 8 0 0 0 0 0
8 0 0 0 0 0 8 0 0 0 0 0 0
0 0 8 0 0 0 0 0 0 0 0 0 0
0 0 0 0 0 0 8 0 8 0 0 8 0
0 0 0 0 0 0 5 0 5 0 0 0 0
0 0 0 0 0 0 8 0 8 0 0 0 0
0 0 0 0 0 0 0 0 0 0 0 8 0
0 0 8 0 0 0 0 0 0 0 0 0 0
Output:
8 0 8
5 0 5
8 0 8

Example 1:

Input:
0 0 0 0 0 0 0 0 0
8 0 0 0 0 8 8 0 0
5 0 0 8 0 0 5 0 0
5 0 0 0 0 0 5 0 0
5 0 0 0 0 0 5 0 0
5 0 0 0 0 0 5 0 0
5 0 0 0 0 0 5 0 0
5 0 8 0 0 0 5 0 0
5 0 0 0 0 0 5 0 0
5 0 0 0 0 0 5 0 0
8 0 0 0 8 8 8 0 0
Output:
8 0 0 0 0 8 8
5 0 0 8 0 0 5
5 0 0 0 0 0 5
5 0 0 0 0 0 5
5 0 0 0 0 0 5
5 0 0 0 0 0 5
5 0 8 0 0 0 5
5 0 0 0 0 0 5
5 0 0 0 0 0 5
8 0 0 0 8 8 8

Example 1:

Input:
0 8 0 0 0 0 0 0 0
0 0 0 0 0 0 0 0 0
0 0 0 0 0 0 0 0 0
0 0 0 0 0 8 0 0 8
8 0 0 0 0 5 0 0 5
0 0 0 0 0 5 0 0 5
0 0 0 0 0 5 8 0 5
0 0 0 0 8 5 0 0 5
0 0 8 0 8 5 0 0 5
0 0 0 0 0 8 0 0 8
0 0 0 0 8 0 0 0 0
0 0 0 0 0 0 0 0 0
Output:
8 0 0 8
5 0 0 5
5 0 0 5
5 8 0 5
5 0 0 5
5 0 0 5
8 0 0 8

Example 1:

Input:
0 8 0 8 0 0 8 0 0 0 8
0 0 8 5 0 0 0 8 0 0 5
8 0 0 5 0 0 0 0 0 0 5
0 0 0 5 0 0 0 0 0 0 5
0 0 0 5 8 0 0 0 0 0 5
0 0 0 5 0 0 0 0 8 0 5
0 0 0 5 0 0 0 0 0 0 5
0 0 0 5 0 8 0 0 0 0 5
0 8 0 5 0 0 0 8 8 0 5
0 0 0 5 0 0 0 0 0 0 5
0 0 0 5 8 8 0 0 0 0 5
0 0 0 8 0 0 0 8 8 0 8
0 8 0 0 0 0 0 0 0 8 8
0 0 0 0 0 0 8 0 0 0 0
0 8 0 0 0 0 0 0 0 0 0
Output:
8 0 0 8 0 0 0 8
5 0 0 0 8 0 0 5
5 0 0 0 0 0 0 5
5 0 0 0 0 0 0 5
5 8 0 0 0 0 0 5
5 0 0 0 0 8 0 5
5 0 0 0 0 0 0 5
5 0 8 0 0 0 0 5
5 0 0 0 8 8 0 5
5 0 0 0 0 0 0 5
5 8 8 0 0 0 0 5
8 0 0 0 8 8 0 8


Write the **short** Python code in code golf manners that performs the transformation according to the rule in following format: `def p(g): ...`. Note that input and output are passed by 2D arrays. Use `val_` as a prefix for all variables except `_`. Avoid line breaks as much as possible.
