Find the common rule that maps an input grid to an output grid, given the examples below.

Example 1:

Input:
0 0 0 0 0 0 0 0 0 0 0 0 0 0 0 0 0 3 3 0 0
0 0 0 0 0 0 0 0 0 0 0 0 0 0 0 0 0 0 3 0 0
0 0 0 0 0 0 0 0 0 0 0 0 0 0 0 0 0 0 3 0 0
0 0 0 3 0 0 3 0 0 0 0 0 0 0 0 0 0 0 0 0 0
0 0 0 3 3 3 3 0 0 0 0 0 3 3 3 0 0 0 0 0 0
0 0 0 3 0 0 0 0 0 0 0 0 3 0 0 0 0 0 0 0 0
0 0 0 0 0 0 0 0 0 0 0 0 3 0 0 0 0 0 0 0 0
0 0 0 0 0 0 0 0 0 0 0 0 3 3 3 0 0 0 0 0 0
0 0 0 0 0 0 0 0 0 0 0 0 0 0 0 0 0 0 0 0 0
0 3 3 0 0 0 0 0 0 0 0 0 0 0 0 0 0 0 0 0 0
0 3 0 0 0 0 0 0 0 0 0 0 0 0 0 0 3 3 0 0 0
0 3 0 0 0 0 0 0 0 0 0 0 0 0 0 0 0 3 0 0 0
0 3 0 0 0 0 0 0 0 0 0 0 0 0 0 0 3 3 0 0 0
3 3 3 3 0 0 3 3 3 3 3 0 0 0 0 0 0 0 0 0 0
0 0 0 0 0 0 3 0 0 0 0 0 0 0 0 0 0 0 0 0 0
0 0 0 0 0 0 3 0 0 0 0 0 0 0 0 3 3 3 0 0 0
0 0 0 0 0 0 0 0 0 0 0 0 0 0 0 3 0 3 0 0 0
0 0 3 0 0 0 0 0 0 0 0 0 0 0 0 3 0 3 0 0 0
0 3 3 0 0 0 0 0 0 0 0 0 0 0 0 0 0 3 0 0 0
Output:
0 0 0 0 0 0 0 0 0 0 0 0 0 0 0 0 0 1 1 0 0
0 0 0 0 0 0 0 0 0 0 0 0 0 0 0 0 0 0 1 0 0
0 0 0 0 0 0 0 0 0 0 0 0 0 0 0 0 0 0 1 0 0
0 0 0 2 0 0 2 0 0 0 0 0 0 0 0 0 0 0 0 0 0
0 0 0 2 2 2 2 0 0 0 0 0 6 6 6 0 0 0 0 0 0
0 0 0 2 0 0 0 0 0 0 0 0 6 0 0 0 0 0 0 0 0
0 0 0 0 0 0 0 0 0 0 0 0 6 0 0 0 0 0 0 0 0
0 0 0 0 0 0 0 0 0 0 0 0 6 6 6 0 0 0 0 0 0
0 0 0 0 0 0 0 0 0 0 0 0 0 0 0 0 0 0 0 0 0
0 2 2 0 0 0 0 0 0 0 0 0 0 0 0 0 0 0 0 0 0
0 2 0 0 0 0 0 0 0 0 0 0 0 0 0 0 6 6 0 0 0
0 2 0 0 0 0 0 0 0 0 0 0 0 0 0 0 0 6 0 0 0
0 2 0 0 0 0 0 0 0 0 0 0 0 0 0 0 6 6 0 0 0
2 2 2 2 0 0 1 1 1 1 1 0 0 0 0 0 0 0 0 0 0
0 0 0 0 0 0 1 0 0 0 0 0 0 0 0 0 0 0 0 0 0
0 0 0 0 0 0 1 0 0 0 0 0 0 0 0 6 6 6 0 0 0
0 0 0 0 0 0 0 0 0 0 0 0 0 0 0 6 0 6 0 0 0
0 0 1 0 0 0 0 0 0 0 0 0 0 0 0 6 0 6 0 0 0
0 1 1 0 0 0 0 0 0 0 0 0 0 0 0 0 0 6 0 0 0

Example 1:

Input:
3 3 3 0 0 0 0 0 0 0 0
0 0 3 0 0 0 3 3 3 3 0
0 0 3 0 0 0 3 0 0 3 0
0 0 0 0 0 0 3 0 0 3 0
0 0 0 0 0 0 3 0 0 3 0
0 0 0 0 0 0 0 0 0 0 0
3 3 3 3 3 0 0 0 0 0 0
0 0 3 0 0 0 0 0 0 0 0
0 0 3 0 0 0 0 0 0 0 0
0 0 3 3 3 0 0 0 0 0 0
Output:
1 1 1 0 0 0 0 0 0 0 0
0 0 1 0 0 0 6 6 6 6 0
0 0 1 0 0 0 6 0 0 6 0
0 0 0 0 0 0 6 0 0 6 0
0 0 0 0 0 0 6 0 0 6 0
0 0 0 0 0 0 0 0 0 0 0
2 2 2 2 2 0 0 0 0 0 0
0 0 2 0 0 0 0 0 0 0 0
0 0 2 0 0 0 0 0 0 0 0
0 0 2 2 2 0 0 0 0 0 0

Example 1:

Input:
0 0 0 0 0 0 0 0 0 0 0 0
0 3 0 0 0 0 0 0 0 3 0 0
0 3 0 0 0 0 0 0 0 3 3 3
0 3 0 0 0 3 0 0 0 0 0 0
0 3 3 3 3 3 0 0 0 0 0 0
0 0 0 0 0 0 0 0 0 0 0 0
0 0 0 0 0 0 0 0 0 0 0 0
0 0 0 0 0 0 0 3 0 0 0 0
0 0 0 0 0 3 3 3 0 0 0 0
0 0 0 0 0 3 0 3 0 0 0 0
0 0 0 0 0 3 0 3 0 0 0 0
3 3 3 0 0 0 0 0 0 0 0 0
0 0 3 0 0 0 0 0 0 3 0 3
0 0 0 0 0 0 0 0 0 3 3 3
Output:
0 0 0 0 0 0 0 0 0 0 0 0
0 6 0 0 0 0 0 0 0 1 0 0
0 6 0 0 0 0 0 0 0 1 1 1
0 6 0 0 0 6 0 0 0 0 0 0
0 6 6 6 6 6 0 0 0 0 0 0
0 0 0 0 0 0 0 0 0 0 0 0
0 0 0 0 0 0 0 0 0 0 0 0
0 0 0 0 0 0 0 2 0 0 0 0
0 0 0 0 0 2 2 2 0 0 0 0
0 0 0 0 0 2 0 2 0 0 0 0
0 0 0 0 0 2 0 2 0 0 0 0
1 1 1 0 0 0 0 0 0 0 0 0
0 0 1 0 0 0 0 0 0 6 0 6
0 0 0 0 0 0 0 0 0 6 6 6

Example 1:

Input:
0 3 0 3 0 0 0 0 0 0 0 0 3 0 0 0
0 3 0 3 0 0 0 0 0 0 0 0 3 0 0 0
0 3 3 3 0 0 0 0 0 0 0 0 3 3 3 0
0 0 0 0 0 0 0 0 0 0 0 0 3 0 3 0
0 0 0 0 0 0 3 3 0 0 0 0 0 0 3 0
0 0 0 0 0 0 3 0 0 0 0 0 0 0 0 0
0 0 0 3 3 3 3 3 0 0 3 3 3 0 0 0
0 0 0 0 0 0 0 0 0 0 0 0 3 0 0 0
0 0 0 0 0 0 0 0 0 3 3 3 3 0 0 0
0 0 0 0 0 0 0 0 0 0 0 0 0 0 0 0
0 0 0 0 0 0 0 0 0 0 0 3 0 0 0 0
0 3 3 3 3 3 3 0 0 0 0 3 0 0 0 0
0 0 0 0 0 0 3 0 0 0 0 3 3 3 0 0
0 0 0 0 0 0 3 0 0 0 0 0 0 0 0 0
Output:
0 6 0 6 0 0 0 0 0 0 0 0 2 0 0 0
0 6 0 6 0 0 0 0 0 0 0 0 2 0 0 0
0 6 6 6 0 0 0 0 0 0 0 0 2 2 2 0
0 0 0 0 0 0 0 0 0 0 0 0 2 0 2 0
0 0 0 0 0 0 2 2 0 0 0 0 0 0 2 0
0 0 0 0 0 0 2 0 0 0 0 0 0 0 0 0
0 0 0 2 2 2 2 2 0 0 6 6 6 0 0 0
0 0 0 0 0 0 0 0 0 0 0 0 6 0 0 0
0 0 0 0 0 0 0 0 0 6 6 6 6 0 0 0
0 0 0 0 0 0 0 0 0 0 0 0 0 0 0 0
0 0 0 0 0 0 0 0 0 0 0 1 0 0 0 0
0 1 1 1 1 1 1 0 0 0 0 1 0 0 0 0
0 0 0 0 0 0 1 0 0 0 0 1 1 1 0 0
0 0 0 0 0 0 1 0 0 0 0 0 0 0 0 0

Example 1:

Input:
0 0 0 0 0 0 0 0 0 0 3 3 3 3 3 0
0 0 0 0 0 0 0 0 0 0 3 0 0 0 3 0
0 0 0 0 0 0 3 0 0 0 3 0 0 0 3 0
0 0 0 0 0 0 3 0 0 0 3 0 0 0 3 0
0 0 3 0 0 0 3 0 0 0 0 0 0 0 0 0
0 0 3 0 0 0 3 3 3 0 0 0 0 0 0 0
0 0 3 0 0 0 0 0 0 0 0 0 0 0 0 0
3 3 3 0 0 0 0 0 0 0 0 0 0 0 0 0
0 0 0 0 0 0 0 0 0 0 0 0 0 0 0 0
0 0 0 0 0 0 0 0 0 0 0 0 0 0 0 0
0 0 3 0 0 3 0 0 0 0 0 0 0 0 0 0
3 3 3 0 0 3 0 0 0 0 0 3 3 3 0 0
3 0 3 0 0 3 3 3 3 3 0 0 0 3 0 0
0 0 0 0 0 0 0 0 0 0 0 3 3 3 0 0
0 0 0 0 0 3 3 3 3 3 0 0 0 0 0 0
0 0 0 0 0 3 0 0 0 0 0 0 0 0 0 0
0 0 0 0 0 3 0 0 0 0 0 0 0 0 0 0
0 0 0 0 0 0 0 0 0 0 0 0 0 0 0 0
Output:
0 0 0 0 0 0 0 0 0 0 6 6 6 6 6 0
0 0 0 0 0 0 0 0 0 0 6 0 0 0 6 0
0 0 0 0 0 0 1 0 0 0 6 0 0 0 6 0
0 0 0 0 0 0 1 0 0 0 6 0 0 0 6 0
0 0 1 0 0 0 1 0 0 0 0 0 0 0 0 0
0 0 1 0 0 0 1 1 1 0 0 0 0 0 0 0
0 0 1 0 0 0 0 0 0 0 0 0 0 0 0 0
1 1 1 0 0 0 0 0 0 0 0 0 0 0 0 0
0 0 0 0 0 0 0 0 0 0 0 0 0 0 0 0
0 0 0 0 0 0 0 0 0 0 0 0 0 0 0 0
0 0 2 0 0 1 0 0 0 0 0 0 0 0 0 0
2 2 2 0 0 1 0 0 0 0 0 6 6 6 0 0
2 0 2 0 0 1 1 1 1 1 0 0 0 6 0 0
0 0 0 0 0 0 0 0 0 0 0 6 6 6 0 0
0 0 0 0 0 1 1 1 1 1 0 0 0 0 0 0
0 0 0 0 0 1 0 0 0 0 0 0 0 0 0 0
0 0 0 0 0 1 0 0 0 0 0 0 0 0 0 0
0 0 0 0 0 0 0 0 0 0 0 0 0 0 0 0

Example 1:

Input:
0 0 0 3 3 3 0 0 0 0 0
0 0 0 3 0 3 0 0 0 0 3
0 0 0 3 0 3 0 0 0 0 3
0 0 0 0 0 0 0 0 0 0 3
0 0 0 0 0 0 0 3 3 3 3
3 0 0 3 0 0 0 0 0 0 0
3 3 3 3 0 0 3 0 0 0 3
0 0 0 3 0 0 3 3 3 3 3
0 0 0 3 0 0 3 0 0 0 0
0 0 0 0 0 0 3 0 0 0 0
0 0 0 0 0 0 0 0 0 0 0
Output:
0 0 0 6 6 6 0 0 0 0 0
0 0 0 6 0 6 0 0 0 0 1
0 0 0 6 0 6 0 0 0 0 1
0 0 0 0 0 0 0 0 0 0 1
0 0 0 0 0 0 0 1 1 1 1
2 0 0 2 0 0 0 0 0 0 0
2 2 2 2 0 0 2 0 0 0 2
0 0 0 2 0 0 2 2 2 2 2
0 0 0 2 0 0 2 0 0 0 0
0 0 0 0 0 0 2 0 0 0 0
0 0 0 0 0 0 0 0 0 0 0

Example 1:

Input:
0 0 0 0 0 0 0 0 3 3 3 0
0 0 0 0 0 0 0 0 0 0 3 0
0 0 0 0 0 0 3 0 0 0 3 0
0 0 0 0 0 0 3 0 0 0 0 0
0 0 3 3 3 3 3 0 0 0 0 0
0 0 0 0 0 0 0 0 0 0 0 0
0 0 0 0 0 3 3 3 0 0 0 0
0 3 0 0 0 0 0 3 0 3 0 0
0 3 0 0 0 0 0 3 0 3 0 0
0 3 0 0 0 0 0 0 0 3 0 0
0 3 3 3 0 0 0 0 0 3 3 3
Output:
0 0 0 0 0 0 0 0 1 1 1 0
0 0 0 0 0 0 0 0 0 0 1 0
0 0 0 0 0 0 1 0 0 0 1 0
0 0 0 0 0 0 1 0 0 0 0 0
0 0 1 1 1 1 1 0 0 0 0 0
0 0 0 0 0 0 0 0 0 0 0 0
0 0 0 0 0 1 1 1 0 0 0 0
0 1 0 0 0 0 0 1 0 1 0 0
0 1 0 0 0 0 0 1 0 1 0 0
0 1 0 0 0 0 0 0 0 1 0 0
0 1 1 1 0 0 0 0 0 1 1 1

Example 1:

Input:
0 0 0 0 0 0 0 0 0 0 0 0 0 0
0 3 0 0 0 3 0 0 0 0 0 0 0 0
0 3 0 0 0 3 0 3 0 0 0 3 0 0
0 3 3 3 3 3 0 3 3 3 3 3 0 0
0 0 0 0 0 3 0 0 0 0 0 3 0 0
0 0 0 0 0 3 0 0 0 0 0 3 0 0
0 0 0 0 0 0 0 0 0 0 0 0 0 0
3 3 3 3 0 0 0 0 0 0 3 3 3 0
0 0 0 3 0 0 0 0 0 0 0 0 3 0
3 3 3 3 0 0 0 0 0 0 3 3 3 0
0 0 0 0 0 0 0 0 0 0 0 0 0 0
0 0 0 3 3 3 0 0 0 0 3 3 3 0
0 0 0 0 0 3 0 0 0 0 3 0 0 0
0 0 0 3 3 3 0 0 3 3 3 3 3 0
0 0 0 0 0 0 0 0 0 0 0 0 0 0
Output:
0 0 0 0 0 0 0 0 0 0 0 0 0 0
0 2 0 0 0 2 0 0 0 0 0 0 0 0
0 2 0 0 0 2 0 2 0 0 0 2 0 0
0 2 2 2 2 2 0 2 2 2 2 2 0 0
0 0 0 0 0 2 0 0 0 0 0 2 0 0
0 0 0 0 0 2 0 0 0 0 0 2 0 0
0 0 0 0 0 0 0 0 0 0 0 0 0 0
6 6 6 6 0 0 0 0 0 0 6 6 6 0
0 0 0 6 0 0 0 0 0 0 0 0 6 0
6 6 6 6 0 0 0 0 0 0 6 6 6 0
0 0 0 0 0 0 0 0 0 0 0 0 0 0
0 0 0 6 6 6 0 0 0 0 2 2 2 0
0 0 0 0 0 6 0 0 0 0 2 0 0 0
0 0 0 6 6 6 0 0 2 2 2 2 2 0
0 0 0 0 0 0 0 0 0 0 0 0 0 0


Write Python code that performs the transformation according to the rule in following format: `def p(g): ...`. Note that input and output are passed by 2D arrays.