Find the common rule that maps an input grid to an output grid, given the examples below.

Example 1:

Input:
1 0 0 0 0 0 0 0 0 2
1 0 0 0 0 0 3 0 0 2
1 0 0 0 0 0 0 0 0 2
1 0 0 0 0 0 0 0 0 2
1 0 0 0 3 0 0 0 0 2
1 0 0 0 0 0 0 0 0 2
1 0 3 0 0 0 0 0 0 2
1 0 0 0 0 0 0 0 0 2
1 0 0 0 0 0 0 0 0 2
1 0 0 0 0 0 0 0 0 2
Output:
1 0 0 0 0 0 0 0 0 2
1 0 0 0 0 0 2 0 0 2
1 0 0 0 0 0 0 0 0 2
1 0 0 0 0 0 0 0 0 2
1 0 0 0 1 0 0 0 0 2
1 0 0 0 0 0 0 0 0 2
1 0 1 0 0 0 0 0 0 2
1 0 0 0 0 0 0 0 0 2
1 0 0 0 0 0 0 0 0 2
1 0 0 0 0 0 0 0 0 2

Example 1:

Input:
4 4 4 4 4 4 4 4 4 4
0 0 0 0 0 0 0 0 0 0
0 3 0 0 0 0 0 3 0 0
0 0 0 3 0 0 0 0 0 0
0 0 0 0 0 0 0 0 0 0
0 0 0 0 0 0 0 0 0 0
0 0 0 0 3 0 0 0 0 0
0 0 0 0 0 0 0 0 3 0
0 0 0 0 0 0 0 0 0 0
7 7 7 7 7 7 7 7 7 7
Output:
4 4 4 4 4 4 4 4 4 4
0 0 0 0 0 0 0 0 0 0
0 4 0 0 0 0 0 4 0 0
0 0 0 4 0 0 0 0 0 0
0 0 0 0 0 0 0 0 0 0
0 0 0 0 0 0 0 0 0 0
0 0 0 0 7 0 0 0 0 0
0 0 0 0 0 0 0 0 7 0
0 0 0 0 0 0 0 0 0 0
7 7 7 7 7 7 7 7 7 7

Example 1:

Input:
8 8 8 8 8 8 8 8 8 8
0 0 0 0 0 0 0 0 0 0
0 0 0 0 3 0 0 0 0 0
0 3 0 0 0 0 0 3 0 0
0 0 0 0 0 0 0 0 0 0
0 0 0 0 0 0 0 0 0 0
0 3 0 0 0 0 3 0 0 0
0 0 0 3 0 0 0 0 0 0
0 0 0 0 0 0 0 0 0 0
9 9 9 9 9 9 9 9 9 9
Output:
8 8 8 8 8 8 8 8 8 8
0 0 0 0 0 0 0 0 0 0
0 0 0 0 8 0 0 0 0 0
0 8 0 0 0 0 0 8 0 0
0 0 0 0 0 0 0 0 0 0
0 0 0 0 0 0 0 0 0 0
0 9 0 0 0 0 9 0 0 0
0 0 0 9 0 0 0 0 0 0
0 0 0 0 0 0 0 0 0 0
9 9 9 9 9 9 9 9 9 9

Example 1:

Input:
5 3 0 0 0 0 0 0 0 4
5 0 0 0 0 3 0 0 3 4
5 0 0 0 0 0 0 0 0 4
5 0 0 3 0 0 0 0 0 4
5 0 0 0 0 0 3 0 0 4
5 0 0 3 0 0 0 0 0 4
5 0 0 0 0 0 0 0 0 4
5 0 0 0 3 0 0 0 0 4
5 0 3 0 0 0 3 0 0 4
5 0 0 0 0 0 0 0 0 4
Output:
5 5 0 0 0 0 0 0 0 4
5 0 0 0 0 4 0 0 4 4
5 0 0 0 0 0 0 0 0 4
5 0 0 5 0 0 0 0 0 4
5 0 0 0 0 0 4 0 0 4
5 0 0 5 0 0 0 0 0 4
5 0 0 0 0 0 0 0 0 4
5 0 0 0 5 0 0 0 0 4
5 0 5 0 0 0 4 0 0 4
5 0 0 0 0 0 0 0 0 4

Example 1:

Input:
2 2 2 2 2 2 2 2 2 2
3 3 0 0 0 0 3 0 0 3
0 0 0 0 0 0 0 0 0 0
0 0 0 0 0 0 0 0 0 0
0 0 0 0 0 0 0 0 3 3
0 0 0 0 0 0 0 0 0 0
0 0 0 3 0 0 0 0 0 0
0 0 3 0 0 0 0 0 0 0
0 0 0 0 0 3 0 0 0 0
7 7 7 7 7 7 7 7 7 7
Output:
2 2 2 2 2 2 2 2 2 2
2 2 0 0 0 0 2 0 0 2
0 0 0 0 0 0 0 0 0 0
0 0 0 0 0 0 0 0 0 0
0 0 0 0 0 0 0 0 2 2
0 0 0 0 0 0 0 0 0 0
0 0 0 7 0 0 0 0 0 0
0 0 7 0 0 0 0 0 0 0
0 0 0 0 0 7 0 0 0 0
7 7 7 7 7 7 7 7 7 7

Example 1:

Input:
2 0 0 0 0 0 0 0 0 4
2 0 0 0 0 0 3 0 0 4
2 0 0 0 0 0 0 0 0 4
2 0 0 0 0 3 0 0 0 4
2 0 0 0 0 0 0 0 0 4
2 0 0 0 0 0 0 0 0 4
2 0 0 0 0 0 3 0 0 4
2 3 0 0 0 0 0 3 0 4
2 0 3 0 0 0 0 3 3 4
2 0 3 0 0 3 0 0 0 4
Output:
2 0 0 0 0 0 0 0 0 4
2 0 0 0 0 0 4 0 0 4
2 0 0 0 0 0 0 0 0 4
2 0 0 0 0 4 0 0 0 4
2 0 0 0 0 0 0 0 0 4
2 0 0 0 0 0 0 0 0 4
2 0 0 0 0 0 4 0 0 4
2 2 0 0 0 0 0 4 0 4
2 0 2 0 0 0 0 4 4 4
2 0 2 0 0 4 0 0 0 4

Example 1:

Input:
2 0 3 0 0 0 0 0 0 5
2 0 0 0 0 0 0 0 0 5
2 0 0 0 0 0 0 0 0 5
2 0 0 0 0 0 0 0 0 5
2 0 0 0 0 0 0 0 0 5
2 0 3 0 0 0 0 0 0 5
2 0 0 0 3 0 0 0 0 5
2 0 0 0 0 0 0 0 0 5
2 0 0 0 0 0 0 0 0 5
2 0 0 0 0 0 0 0 0 5
Output:
2 0 2 0 0 0 0 0 0 5
2 0 0 0 0 0 0 0 0 5
2 0 0 0 0 0 0 0 0 5
2 0 0 0 0 0 0 0 0 5
2 0 0 0 0 0 0 0 0 5
2 0 2 0 0 0 0 0 0 5
2 0 0 0 2 0 0 0 0 5
2 0 0 0 0 0 0 0 0 5
2 0 0 0 0 0 0 0 0 5
2 0 0 0 0 0 0 0 0 5

Example 1:

Input:
7 0 0 0 3 0 0 0 0 8
7 0 0 0 0 0 0 0 0 8
7 0 0 0 0 0 0 0 0 8
7 0 0 0 0 0 0 0 0 8
7 0 3 0 0 0 0 0 0 8
7 0 0 0 0 0 0 3 3 8
7 0 0 0 0 0 0 0 0 8
7 0 0 0 0 0 0 0 0 8
7 0 0 0 0 0 0 0 0 8
7 0 0 0 0 0 0 0 0 8
Output:
7 0 0 0 7 0 0 0 0 8
7 0 0 0 0 0 0 0 0 8
7 0 0 0 0 0 0 0 0 8
7 0 0 0 0 0 0 0 0 8
7 0 7 0 0 0 0 0 0 8
7 0 0 0 0 0 0 8 8 8
7 0 0 0 0 0 0 0 0 8
7 0 0 0 0 0 0 0 0 8
7 0 0 0 0 0 0 0 0 8
7 0 0 0 0 0 0 0 0 8


Write the **short** Python code in code golf manners that performs the transformation according to the rule in following format: `def p(g): ...`. Note that input and output are passed by 2D arrays. Use `val_` as a prefix for all variables except `_`. Avoid line breaks as much as possible.
