Find the common rule that maps an input grid to an output grid, given the examples below.

Example 1:

Input:
1 0 0 0 1 1 1 1 0 1 1 0 1 0 1 0 1 1 1
1 0 1 0 1 1 1 1 0 0 1 1 1 1 1 1 0 1 1
1 1 1 1 0 0 1 1 0 1 0 0 0 1 0 1 0 1 0
1 0 1 1 1 1 1 1 0 1 1 1 1 1 1 1 1 1 1
1 0 1 1 0 1 1 1 0 1 1 1 1 1 1 1 1 1 1
1 1 0 1 0 1 1 0 0 0 0 1 0 1 1 0 0 0 1
1 0 0 1 1 0 1 0 0 1 1 1 1 1 1 1 0 1 0
1 1 0 0 1 1 1 1 0 1 0 1 1 1 0 1 1 1 1
0 0 0 0 0 0 0 0 0 0 0 0 0 0 0 0 0 0 0
1 1 1 0 0 1 1 1 0 1 0 0 1 1 1 1 1 1 1
1 1 0 0 1 1 0 0 0 1 1 0 0 0 1 0 1 0 1
1 0 1 0 1 0 0 1 0 1 1 1 1 0 0 1 1 1 1
Output:
1 0 0 0 1 1 1 1 2 1 1 0 1 0 1 0 1 1 1
1 0 1 0 1 1 1 1 2 0 1 1 1 1 1 1 0 1 1
1 1 1 1 0 0 1 1 2 1 0 0 0 1 0 1 0 1 0
1 0 1 1 1 1 1 1 2 1 1 1 1 1 1 1 1 1 1
1 0 1 1 0 1 1 1 2 1 1 1 1 1 1 1 1 1 1
1 1 0 1 0 1 1 0 2 0 0 1 0 1 1 0 0 0 1
1 0 0 1 1 0 1 0 2 1 1 1 1 1 1 1 0 1 0
1 1 0 0 1 1 1 1 2 1 0 1 1 1 0 1 1 1 1
2 2 2 2 2 2 2 2 2 2 2 2 2 2 2 2 2 2 2
1 1 1 0 0 1 1 1 2 1 0 0 1 1 1 1 1 1 1
1 1 0 0 1 1 0 0 2 1 1 0 0 0 1 0 1 0 1
1 0 1 0 1 0 0 1 2 1 1 1 1 0 0 1 1 1 1

Example 1:

Input:
8 8 8 8 0 8 8 8 8 8 0 0 8 8
0 8 0 0 0 0 8 8 8 8 0 8 8 8
8 8 0 8 0 8 8 8 8 8 0 0 8 8
8 0 8 8 0 8 8 0 0 8 0 8 8 0
8 8 8 8 0 8 8 0 0 0 0 8 8 8
8 8 8 0 0 8 8 0 8 0 0 8 8 8
8 0 8 8 0 8 8 8 8 8 0 0 0 8
8 8 0 0 0 8 0 0 8 8 0 0 8 8
8 0 0 8 0 8 8 8 0 8 0 8 8 8
8 8 0 8 0 8 8 8 8 8 0 0 8 0
0 8 0 8 0 0 0 0 0 0 0 8 0 8
8 8 8 8 0 8 8 8 8 8 0 0 8 0
Output:
8 8 8 8 2 8 8 8 8 8 2 0 8 8
0 8 0 0 2 0 8 8 8 8 2 8 8 8
8 8 0 8 2 8 8 8 8 8 2 0 8 8
8 0 8 8 2 8 8 0 0 8 2 8 8 0
8 8 8 8 2 8 8 0 0 0 2 8 8 8
8 8 8 0 2 8 8 0 8 0 2 8 8 8
8 0 8 8 2 8 8 8 8 8 2 0 0 8
8 8 0 0 2 8 0 0 8 8 2 0 8 8
8 0 0 8 2 8 8 8 0 8 2 8 8 8
8 8 0 8 2 8 8 8 8 8 2 0 8 0
0 8 0 8 2 0 0 0 0 0 2 8 0 8
8 8 8 8 2 8 8 8 8 8 2 0 8 0

Example 1:

Input:
3 0 3 3 3 3 3 0 3 3 3 0 3 0 3
3 0 3 0 3 3 3 0 3 0 3 0 0 3 0
0 0 0 0 0 0 0 0 0 0 0 0 0 0 0
3 0 0 3 0 0 3 3 0 3 0 3 3 0 0
3 0 3 3 3 3 3 3 3 3 0 3 3 3 3
3 0 3 3 3 3 3 3 0 0 3 3 0 3 3
0 0 3 0 3 0 3 0 3 0 0 3 3 3 0
3 0 0 3 3 3 0 0 3 0 3 3 0 0 3
3 0 3 3 3 3 3 0 3 3 3 3 3 0 3
3 0 0 3 3 0 3 3 3 3 3 3 3 3 0
3 0 3 3 3 3 3 3 0 3 3 3 0 3 3
3 0 3 3 3 0 3 0 0 3 0 3 3 3 0
0 0 0 0 0 0 0 0 0 0 0 0 0 0 0
3 0 3 0 0 3 0 3 3 0 3 3 3 3 0
3 0 0 3 0 3 3 0 3 0 3 3 0 0 3
3 0 0 3 3 3 3 3 0 3 3 0 0 3 3
0 0 3 3 0 3 3 0 0 3 0 3 0 3 0
Output:
3 2 3 3 3 3 3 0 3 3 3 0 3 0 3
3 2 3 0 3 3 3 0 3 0 3 0 0 3 0
2 2 2 2 2 2 2 2 2 2 2 2 2 2 2
3 2 0 3 0 0 3 3 0 3 0 3 3 0 0
3 2 3 3 3 3 3 3 3 3 0 3 3 3 3
3 2 3 3 3 3 3 3 0 0 3 3 0 3 3
0 2 3 0 3 0 3 0 3 0 0 3 3 3 0
3 2 0 3 3 3 0 0 3 0 3 3 0 0 3
3 2 3 3 3 3 3 0 3 3 3 3 3 0 3
3 2 0 3 3 0 3 3 3 3 3 3 3 3 0
3 2 3 3 3 3 3 3 0 3 3 3 0 3 3
3 2 3 3 3 0 3 0 0 3 0 3 3 3 0
2 2 2 2 2 2 2 2 2 2 2 2 2 2 2
3 2 3 0 0 3 0 3 3 0 3 3 3 3 0
3 2 0 3 0 3 3 0 3 0 3 3 0 0 3
3 2 0 3 3 3 3 3 0 3 3 0 0 3 3
0 2 3 3 0 3 3 0 0 3 0 3 0 3 0

Example 1:

Input:
4 0 4 0 4 4 0 0 4 4 4 4 0 4 4 4 4 4 0 4 4 0 4 0 0
4 4 4 0 0 4 0 4 4 0 4 4 4 4 4 4 0 4 4 4 4 0 4 0 0
0 0 0 0 0 0 0 0 0 0 0 0 0 0 0 0 0 0 0 0 0 0 0 0 0
4 0 4 4 4 0 0 4 4 4 4 4 0 4 4 4 4 4 4 4 4 0 4 4 0
4 4 0 4 4 4 0 0 0 0 4 4 4 4 0 4 4 4 0 4 4 0 4 4 4
4 4 4 0 4 4 0 4 4 4 4 4 4 4 4 4 4 0 4 0 4 0 4 0 4
4 0 0 4 0 4 0 4 4 4 4 4 4 0 4 0 4 4 4 0 4 0 4 4 4
4 4 4 4 4 0 0 4 0 4 0 0 4 4 0 0 4 4 4 0 0 0 0 4 0
0 4 4 0 4 4 0 4 4 0 4 4 0 4 4 0 0 4 0 4 0 0 4 0 4
4 4 4 0 4 4 0 0 4 4 4 4 4 0 0 4 0 4 4 4 0 0 4 4 4
4 0 4 4 4 0 0 4 0 4 4 0 4 4 0 4 4 0 4 4 0 0 0 0 4
4 4 0 4 0 0 0 4 4 4 0 4 4 4 4 4 4 0 4 4 4 0 4 4 4
0 0 0 0 0 0 0 0 0 0 0 0 0 0 0 0 0 0 0 0 0 0 0 0 0
0 4 4 0 0 0 0 0 4 4 4 4 0 4 4 0 0 4 4 4 4 0 0 4 4
4 4 4 4 4 4 0 4 4 4 4 0 4 0 4 4 0 4 4 4 4 0 4 4 4
4 4 4 4 4 0 0 4 0 4 0 0 4 4 4 4 4 4 4 4 0 0 4 0 4
0 4 4 4 4 4 0 4 4 4 4 4 0 4 0 4 4 0 4 4 4 0 4 4 0
0 4 4 4 4 0 0 4 4 4 0 4 0 4 0 4 4 4 4 4 4 0 0 4 4
4 4 4 0 4 4 0 0 4 0 4 4 4 4 4 4 4 4 4 4 4 0 0 0 0
4 4 0 4 4 4 0 4 4 0 4 4 4 0 4 4 4 0 4 4 0 0 0 4 4
0 0 0 0 0 0 0 0 0 0 0 0 0 0 0 0 0 0 0 0 0 0 0 0 0
4 4 4 4 0 4 0 4 0 4 4 4 0 0 0 0 4 0 4 4 4 0 4 4 4
0 4 4 4 4 4 0 4 0 4 0 4 4 0 4 4 0 4 4 0 4 0 4 4 4
4 4 4 4 4 4 0 4 4 0 0 0 0 4 4 4 0 0 4 4 4 0 4 4 0
4 0 4 0 4 4 0 4 0 0 0 4 4 4 4 4 0 4 0 4 4 0 0 4 0
4 4 0 4 0 4 0 0 4 0 4 4 0 4 4 0 0 0 4 0 4 0 4 4 4
4 0 0 4 4 4 0 4 0 4 4 4 4 4 0 4 4 4 4 0 0 0 4 4 4
Output:
4 0 4 0 4 4 2 0 4 4 4 4 0 4 4 4 4 4 0 4 4 2 4 0 0
4 4 4 0 0 4 2 4 4 0 4 4 4 4 4 4 0 4 4 4 4 2 4 0 0
2 2 2 2 2 2 2 2 2 2 2 2 2 2 2 2 2 2 2 2 2 2 2 2 2
4 0 4 4 4 0 2 4 4 4 4 4 0 4 4 4 4 4 4 4 4 2 4 4 0
4 4 0 4 4 4 2 0 0 0 4 4 4 4 0 4 4 4 0 4 4 2 4 4 4
4 4 4 0 4 4 2 4 4 4 4 4 4 4 4 4 4 0 4 0 4 2 4 0 4
4 0 0 4 0 4 2 4 4 4 4 4 4 0 4 0 4 4 4 0 4 2 4 4 4
4 4 4 4 4 0 2 4 0 4 0 0 4 4 0 0 4 4 4 0 0 2 0 4 0
0 4 4 0 4 4 2 4 4 0 4 4 0 4 4 0 0 4 0 4 0 2 4 0 4
4 4 4 0 4 4 2 0 4 4 4 4 4 0 0 4 0 4 4 4 0 2 4 4 4
4 0 4 4 4 0 2 4 0 4 4 0 4 4 0 4 4 0 4 4 0 2 0 0 4
4 4 0 4 0 0 2 4 4 4 0 4 4 4 4 4 4 0 4 4 4 2 4 4 4
2 2 2 2 2 2 2 2 2 2 2 2 2 2 2 2 2 2 2 2 2 2 2 2 2
0 4 4 0 0 0 2 0 4 4 4 4 0 4 4 0 0 4 4 4 4 2 0 4 4
4 4 4 4 4 4 2 4 4 4 4 0 4 0 4 4 0 4 4 4 4 2 4 4 4
4 4 4 4 4 0 2 4 0 4 0 0 4 4 4 4 4 4 4 4 0 2 4 0 4
0 4 4 4 4 4 2 4 4 4 4 4 0 4 0 4 4 0 4 4 4 2 4 4 0
0 4 4 4 4 0 2 4 4 4 0 4 0 4 0 4 4 4 4 4 4 2 0 4 4
4 4 4 0 4 4 2 0 4 0 4 4 4 4 4 4 4 4 4 4 4 2 0 0 0
4 4 0 4 4 4 2 4 4 0 4 4 4 0 4 4 4 0 4 4 0 2 0 4 4
2 2 2 2 2 2 2 2 2 2 2 2 2 2 2 2 2 2 2 2 2 2 2 2 2
4 4 4 4 0 4 2 4 0 4 4 4 0 0 0 0 4 0 4 4 4 2 4 4 4
0 4 4 4 4 4 2 4 0 4 0 4 4 0 4 4 0 4 4 0 4 2 4 4 4
4 4 4 4 4 4 2 4 4 0 0 0 0 4 4 4 0 0 4 4 4 2 4 4 0
4 0 4 0 4 4 2 4 0 0 0 4 4 4 4 4 0 4 0 4 4 2 0 4 0
4 4 0 4 0 4 2 0 4 0 4 4 0 4 4 0 0 0 4 0 4 2 4 4 4
4 0 0 4 4 4 2 4 0 4 4 4 4 4 0 4 4 4 4 0 0 2 4 4 4

Example 1:

Input:
0 5 5 0 0 0 5 5 0 5 0 5 0 0 5 0 5 5 0 0 5 5 5 5 0 5 0
0 0 0 0 0 0 0 0 0 0 0 0 0 0 0 0 0 0 0 0 0 0 0 0 0 0 0
5 0 5 5 5 5 5 5 5 5 5 5 5 0 5 5 0 5 5 0 5 5 5 5 0 5 5
0 0 0 0 0 0 0 0 0 0 0 0 0 0 0 0 0 0 0 0 0 0 0 0 0 0 0
5 0 0 5 5 5 5 5 5 5 5 5 5 0 5 5 5 5 5 0 0 5 5 5 5 5 5
5 5 0 5 5 5 5 5 5 5 5 0 5 0 5 5 5 5 5 0 5 5 5 0 5 5 5
5 0 5 5 5 5 5 5 0 0 5 5 5 0 0 0 5 0 5 0 5 5 5 5 5 5 5
0 5 5 5 5 5 5 5 5 5 5 5 0 0 0 5 5 5 5 0 0 5 5 5 5 0 0
5 0 0 5 5 5 5 5 0 5 0 5 5 0 0 5 5 5 5 0 5 5 5 0 5 0 5
0 0 0 0 0 0 0 0 0 0 0 0 0 0 0 0 0 0 0 0 0 0 0 0 0 0 0
5 5 5 0 5 5 5 0 5 5 5 0 5 0 5 5 5 5 5 0 5 0 5 5 5 5 0
0 5 5 0 5 5 5 5 5 0 5 0 5 0 5 5 5 5 5 0 5 0 5 0 5 5 5
Output:
0 5 5 0 0 0 5 5 0 5 0 5 0 2 5 0 5 5 0 2 5 5 5 5 0 5 0
2 2 2 2 2 2 2 2 2 2 2 2 2 2 2 2 2 2 2 2 2 2 2 2 2 2 2
5 0 5 5 5 5 5 5 5 5 5 5 5 2 5 5 0 5 5 2 5 5 5 5 0 5 5
2 2 2 2 2 2 2 2 2 2 2 2 2 2 2 2 2 2 2 2 2 2 2 2 2 2 2
5 0 0 5 5 5 5 5 5 5 5 5 5 2 5 5 5 5 5 2 0 5 5 5 5 5 5
5 5 0 5 5 5 5 5 5 5 5 0 5 2 5 5 5 5 5 2 5 5 5 0 5 5 5
5 0 5 5 5 5 5 5 0 0 5 5 5 2 0 0 5 0 5 2 5 5 5 5 5 5 5
0 5 5 5 5 5 5 5 5 5 5 5 0 2 0 5 5 5 5 2 0 5 5 5 5 0 0
5 0 0 5 5 5 5 5 0 5 0 5 5 2 0 5 5 5 5 2 5 5 5 0 5 0 5
2 2 2 2 2 2 2 2 2 2 2 2 2 2 2 2 2 2 2 2 2 2 2 2 2 2 2
5 5 5 0 5 5 5 0 5 5 5 0 5 2 5 5 5 5 5 2 5 0 5 5 5 5 0
0 5 5 0 5 5 5 5 5 0 5 0 5 2 5 5 5 5 5 2 5 0 5 0 5 5 5

Example 1:

Input:
8 8 8 0 8 8 8 0 8 8 0 8 8
8 8 0 8 8 8 8 8 8 8 0 8 8
8 0 8 8 8 8 0 8 8 8 0 8 0
8 8 8 8 8 8 8 8 8 0 0 0 0
8 8 8 8 8 0 0 8 8 8 0 0 8
0 0 8 8 8 8 8 8 8 8 0 8 8
0 8 8 8 8 8 0 8 8 8 0 8 8
8 8 8 0 8 8 8 8 8 8 0 8 0
8 8 8 8 8 8 8 8 8 8 0 0 8
8 8 0 8 8 8 0 8 8 8 0 8 8
8 8 8 0 8 8 8 0 8 8 0 8 0
8 0 8 8 8 8 8 8 0 8 0 8 8
8 8 8 8 8 8 8 0 8 8 0 8 8
8 8 0 8 8 8 0 0 0 8 0 8 8
8 0 8 8 8 8 8 8 0 0 0 8 8
8 0 8 8 0 0 0 8 8 0 0 8 0
8 0 8 8 8 8 0 8 8 8 0 0 0
0 0 0 8 8 8 8 8 8 0 0 0 8
8 8 8 8 8 0 0 8 8 8 0 0 8
8 0 8 8 8 0 8 8 8 8 0 0 8
Output:
8 8 8 0 8 8 8 0 8 8 2 8 8
8 8 0 8 8 8 8 8 8 8 2 8 8
8 0 8 8 8 8 0 8 8 8 2 8 0
8 8 8 8 8 8 8 8 8 0 2 0 0
8 8 8 8 8 0 0 8 8 8 2 0 8
0 0 8 8 8 8 8 8 8 8 2 8 8
0 8 8 8 8 8 0 8 8 8 2 8 8
8 8 8 0 8 8 8 8 8 8 2 8 0
8 8 8 8 8 8 8 8 8 8 2 0 8
8 8 0 8 8 8 0 8 8 8 2 8 8
8 8 8 0 8 8 8 0 8 8 2 8 0
8 0 8 8 8 8 8 8 0 8 2 8 8
8 8 8 8 8 8 8 0 8 8 2 8 8
8 8 0 8 8 8 0 0 0 8 2 8 8
8 0 8 8 8 8 8 8 0 0 2 8 8
8 0 8 8 0 0 0 8 8 0 2 8 0
8 0 8 8 8 8 0 8 8 8 2 0 0
0 0 0 8 8 8 8 8 8 0 2 0 8
8 8 8 8 8 0 0 8 8 8 2 0 8
8 0 8 8 8 0 8 8 8 8 2 0 8

Example 1:

Input:
0 4 4 4 4 4 4 0 4 0 4 4 0 4 4 0 0 4 4 4 4
4 4 4 4 4 4 0 4 4 0 4 4 0 4 4 4 4 4 4 4 4
0 4 4 4 4 4 4 4 4 0 4 4 0 4 0 0 4 4 4 4 4
4 4 4 4 4 4 4 4 4 0 4 4 0 0 4 0 4 4 4 0 0
4 4 4 4 4 0 0 4 4 0 0 4 0 4 4 4 4 4 4 4 4
4 4 4 0 0 4 4 4 4 0 0 4 0 4 4 4 4 0 0 4 4
4 0 4 4 4 4 4 4 4 0 0 4 0 4 4 0 4 0 4 4 0
4 4 0 4 4 4 4 4 4 0 4 4 0 4 0 4 4 4 4 4 4
0 4 4 4 4 4 4 0 4 0 0 4 0 4 4 4 4 4 0 4 0
4 0 0 4 4 4 4 4 4 0 4 0 0 4 4 4 4 4 4 4 4
0 4 4 4 4 4 4 4 0 0 4 4 0 4 0 0 4 4 4 4 0
4 4 4 0 4 0 4 4 4 0 4 4 0 4 4 4 4 4 4 4 0
4 0 4 4 4 0 4 4 4 0 0 4 0 4 4 4 4 0 0 0 0
4 4 4 4 4 4 4 4 4 0 4 4 0 4 0 0 0 0 0 4 4
4 0 4 0 0 0 4 4 4 0 0 4 0 4 0 4 4 4 4 4 4
Output:
0 4 4 4 4 4 4 0 4 2 4 4 2 4 4 0 0 4 4 4 4
4 4 4 4 4 4 0 4 4 2 4 4 2 4 4 4 4 4 4 4 4
0 4 4 4 4 4 4 4 4 2 4 4 2 4 0 0 4 4 4 4 4
4 4 4 4 4 4 4 4 4 2 4 4 2 0 4 0 4 4 4 0 0
4 4 4 4 4 0 0 4 4 2 0 4 2 4 4 4 4 4 4 4 4
4 4 4 0 0 4 4 4 4 2 0 4 2 4 4 4 4 0 0 4 4
4 0 4 4 4 4 4 4 4 2 0 4 2 4 4 0 4 0 4 4 0
4 4 0 4 4 4 4 4 4 2 4 4 2 4 0 4 4 4 4 4 4
0 4 4 4 4 4 4 0 4 2 0 4 2 4 4 4 4 4 0 4 0
4 0 0 4 4 4 4 4 4 2 4 0 2 4 4 4 4 4 4 4 4
0 4 4 4 4 4 4 4 0 2 4 4 2 4 0 0 4 4 4 4 0
4 4 4 0 4 0 4 4 4 2 4 4 2 4 4 4 4 4 4 4 0
4 0 4 4 4 0 4 4 4 2 0 4 2 4 4 4 4 0 0 0 0
4 4 4 4 4 4 4 4 4 2 4 4 2 4 0 0 0 0 0 4 4
4 0 4 0 0 0 4 4 4 2 0 4 2 4 0 4 4 4 4 4 4

Example 1:

Input:
7 7 7 7 7 0 7 7 0 7 0 7 7 7 0 7 7 0 7 0 7 7 7 7 7
7 7 0 0 0 0 7 7 7 7 0 7 7 7 7 0 7 0 7 0 7 0 7 7 7
7 7 7 7 0 0 7 0 7 7 0 7 7 7 7 7 7 0 0 7 0 7 7 7 7
7 7 7 7 7 0 0 7 7 7 0 0 7 7 7 7 7 0 7 0 7 7 7 0 7
7 7 0 7 0 0 7 7 7 7 0 0 7 7 7 7 7 0 7 7 0 7 0 7 7
7 7 7 7 7 0 7 7 7 7 0 7 7 7 7 7 7 0 7 7 0 7 7 7 7
0 0 0 0 0 0 0 0 0 0 0 0 0 0 0 0 0 0 0 0 0 0 0 0 0
7 7 7 0 7 0 0 7 0 0 0 7 0 7 7 7 7 0 7 7 0 7 0 0 7
0 7 7 7 7 0 0 7 7 7 0 7 7 7 7 7 7 0 7 0 7 7 0 7 7
7 7 0 7 7 0 7 7 7 7 0 7 7 0 7 0 7 0 7 7 7 7 7 7 7
7 7 7 7 7 0 7 7 7 7 0 7 7 7 0 7 0 0 0 0 7 7 7 7 7
7 7 0 7 7 0 7 7 0 7 0 0 0 7 7 7 0 0 7 7 7 7 7 0 7
7 0 7 0 7 0 0 0 7 7 0 7 7 7 7 7 7 0 7 7 7 7 7 7 7
0 7 7 7 0 0 0 0 7 0 0 7 7 7 0 7 7 0 7 7 7 7 7 7 0
7 7 7 0 7 0 7 7 7 0 0 7 7 7 7 7 7 0 7 7 7 0 7 7 7
7 7 7 7 7 0 7 7 7 0 0 7 0 0 7 7 0 0 7 0 7 7 7 7 7
7 7 7 7 7 0 7 7 0 7 0 7 7 0 7 7 0 0 7 7 7 7 7 7 7
7 7 7 7 7 0 7 7 0 7 0 7 7 7 7 7 0 0 7 7 0 7 7 7 7
0 7 7 7 7 0 7 7 0 7 0 0 0 7 7 7 7 0 7 0 7 7 0 7 7
0 0 7 7 7 0 0 7 7 7 0 0 7 7 7 7 7 0 7 7 7 7 7 7 7
7 7 7 7 0 0 7 7 0 7 0 7 7 7 0 7 0 0 7 7 0 7 7 7 7
7 7 7 0 7 0 7 7 0 7 0 7 7 0 7 7 0 0 7 0 7 7 7 7 7
7 7 7 0 7 0 7 7 7 7 0 7 7 7 0 7 7 0 7 7 0 7 7 7 7
7 7 7 7 7 0 7 7 7 7 0 0 0 7 7 7 0 0 7 7 7 7 7 7 0
7 0 0 0 7 0 0 7 7 7 0 0 7 7 0 0 0 0 7 7 0 7 7 7 7
Output:
7 7 7 7 7 2 7 7 0 7 2 7 7 7 0 7 7 2 7 0 7 7 7 7 7
7 7 0 0 0 2 7 7 7 7 2 7 7 7 7 0 7 2 7 0 7 0 7 7 7
7 7 7 7 0 2 7 0 7 7 2 7 7 7 7 7 7 2 0 7 0 7 7 7 7
7 7 7 7 7 2 0 7 7 7 2 0 7 7 7 7 7 2 7 0 7 7 7 0 7
7 7 0 7 0 2 7 7 7 7 2 0 7 7 7 7 7 2 7 7 0 7 0 7 7
7 7 7 7 7 2 7 7 7 7 2 7 7 7 7 7 7 2 7 7 0 7 7 7 7
2 2 2 2 2 2 2 2 2 2 2 2 2 2 2 2 2 2 2 2 2 2 2 2 2
7 7 7 0 7 2 0 7 0 0 2 7 0 7 7 7 7 2 7 7 0 7 0 0 7
0 7 7 7 7 2 0 7 7 7 2 7 7 7 7 7 7 2 7 0 7 7 0 7 7
7 7 0 7 7 2 7 7 7 7 2 7 7 0 7 0 7 2 7 7 7 7 7 7 7
7 7 7 7 7 2 7 7 7 7 2 7 7 7 0 7 0 2 0 0 7 7 7 7 7
7 7 0 7 7 2 7 7 0 7 2 0 0 7 7 7 0 2 7 7 7 7 7 0 7
7 0 7 0 7 2 0 0 7 7 2 7 7 7 7 7 7 2 7 7 7 7 7 7 7
0 7 7 7 0 2 0 0 7 0 2 7 7 7 0 7 7 2 7 7 7 7 7 7 0
7 7 7 0 7 2 7 7 7 0 2 7 7 7 7 7 7 2 7 7 7 0 7 7 7
7 7 7 7 7 2 7 7 7 0 2 7 0 0 7 7 0 2 7 0 7 7 7 7 7
7 7 7 7 7 2 7 7 0 7 2 7 7 0 7 7 0 2 7 7 7 7 7 7 7
7 7 7 7 7 2 7 7 0 7 2 7 7 7 7 7 0 2 7 7 0 7 7 7 7
0 7 7 7 7 2 7 7 0 7 2 0 0 7 7 7 7 2 7 0 7 7 0 7 7
0 0 7 7 7 2 0 7 7 7 2 0 7 7 7 7 7 2 7 7 7 7 7 7 7
7 7 7 7 0 2 7 7 0 7 2 7 7 7 0 7 0 2 7 7 0 7 7 7 7
7 7 7 0 7 2 7 7 0 7 2 7 7 0 7 7 0 2 7 0 7 7 7 7 7
7 7 7 0 7 2 7 7 7 7 2 7 7 7 0 7 7 2 7 7 0 7 7 7 7
7 7 7 7 7 2 7 7 7 7 2 0 0 7 7 7 0 2 7 7 7 7 7 7 0
7 0 0 0 7 2 0 7 7 7 2 0 7 7 0 0 0 2 7 7 0 7 7 7 7


Write the **short** Python code in code golf manners that performs the transformation according to the rule in following format: `def p(g): ...`. Note that input and output are passed by 2D arrays.