Find the common rule that maps an input grid to an output grid, given the examples below.

Example 1:

Input:
8 8 8 8 8 0 8 8 8 8 0 0 0 0 8 8 8 8 0 8 8
8 0 0 8 0 8 0 8 8 8 0 0 0 0 8 8 8 0 0 0 8
8 8 8 0 0 0 8 8 8 8 0 0 0 0 8 8 0 8 8 8 8
8 8 0 8 8 8 8 0 8 8 0 0 0 0 8 8 0 0 0 8 8
8 8 8 8 0 8 8 0 8 8 0 0 0 0 8 8 8 0 8 8 8
0 0 0 8 8 0 8 0 0 8 0 0 0 0 8 0 0 0 8 0 0
8 8 8 8 0 0 8 0 8 0 0 0 0 0 8 8 8 0 8 8 8
8 0 0 8 0 0 8 8 0 8 0 0 0 0 8 0 8 8 8 8 8
8 8 8 8 8 8 0 8 0 0 0 0 0 0 8 8 8 8 8 0 0
0 0 0 0 0 0 0 0 0 0 0 0 0 0 0 0 0 0 0 0 0
0 0 0 0 0 0 0 0 0 0 0 0 0 0 0 0 0 0 0 0 0
0 2 2 2 0 0 2 2 2 2 0 0 0 0 8 8 0 8 8 0 8
2 0 2 2 2 0 0 2 2 2 0 0 0 0 8 8 8 8 0 8 0
0 2 2 2 2 2 2 0 2 0 0 0 0 0 8 8 8 0 0 0 8
2 2 2 2 0 2 2 2 2 2 0 0 0 0 8 8 0 8 8 8 0
2 2 2 2 2 2 0 2 0 0 0 0 0 0 8 8 8 8 8 0 0
2 2 2 2 2 0 2 0 2 2 0 0 0 0 8 0 8 0 8 8 8
2 2 0 2 2 0 0 0 0 0 0 0 0 0 8 8 0 8 0 0 8
0 2 2 0 0 2 2 0 0 2 0 0 0 0 8 0 0 0 8 8 0
2 2 2 2 2 2 2 2 2 2 0 0 0 0 0 8 8 0 0 8 8
2 0 2 2 0 2 2 2 2 2 0 0 0 0 8 8 8 0 8 8 8
Output:
0 2 2 2 0 0 2 2 2 2
2 0 2 2 2 0 0 2 2 2
0 2 2 2 2 2 2 0 2 0
2 2 2 2 0 2 2 2 2 2
2 2 2 2 2 2 0 2 0 0
2 2 2 2 2 0 2 0 2 2
2 2 0 2 2 0 0 0 0 0
0 2 2 0 0 2 2 0 0 2
2 2 2 2 2 2 2 2 2 2
2 0 2 2 0 2 2 2 2 2

Example 1:

Input:
2 0 2 2 2 2 0 0 0 0 2 0 2 2 2 2 0 0 2
2 2 2 2 0 2 2 0 0 0 0 2 2 2 2 2 0 0 0
0 0 2 2 0 2 0 0 0 0 2 2 2 0 2 2 2 2 2
2 0 2 0 2 2 0 0 0 0 0 2 2 2 2 2 2 0 0
0 2 0 2 2 2 2 0 0 0 0 0 0 2 2 0 2 2 2
2 2 2 0 2 0 2 0 0 0 2 0 2 2 2 2 0 2 0
0 0 0 0 0 0 0 0 0 0 0 0 0 0 0 0 0 0 0
0 0 0 0 0 0 0 0 0 0 0 0 0 0 0 0 0 0 0
0 0 0 0 0 0 0 0 0 0 0 0 0 0 0 0 0 0 0
0 0 0 0 0 0 0 0 0 0 0 0 0 0 0 0 0 0 0
0 0 0 0 0 0 0 0 0 0 0 0 0 0 0 0 0 0 0
2 0 2 0 0 0 2 0 0 0 0 3 3 3 3 3 0 3 3
0 2 2 0 0 2 2 0 0 0 3 3 3 0 0 0 3 3 0
0 2 2 0 0 2 0 0 0 0 3 3 3 0 3 0 3 0 0
2 2 2 0 0 2 2 0 0 0 3 3 0 0 0 3 3 3 3
2 0 0 2 2 2 0 0 0 0 3 0 0 0 3 0 3 0 3
2 0 2 0 0 0 2 0 0 0 0 3 3 0 3 3 3 0 3
0 2 2 0 2 2 0 0 0 0 0 3 3 0 0 3 0 3 0
Output:
0 3 3 3 3 3 0 3 3
3 3 3 0 0 0 3 3 0
3 3 3 0 3 0 3 0 0
3 3 0 0 0 3 3 3 3
3 0 0 0 3 0 3 0 3
0 3 3 0 3 3 3 0 3
0 3 3 0 0 3 0 3 0

Example 1:

Input:
0 1 0 1 1 1 0 0 1 1 0 1 0 0 0 0 0
1 0 1 0 0 0 0 0 1 1 1 1 1 1 0 1 1
1 1 0 1 1 0 0 0 1 1 1 1 1 1 0 1 1
1 1 0 0 1 1 0 0 1 1 0 1 1 1 1 1 1
0 1 1 1 0 0 0 0 1 1 0 0 0 1 1 1 0
1 0 0 1 0 0 0 0 1 1 0 0 1 1 1 1 1
0 0 0 1 1 0 0 0 1 1 1 0 0 1 0 0 1
0 0 0 0 0 0 0 0 0 0 0 0 0 0 0 0 0
0 0 0 0 0 0 0 0 0 0 0 0 0 0 0 0 0
0 0 0 0 0 0 0 0 0 0 0 0 0 0 0 0 0
4 0 0 4 0 4 0 0 1 0 0 1 1 1 1 1 1
4 4 4 4 0 4 0 0 1 0 1 1 1 1 1 1 0
4 0 4 0 0 4 0 0 0 1 0 0 1 1 1 1 1
0 4 4 4 4 0 0 0 1 1 0 0 1 0 1 0 1
4 4 4 0 4 4 0 0 1 1 1 1 1 1 1 1 0
0 4 4 4 4 0 0 0 0 1 0 0 0 0 1 1 1
0 4 4 4 0 4 0 0 0 1 0 1 0 1 1 1 0
0 4 0 0 0 0 0 0 1 0 1 1 1 0 1 0 1
4 4 0 4 0 4 0 0 1 1 1 0 0 1 1 1 0
Output:
4 0 0 4 0 4
4 4 4 4 0 4
4 0 4 0 0 4
0 4 4 4 4 0
4 4 4 0 4 4
0 4 4 4 4 0
0 4 4 4 0 4
0 4 0 0 0 0
4 4 0 4 0 4

Example 1:

Input:
1 1 1 1 0 1 0 0 3 0 3 3 3 3 3 3 0
1 0 1 0 1 1 0 0 0 3 0 3 3 3 0 0 0
1 1 0 1 1 0 0 0 0 0 0 3 3 3 3 0 0
0 0 0 1 1 1 0 0 3 3 0 3 3 0 3 0 0
1 1 1 1 1 1 0 0 0 3 0 3 3 3 0 3 3
1 1 1 1 1 1 0 0 3 3 0 0 0 3 0 0 3
0 0 0 0 0 0 0 0 0 0 0 0 0 0 0 0 0
0 0 0 0 0 0 0 0 0 0 0 0 0 0 0 0 0
0 0 0 0 0 0 0 0 0 0 0 0 0 0 0 0 0
0 0 0 0 0 0 0 0 0 0 0 0 0 0 0 0 0
3 0 0 0 0 3 0 0 3 3 3 0 3 0 3 0 3
0 3 3 0 0 3 0 0 0 3 0 3 3 3 0 0 0
3 3 3 3 3 0 0 0 3 0 0 0 3 0 0 0 3
3 0 3 0 3 0 0 0 0 3 3 3 3 3 3 0 3
0 3 3 0 0 0 0 0 0 0 3 3 3 0 3 3 0
Output:
1 1 1 1 0 1
1 0 1 0 1 1
1 1 0 1 1 0
0 0 0 1 1 1
1 1 1 1 1 1
1 1 1 1 1 1

Example 1:

Input:
7 7 7 7 7 7 7 7 7 0 0 0 0 4 4 4 4 4 4 4 4 4 4
7 7 0 7 7 7 7 0 7 7 0 0 0 4 4 4 4 4 4 4 4 4 4
7 7 7 0 7 7 7 7 7 7 0 0 0 0 4 4 4 4 0 4 4 4 4
7 7 7 7 7 7 7 0 7 7 0 0 0 0 4 4 4 4 0 4 4 4 4
7 7 7 7 0 7 7 7 7 7 0 0 0 4 4 0 4 4 4 0 0 4 4
0 0 0 0 0 0 0 0 0 0 0 0 0 0 0 0 0 0 0 0 0 0 0
0 0 0 0 0 0 0 0 0 0 0 0 0 0 0 0 0 0 0 0 0 0 0
0 0 0 0 0 0 0 0 0 0 0 0 0 0 0 0 0 0 0 0 0 0 0
0 0 0 0 0 0 0 0 0 0 0 0 0 0 0 0 0 0 0 0 0 0 0
0 0 0 0 0 0 0 0 0 0 0 0 0 0 0 0 0 0 0 0 0 0 0
0 4 4 4 4 4 4 4 4 4 0 0 0 4 4 4 4 4 0 4 4 4 4
4 4 4 4 4 4 4 4 4 4 0 0 0 4 4 4 4 4 4 4 4 4 4
4 4 4 4 4 4 4 4 4 4 0 0 0 4 4 4 4 0 4 4 4 4 4
4 4 4 4 4 4 4 4 0 4 0 0 0 4 4 4 4 4 4 4 0 0 4
4 4 0 4 4 4 4 4 4 4 0 0 0 4 4 4 4 4 4 0 4 4 4
4 4 4 4 4 4 4 4 4 4 0 0 0 4 4 4 4 4 4 4 4 4 4
Output:
7 7 7 7 7 7 7 7 7 0
7 7 0 7 7 7 7 0 7 7
7 7 7 0 7 7 7 7 7 7
7 7 7 7 7 7 7 0 7 7
7 7 7 7 0 7 7 7 7 7

Example 1:

Input:
8 8 8 8 8 8 8 8 0 0 0 0 8 0 8 8
8 8 8 8 8 8 8 8 0 0 0 8 8 8 8 8
8 8 8 0 8 8 0 8 0 0 0 8 8 8 8 8
8 8 8 8 8 8 8 8 0 0 0 8 8 8 8 8
8 8 8 8 8 8 8 8 0 0 0 0 8 8 8 8
8 8 0 8 8 0 8 8 0 0 0 0 0 8 8 8
8 8 8 8 8 8 8 8 0 0 0 8 8 8 8 0
8 8 8 8 8 8 0 8 0 0 0 8 0 8 8 8
8 0 8 0 8 8 8 8 0 0 0 8 8 8 8 8
8 8 8 8 8 8 0 8 0 0 0 8 8 8 8 8
8 8 0 8 8 8 8 8 0 0 0 8 8 8 8 0
8 8 8 8 8 8 8 8 0 0 0 8 8 8 8 8
8 8 8 8 8 0 8 8 0 0 0 8 0 8 8 8
0 0 0 0 0 0 0 0 0 0 0 0 0 0 0 0
0 0 0 0 0 0 0 0 0 0 0 0 0 0 0 0
8 8 8 8 0 8 8 8 0 0 0 9 9 9 0 9
8 8 8 0 8 0 8 8 0 0 0 9 0 9 9 9
8 0 8 8 8 8 8 8 0 0 0 9 9 9 9 9
8 8 8 8 8 8 8 0 0 0 0 9 9 9 9 9
8 0 8 8 8 8 0 8 0 0 0 9 9 9 0 9
Output:
9 9 9 0 9
9 0 9 9 9
9 9 9 9 9
9 9 9 9 9
9 9 9 0 9

Example 1:

Input:
3 3 3 3 3 3 3 0 0 0 3 3 3 3 3 3
3 3 3 3 3 3 3 0 0 3 3 3 3 3 3 0
3 3 3 3 3 3 3 0 0 3 3 3 3 3 3 3
3 3 3 3 3 3 3 0 0 3 3 3 3 3 3 3
3 3 3 3 3 3 3 0 0 3 3 3 3 3 3 0
0 3 3 0 3 3 3 0 0 3 3 3 3 3 3 3
3 3 3 3 3 3 3 0 0 3 3 3 3 3 3 3
3 3 3 3 3 0 3 0 0 3 3 3 3 3 3 0
3 3 3 3 3 3 0 0 0 3 3 3 3 3 3 3
3 3 3 3 3 0 3 0 0 3 0 3 3 3 3 3
3 3 3 3 0 3 3 0 0 3 3 3 0 3 3 3
3 3 3 3 3 3 3 0 0 3 3 3 3 3 3 0
3 3 3 3 3 3 3 0 0 3 3 3 3 3 3 3
3 3 3 3 3 3 3 0 0 3 0 3 3 3 3 3
3 3 3 0 3 3 3 0 0 0 3 3 0 3 3 3
0 0 0 0 0 0 0 0 0 0 0 0 0 0 0 0
0 0 0 0 0 0 0 0 0 0 0 0 0 0 0 0
3 3 3 0 3 3 3 0 0 7 7 0 7 0 7 7
3 3 3 0 0 3 3 0 0 7 7 0 7 0 7 7
3 3 3 3 3 0 3 0 0 7 0 0 7 7 0 7
0 3 3 3 3 3 3 0 0 7 7 7 7 7 7 7
0 3 0 3 3 3 3 0 0 7 7 7 0 0 7 7
Output:
7 7 0 7 0 7 7
7 7 0 7 0 7 7
7 0 0 7 7 0 7
7 7 7 7 7 7 7
7 7 7 0 0 7 7

Example 1:

Input:
1 1 1 1 1 0 1 0 0 0 0 3 0 3 3 0 3 3 0 3
1 1 1 1 1 1 1 0 0 0 0 3 3 3 3 3 3 3 3 3
1 1 1 1 1 1 1 0 0 0 0 3 3 3 3 3 3 3 3 3
1 0 1 1 1 0 1 0 0 0 0 3 0 3 3 3 3 3 3 3
1 1 1 1 1 1 0 0 0 0 0 3 3 3 3 3 3 0 3 3
1 1 1 1 1 1 1 0 0 0 0 3 3 0 3 0 3 3 3 3
1 0 1 1 1 1 1 0 0 0 0 3 0 3 3 3 3 3 3 3
0 0 0 0 0 0 0 0 0 0 0 0 0 0 0 0 0 0 0 0
0 0 0 0 0 0 0 0 0 0 0 0 0 0 0 0 0 0 0 0
1 1 1 1 1 1 1 0 0 0 0 0 1 1 1 1 1 1 1 1
1 1 1 1 1 1 1 0 0 0 0 1 1 1 1 1 1 0 1 1
1 1 1 1 1 1 1 0 0 0 0 1 1 1 1 1 1 1 0 1
1 1 1 1 1 1 1 0 0 0 0 1 1 0 1 1 1 1 1 1
1 1 1 1 1 1 1 0 0 0 0 1 0 1 0 1 1 1 1 1
1 1 1 1 1 1 1 0 0 0 0 1 0 1 1 1 1 0 1 0
1 1 1 1 1 0 1 0 0 0 0 0 1 1 1 1 1 1 1 1
1 1 1 1 1 1 0 0 0 0 0 1 1 1 1 1 1 1 1 1
Output:
3 0 3 3 0 3 3 0 3
3 3 3 3 3 3 3 3 3
3 3 3 3 3 3 3 3 3
3 0 3 3 3 3 3 3 3
3 3 3 3 3 3 0 3 3
3 3 0 3 0 3 3 3 3
3 0 3 3 3 3 3 3 3


Write the **short** Python code in code golf manners that performs the transformation according to the rule in following format: `def p(g): ...`. Note that input and output are passed by 2D arrays.