Find the common rule that maps an input grid to an output grid, given the examples below.

Example 1:

Input:
0 0 0 0 5 0 0 0 0
0 0 0 0 5 0 0 0 0
0 0 0 4 5 0 0 0 0
0 0 0 4 5 4 4 0 0
0 0 3 3 5 0 0 0 0
0 0 0 3 5 0 0 0 0
0 0 0 3 5 3 3 3 0
0 0 0 3 5 0 0 0 0
0 0 0 0 5 0 0 0 0
0 0 0 0 5 0 0 0 0
Output:
0 0 0 0
0 0 0 0
0 0 0 4
0 0 4 4
0 0 3 3
0 0 0 3
0 3 3 3
0 0 0 3
0 0 0 0
0 0 0 0

Example 1:

Input:
0 0 0 0 5 0 0 0 0
0 0 0 2 5 0 0 0 0
0 0 0 2 5 2 6 0 0
0 0 0 2 5 0 0 0 0
0 0 0 2 5 2 2 2 0
0 0 6 6 5 6 0 0 0
0 0 0 2 5 0 0 0 0
0 2 2 0 5 2 0 0 0
0 0 0 2 5 0 0 0 0
0 0 0 0 5 0 0 0 0
Output:
0 0 0 0
0 0 0 2
0 0 6 2
0 0 0 2
0 2 2 2
0 0 6 6
0 0 0 2
0 2 2 2
0 0 0 2
0 0 0 0

Example 1:

Input:
0 0 0 0 5 0 0 0 0
0 0 0 0 5 7 0 0 0
0 0 0 8 5 0 0 0 0
0 0 0 8 5 0 0 0 0
0 7 8 8 5 0 0 0 0
0 0 0 0 5 8 8 0 0
0 0 0 8 5 0 0 0 0
0 0 0 8 5 0 0 0 0
0 0 0 0 5 8 7 0 0
0 0 0 0 5 0 0 0 0
Output:
0 0 0 0
0 0 0 7
0 0 0 8
0 0 0 8
0 7 8 8
0 0 8 8
0 0 0 8
0 0 0 8
0 0 7 8
0 0 0 0

Example 1:

Input:
0 0 0 0 5 0 0 0 0
0 0 0 1 5 0 0 0 0
0 0 0 1 5 1 0 0 0
0 1 1 1 5 1 1 1 6
0 0 0 6 5 6 6 0 0
0 0 0 0 5 1 1 1 0
0 0 0 1 5 0 0 0 0
0 0 0 1 5 1 6 0 0
0 0 0 0 5 6 0 0 0
0 0 0 0 5 0 0 0 0
Output:
0 0 0 0
0 0 0 1
0 0 0 1
6 1 1 1
0 0 6 6
0 1 1 1
0 0 0 1
0 0 6 1
0 0 0 6
0 0 0 0

Example 1:

Input:
0 0 0 0 5 0 0 0 0
0 0 0 0 5 0 0 0 0
0 0 0 2 5 2 0 0 0
0 0 7 7 5 7 0 0 0
0 0 0 7 5 0 0 0 0
7 0 0 7 5 7 7 7 0
0 0 0 0 5 7 7 0 0
7 0 0 2 5 2 7 7 0
0 0 0 0 5 7 0 0 0
0 0 0 0 5 0 0 0 0
Output:
0 0 0 0
0 0 0 0
0 0 0 2
0 0 7 7
0 0 0 7
7 7 7 7
0 0 7 7
7 7 7 2
0 0 0 7
0 0 0 0

Example 1:

Input:
0 0 0 0 5 0 0 0 0
3 0 2 0 5 2 0 3 0
0 0 0 3 5 3 3 3 0
0 3 3 3 5 3 3 3 0
0 0 0 2 5 0 0 0 0
0 3 0 2 5 2 3 0 0
0 0 2 2 5 2 0 2 0
0 3 3 3 5 3 3 3 3
0 0 0 3 5 0 0 0 0
0 0 0 0 5 0 0 0 0
Output:
0 0 0 0
3 3 2 2
0 3 3 3
0 3 3 3
0 0 0 2
0 3 3 2
0 2 2 2
3 3 3 3
0 0 0 3
0 0 0 0

Example 1:

Input:
0 0 0 0 5 0 0 0 0
0 4 4 0 5 2 4 4 0
0 0 0 2 5 2 4 0 0
0 2 0 2 5 0 2 2 0
0 0 4 0 5 4 4 0 0
0 0 2 2 5 2 0 0 0
4 4 0 0 5 2 2 0 4
4 4 4 0 5 2 4 4 0
0 4 4 4 5 0 0 0 0
0 0 0 0 5 0 0 0 0
Output:
0 0 0 0
0 4 4 2
0 0 4 2
0 2 2 2
0 0 4 4
0 0 2 2
4 4 2 2
4 4 4 2
0 4 4 4
0 0 0 0

Example 1:

Input:
0 0 0 0 5 0 0 0 0
0 8 0 7 5 7 8 0 0
0 0 0 0 5 7 8 8 0
0 0 8 8 5 0 8 0 0
0 0 8 0 5 7 8 0 0
8 8 8 8 5 8 8 8 8
0 0 8 8 5 8 8 0 0
0 0 0 0 5 7 0 0 0
0 7 0 7 5 0 7 0 7
0 0 0 0 5 0 0 0 0
Output:
0 0 0 0
0 8 8 7
0 8 8 7
0 0 8 8
0 0 8 7
8 8 8 8
0 0 8 8
0 0 0 7
7 7 7 7
0 0 0 0


Write Python code that performs the transformation according to the rule in following format: `def p(g): ...`. Note that input and output are passed by 2D arrays.