Find the common rule that maps an input grid to an output grid, given the examples below.

Example 1:

Input:
5 4 5 6 1 2 5 4 5 6 1 2 5 4 5 6 1 2 5 4 5 6 1 2 5 4 5 6 1
4 5 2 1 2 3 4 5 2 1 2 3 4 5 2 1 2 3 4 5 2 1 2 3 4 5 2 1 2
5 6 1 2 5 4 5 6 1 2 5 4 5 6 1 2 5 4 5 6 1 2 5 4 5 6 1 2 5
2 1 2 3 4 5 0 0 2 3 4 5 2 1 2 3 4 5 2 1 2 3 4 5 2 1 2 3 4
1 2 5 4 5 6 0 0 5 4 5 6 1 2 5 4 5 6 1 2 5 4 5 6 1 2 5 4 5
2 0 0 0 0 1 0 0 4 5 2 1 2 3 4 5 2 1 2 3 4 5 2 1 2 3 4 5 2
5 0 0 0 0 2 0 0 5 6 1 2 5 4 5 6 1 2 5 4 5 6 1 2 0 0 0 6 1
4 0 0 0 0 0 0 0 2 1 2 3 4 5 2 1 2 3 4 5 2 1 2 3 0 0 0 1 2
5 6 1 2 0 0 0 0 1 2 5 4 5 6 1 2 5 4 5 6 1 2 5 4 0 0 0 2 5
2 1 2 3 0 0 2 1 2 3 4 5 2 1 2 3 4 5 2 1 2 3 4 5 0 0 0 3 4
1 2 5 4 5 6 1 2 5 4 5 6 1 2 5 4 5 6 1 2 5 4 5 6 0 0 0 4 5
2 3 4 5 2 1 2 3 4 5 2 1 2 3 4 5 2 1 2 3 4 5 2 1 0 0 0 5 2
5 4 5 6 1 2 5 4 5 6 1 2 5 4 5 6 1 2 5 4 5 6 1 2 5 4 5 6 1
4 5 2 1 2 3 4 5 2 1 2 3 4 5 2 1 2 3 4 5 2 1 2 3 4 5 2 1 2
5 6 1 2 5 4 5 6 1 2 5 4 5 6 1 2 5 4 5 6 1 2 5 4 5 6 1 2 5
2 1 2 3 4 5 2 1 2 3 4 5 2 1 2 3 4 5 2 1 2 3 4 5 2 1 2 3 4
1 2 5 4 5 6 1 2 5 4 5 6 1 2 5 4 5 6 1 2 5 4 5 6 1 2 5 4 5
2 3 4 5 2 1 2 3 4 5 2 1 2 3 4 5 2 1 2 3 4 5 2 1 2 3 4 5 2
5 4 5 6 1 2 5 4 5 6 1 2 5 4 5 6 1 2 5 4 5 6 1 2 5 4 5 6 1
4 5 2 1 2 3 4 5 2 1 2 3 4 5 2 1 2 3 4 5 2 1 2 3 4 5 2 1 2
5 6 1 2 5 4 5 6 1 2 5 4 5 6 1 2 5 4 5 6 1 2 5 4 5 6 1 2 5
2 1 2 3 4 5 2 1 2 3 4 5 2 0 0 0 0 5 2 1 2 3 4 5 2 1 2 3 4
1 2 5 4 5 6 1 2 5 4 5 6 1 0 0 0 0 6 1 2 5 4 5 6 1 2 5 4 5
2 3 4 5 2 1 2 3 4 5 2 1 2 0 0 0 0 1 2 3 4 5 2 1 2 3 4 5 2
5 4 5 6 1 2 5 4 5 6 1 2 5 4 5 6 1 2 5 4 5 6 1 2 5 4 5 6 1
4 5 2 1 2 3 4 5 2 1 2 3 4 5 2 1 2 3 4 5 2 1 2 3 4 5 2 1 2
5 6 1 2 5 4 5 6 1 2 5 4 5 6 1 2 5 4 5 6 1 2 5 4 5 6 1 2 5
2 1 2 3 4 5 2 1 2 3 4 5 2 1 2 3 4 5 2 1 2 3 4 5 2 1 2 3 4
1 2 5 4 5 6 1 2 5 4 5 6 1 2 5 4 5 6 1 2 5 4 5 6 1 2 5 4 5
Output:
5 4 5 6 1 2 5 4 5 6 1 2 5 4 5 6 1 2 5 4 5 6 1 2 5 4 5 6 1
4 5 2 1 2 3 4 5 2 1 2 3 4 5 2 1 2 3 4 5 2 1 2 3 4 5 2 1 2
5 6 1 2 5 4 5 6 1 2 5 4 5 6 1 2 5 4 5 6 1 2 5 4 5 6 1 2 5
2 1 2 3 4 5 2 1 2 3 4 5 2 1 2 3 4 5 2 1 2 3 4 5 2 1 2 3 4
1 2 5 4 5 6 1 2 5 4 5 6 1 2 5 4 5 6 1 2 5 4 5 6 1 2 5 4 5
2 3 4 5 2 1 2 3 4 5 2 1 2 3 4 5 2 1 2 3 4 5 2 1 2 3 4 5 2
5 4 5 6 1 2 5 4 5 6 1 2 5 4 5 6 1 2 5 4 5 6 1 2 5 4 5 6 1
4 5 2 1 2 3 4 5 2 1 2 3 4 5 2 1 2 3 4 5 2 1 2 3 4 5 2 1 2
5 6 1 2 5 4 5 6 1 2 5 4 5 6 1 2 5 4 5 6 1 2 5 4 5 6 1 2 5
2 1 2 3 4 5 2 1 2 3 4 5 2 1 2 3 4 5 2 1 2 3 4 5 2 1 2 3 4
1 2 5 4 5 6 1 2 5 4 5 6 1 2 5 4 5 6 1 2 5 4 5 6 1 2 5 4 5
2 3 4 5 2 1 2 3 4 5 2 1 2 3 4 5 2 1 2 3 4 5 2 1 2 3 4 5 2
5 4 5 6 1 2 5 4 5 6 1 2 5 4 5 6 1 2 5 4 5 6 1 2 5 4 5 6 1
4 5 2 1 2 3 4 5 2 1 2 3 4 5 2 1 2 3 4 5 2 1 2 3 4 5 2 1 2
5 6 1 2 5 4 5 6 1 2 5 4 5 6 1 2 5 4 5 6 1 2 5 4 5 6 1 2 5
2 1 2 3 4 5 2 1 2 3 4 5 2 1 2 3 4 5 2 1 2 3 4 5 2 1 2 3 4
1 2 5 4 5 6 1 2 5 4 5 6 1 2 5 4 5 6 1 2 5 4 5 6 1 2 5 4 5
2 3 4 5 2 1 2 3 4 5 2 1 2 3 4 5 2 1 2 3 4 5 2 1 2 3 4 5 2
5 4 5 6 1 2 5 4 5 6 1 2 5 4 5 6 1 2 5 4 5 6 1 2 5 4 5 6 1
4 5 2 1 2 3 4 5 2 1 2 3 4 5 2 1 2 3 4 5 2 1 2 3 4 5 2 1 2
5 6 1 2 5 4 5 6 1 2 5 4 5 6 1 2 5 4 5 6 1 2 5 4 5 6 1 2 5
2 1 2 3 4 5 2 1 2 3 4 5 2 1 2 3 4 5 2 1 2 3 4 5 2 1 2 3 4
1 2 5 4 5 6 1 2 5 4 5 6 1 2 5 4 5 6 1 2 5 4 5 6 1 2 5 4 5
2 3 4 5 2 1 2 3 4 5 2 1 2 3 4 5 2 1 2 3 4 5 2 1 2 3 4 5 2
5 4 5 6 1 2 5 4 5 6 1 2 5 4 5 6 1 2 5 4 5 6 1 2 5 4 5 6 1
4 5 2 1 2 3 4 5 2 1 2 3 4 5 2 1 2 3 4 5 2 1 2 3 4 5 2 1 2
5 6 1 2 5 4 5 6 1 2 5 4 5 6 1 2 5 4 5 6 1 2 5 4 5 6 1 2 5
2 1 2 3 4 5 2 1 2 3 4 5 2 1 2 3 4 5 2 1 2 3 4 5 2 1 2 3 4
1 2 5 4 5 6 1 2 5 4 5 6 1 2 5 4 5 6 1 2 5 4 5 6 1 2 5 4 5

Example 1:

Input:
5 4 2 1 2 2 5 3 2 7 1 2 3 6 2 6 2 1 2 5 2 5 5 7 1 2 2 4 3
0 0 0 0 5 7 5 4 2 1 2 2 5 3 2 7 1 2 3 6 2 6 2 1 2 5 2 5 5
0 0 0 0 3 2 3 7 1 2 5 7 5 4 2 1 2 2 5 3 2 7 1 2 3 6 2 6 2
0 0 0 0 3 7 2 1 2 3 3 2 3 7 1 2 5 7 5 4 2 1 2 2 5 3 2 7 1
0 0 0 0 5 7 1 2 2 4 3 7 2 1 2 3 3 2 3 7 1 2 5 7 5 4 2 1 2
3 6 2 6 2 1 2 5 2 5 5 7 1 2 2 4 3 7 2 1 2 3 3 2 3 7 1 2 5
5 3 2 7 1 2 3 6 2 6 2 1 2 5 2 5 5 7 1 2 2 4 3 7 2 1 2 3 3
5 4 2 1 2 2 5 3 2 7 1 2 3 6 2 6 2 1 2 5 2 5 5 7 1 2 2 4 3
3 7 1 2 5 7 5 4 2 1 2 2 5 3 2 7 1 2 3 6 2 6 2 1 2 5 2 5 5
2 1 2 3 3 2 3 7 1 2 5 7 5 4 2 1 2 2 5 3 2 7 1 2 3 6 2 6 2
1 2 2 4 3 7 2 1 2 3 3 2 3 7 1 2 5 7 5 4 2 1 2 2 5 3 2 7 1
2 5 2 5 5 7 1 2 2 4 3 7 2 1 2 3 3 2 3 0 0 0 0 0 5 4 2 1 2
3 6 2 6 2 1 2 5 2 5 5 7 1 2 2 4 3 7 2 0 0 0 0 0 3 7 1 2 5
5 3 2 7 1 2 3 6 2 0 0 0 0 0 2 5 5 7 1 0 0 0 0 0 2 1 2 3 3
5 4 2 1 2 2 5 3 2 0 0 0 0 0 2 6 2 1 2 0 0 0 0 0 1 2 2 4 3
3 7 1 2 5 7 5 4 2 1 2 2 5 3 2 7 1 2 3 0 0 0 0 1 2 5 2 5 5
2 1 2 3 0 0 0 7 1 2 5 7 5 4 2 1 2 2 5 0 0 0 0 2 3 6 2 6 2
1 2 2 4 0 0 0 1 2 3 3 2 3 7 1 2 5 7 5 4 2 1 2 2 5 3 2 7 1
2 5 2 5 0 0 0 2 2 4 3 7 2 1 2 3 3 2 3 7 1 2 5 7 5 4 2 1 2
3 6 2 6 0 0 0 5 2 5 5 7 1 2 2 4 3 7 2 1 2 3 3 2 3 7 1 2 5
5 3 2 7 0 0 0 6 2 6 2 1 2 5 2 5 5 7 1 2 2 4 3 7 2 1 2 3 3
5 4 2 1 0 0 0 3 2 7 1 2 3 6 2 6 2 1 2 5 2 5 5 7 1 2 2 4 3
3 7 1 2 5 7 5 4 2 1 2 2 5 3 2 7 1 2 3 6 2 6 2 1 2 5 2 5 5
2 1 2 3 3 2 3 7 1 2 5 7 5 4 2 1 2 2 5 3 2 7 1 2 3 6 2 6 2
1 2 2 4 3 7 2 1 2 3 3 2 3 7 1 2 5 7 5 4 2 1 2 2 5 3 2 7 1
2 5 2 5 5 7 1 2 2 4 3 7 2 1 2 3 3 2 3 7 1 2 5 7 5 4 2 1 2
3 6 2 6 2 1 2 5 2 5 5 7 1 2 2 4 3 7 2 1 2 3 3 2 3 7 1 2 5
5 3 2 7 1 2 3 6 2 6 2 1 2 5 2 5 5 7 1 2 2 4 3 7 2 1 2 3 3
5 4 2 1 2 2 5 3 2 7 1 2 3 6 2 6 2 1 2 5 2 5 5 7 1 2 2 4 3
Output:
5 4 2 1 2 2 5 3 2 7 1 2 3 6 2 6 2 1 2 5 2 5 5 7 1 2 2 4 3
3 7 1 2 5 7 5 4 2 1 2 2 5 3 2 7 1 2 3 6 2 6 2 1 2 5 2 5 5
2 1 2 3 3 2 3 7 1 2 5 7 5 4 2 1 2 2 5 3 2 7 1 2 3 6 2 6 2
1 2 2 4 3 7 2 1 2 3 3 2 3 7 1 2 5 7 5 4 2 1 2 2 5 3 2 7 1
2 5 2 5 5 7 1 2 2 4 3 7 2 1 2 3 3 2 3 7 1 2 5 7 5 4 2 1 2
3 6 2 6 2 1 2 5 2 5 5 7 1 2 2 4 3 7 2 1 2 3 3 2 3 7 1 2 5
5 3 2 7 1 2 3 6 2 6 2 1 2 5 2 5 5 7 1 2 2 4 3 7 2 1 2 3 3
5 4 2 1 2 2 5 3 2 7 1 2 3 6 2 6 2 1 2 5 2 5 5 7 1 2 2 4 3
3 7 1 2 5 7 5 4 2 1 2 2 5 3 2 7 1 2 3 6 2 6 2 1 2 5 2 5 5
2 1 2 3 3 2 3 7 1 2 5 7 5 4 2 1 2 2 5 3 2 7 1 2 3 6 2 6 2
1 2 2 4 3 7 2 1 2 3 3 2 3 7 1 2 5 7 5 4 2 1 2 2 5 3 2 7 1
2 5 2 5 5 7 1 2 2 4 3 7 2 1 2 3 3 2 3 7 1 2 5 7 5 4 2 1 2
3 6 2 6 2 1 2 5 2 5 5 7 1 2 2 4 3 7 2 1 2 3 3 2 3 7 1 2 5
5 3 2 7 1 2 3 6 2 6 2 1 2 5 2 5 5 7 1 2 2 4 3 7 2 1 2 3 3
5 4 2 1 2 2 5 3 2 7 1 2 3 6 2 6 2 1 2 5 2 5 5 7 1 2 2 4 3
3 7 1 2 5 7 5 4 2 1 2 2 5 3 2 7 1 2 3 6 2 6 2 1 2 5 2 5 5
2 1 2 3 3 2 3 7 1 2 5 7 5 4 2 1 2 2 5 3 2 7 1 2 3 6 2 6 2
1 2 2 4 3 7 2 1 2 3 3 2 3 7 1 2 5 7 5 4 2 1 2 2 5 3 2 7 1
2 5 2 5 5 7 1 2 2 4 3 7 2 1 2 3 3 2 3 7 1 2 5 7 5 4 2 1 2
3 6 2 6 2 1 2 5 2 5 5 7 1 2 2 4 3 7 2 1 2 3 3 2 3 7 1 2 5
5 3 2 7 1 2 3 6 2 6 2 1 2 5 2 5 5 7 1 2 2 4 3 7 2 1 2 3 3
5 4 2 1 2 2 5 3 2 7 1 2 3 6 2 6 2 1 2 5 2 5 5 7 1 2 2 4 3
3 7 1 2 5 7 5 4 2 1 2 2 5 3 2 7 1 2 3 6 2 6 2 1 2 5 2 5 5
2 1 2 3 3 2 3 7 1 2 5 7 5 4 2 1 2 2 5 3 2 7 1 2 3 6 2 6 2
1 2 2 4 3 7 2 1 2 3 3 2 3 7 1 2 5 7 5 4 2 1 2 2 5 3 2 7 1
2 5 2 5 5 7 1 2 2 4 3 7 2 1 2 3 3 2 3 7 1 2 5 7 5 4 2 1 2
3 6 2 6 2 1 2 5 2 5 5 7 1 2 2 4 3 7 2 1 2 3 3 2 3 7 1 2 5
5 3 2 7 1 2 3 6 2 6 2 1 2 5 2 5 5 7 1 2 2 4 3 7 2 1 2 3 3
5 4 2 1 2 2 5 3 2 7 1 2 3 6 2 6 2 1 2 5 2 5 5 7 1 2 2 4 3

Example 1:

Input:
1 2 1 4 1 6 1 8 1 2 1 4 1 6 1 8 1 2 1 4 1 6 1 8 1 2 1 4 1
2 1 2 1 2 1 2 1 2 1 2 1 2 1 2 1 2 1 2 1 2 1 2 1 2 1 2 1 2
1 4 1 6 1 8 1 2 1 4 1 6 1 8 1 2 1 4 1 6 1 8 1 2 1 4 1 6 1
2 1 2 1 2 1 2 1 2 1 2 1 2 1 2 1 2 1 2 1 2 1 2 1 2 1 2 1 2
1 6 1 8 1 2 0 0 0 0 0 0 0 2 1 4 1 6 1 8 1 2 1 4 1 6 1 8 1
2 1 2 1 2 1 0 0 0 0 0 0 0 1 2 1 2 1 2 1 2 1 2 1 2 1 2 1 2
1 8 1 2 1 4 0 0 0 0 0 0 0 4 1 6 1 8 1 2 1 4 1 6 1 8 1 2 1
2 1 2 1 2 1 0 0 0 0 0 0 0 1 2 1 2 1 2 1 2 1 2 1 2 1 2 1 2
1 2 1 4 1 6 0 0 0 0 0 0 0 6 1 8 1 2 1 4 1 6 1 8 1 2 1 4 1
2 1 2 1 2 1 0 0 0 0 0 0 0 1 2 1 2 1 2 1 2 1 2 1 2 1 2 1 2
1 4 1 6 1 8 0 0 0 0 0 0 0 8 1 2 1 4 1 6 1 8 1 2 1 4 1 6 1
2 1 2 1 2 1 2 1 2 1 2 1 2 1 2 1 2 1 2 1 2 1 2 1 2 1 2 1 2
1 6 1 8 1 2 1 4 1 6 1 8 1 2 1 4 1 6 1 8 1 2 1 4 1 6 1 8 1
2 1 2 1 2 1 2 1 2 1 2 1 2 1 2 1 2 1 2 1 2 1 2 1 2 1 2 1 2
1 8 1 2 1 4 1 6 1 8 1 2 1 4 1 6 1 8 1 2 1 4 1 6 1 8 1 2 1
2 1 2 1 2 1 2 1 2 1 2 1 2 1 2 1 2 1 2 1 2 1 2 1 2 1 2 1 2
1 2 1 4 1 6 1 8 1 2 1 4 1 6 1 8 1 2 1 4 1 6 1 0 0 0 0 4 1
2 1 2 1 2 1 2 1 2 1 2 1 2 1 2 1 2 1 2 1 2 1 2 0 0 0 0 1 2
1 4 1 6 1 8 1 2 1 4 1 6 1 8 1 2 1 4 1 6 1 8 1 0 0 0 0 6 1
2 1 2 1 2 1 2 1 2 1 2 1 2 1 2 1 2 1 2 1 2 0 0 0 0 0 0 0 2
1 6 1 8 1 2 1 4 1 6 1 8 1 2 1 4 1 6 1 8 0 0 0 0 0 0 0 0 1
2 1 2 1 2 1 2 1 2 1 2 1 2 1 2 1 2 1 2 1 0 0 0 0 0 0 0 0 2
1 8 1 2 1 4 1 6 1 8 1 2 1 4 1 6 1 8 1 2 1 0 0 0 0 0 0 0 1
2 1 2 1 2 1 2 1 2 1 2 1 2 1 2 1 2 1 2 1 2 0 0 0 0 0 0 0 2
1 2 1 4 1 6 1 8 1 2 1 4 1 6 1 8 1 2 1 4 1 6 1 8 0 0 0 0 1
2 1 2 1 2 1 2 1 2 1 2 1 2 1 2 1 2 1 2 1 2 1 2 1 0 0 0 0 2
1 4 1 6 1 8 1 2 1 4 1 6 1 8 1 2 1 4 1 6 1 8 1 2 1 4 1 6 1
2 1 2 1 2 1 2 1 2 1 2 1 2 1 2 1 2 1 2 1 2 1 2 1 2 1 2 1 2
1 6 1 8 1 2 1 4 1 6 1 8 1 2 1 4 1 6 1 8 1 2 1 4 1 6 1 8 1
Output:
1 2 1 4 1 6 1 8 1 2 1 4 1 6 1 8 1 2 1 4 1 6 1 8 1 2 1 4 1
2 1 2 1 2 1 2 1 2 1 2 1 2 1 2 1 2 1 2 1 2 1 2 1 2 1 2 1 2
1 4 1 6 1 8 1 2 1 4 1 6 1 8 1 2 1 4 1 6 1 8 1 2 1 4 1 6 1
2 1 2 1 2 1 2 1 2 1 2 1 2 1 2 1 2 1 2 1 2 1 2 1 2 1 2 1 2
1 6 1 8 1 2 1 4 1 6 1 8 1 2 1 4 1 6 1 8 1 2 1 4 1 6 1 8 1
2 1 2 1 2 1 2 1 2 1 2 1 2 1 2 1 2 1 2 1 2 1 2 1 2 1 2 1 2
1 8 1 2 1 4 1 6 1 8 1 2 1 4 1 6 1 8 1 2 1 4 1 6 1 8 1 2 1
2 1 2 1 2 1 2 1 2 1 2 1 2 1 2 1 2 1 2 1 2 1 2 1 2 1 2 1 2
1 2 1 4 1 6 1 8 1 2 1 4 1 6 1 8 1 2 1 4 1 6 1 8 1 2 1 4 1
2 1 2 1 2 1 2 1 2 1 2 1 2 1 2 1 2 1 2 1 2 1 2 1 2 1 2 1 2
1 4 1 6 1 8 1 2 1 4 1 6 1 8 1 2 1 4 1 6 1 8 1 2 1 4 1 6 1
2 1 2 1 2 1 2 1 2 1 2 1 2 1 2 1 2 1 2 1 2 1 2 1 2 1 2 1 2
1 6 1 8 1 2 1 4 1 6 1 8 1 2 1 4 1 6 1 8 1 2 1 4 1 6 1 8 1
2 1 2 1 2 1 2 1 2 1 2 1 2 1 2 1 2 1 2 1 2 1 2 1 2 1 2 1 2
1 8 1 2 1 4 1 6 1 8 1 2 1 4 1 6 1 8 1 2 1 4 1 6 1 8 1 2 1
2 1 2 1 2 1 2 1 2 1 2 1 2 1 2 1 2 1 2 1 2 1 2 1 2 1 2 1 2
1 2 1 4 1 6 1 8 1 2 1 4 1 6 1 8 1 2 1 4 1 6 1 8 1 2 1 4 1
2 1 2 1 2 1 2 1 2 1 2 1 2 1 2 1 2 1 2 1 2 1 2 1 2 1 2 1 2
1 4 1 6 1 8 1 2 1 4 1 6 1 8 1 2 1 4 1 6 1 8 1 2 1 4 1 6 1
2 1 2 1 2 1 2 1 2 1 2 1 2 1 2 1 2 1 2 1 2 1 2 1 2 1 2 1 2
1 6 1 8 1 2 1 4 1 6 1 8 1 2 1 4 1 6 1 8 1 2 1 4 1 6 1 8 1
2 1 2 1 2 1 2 1 2 1 2 1 2 1 2 1 2 1 2 1 2 1 2 1 2 1 2 1 2
1 8 1 2 1 4 1 6 1 8 1 2 1 4 1 6 1 8 1 2 1 4 1 6 1 8 1 2 1
2 1 2 1 2 1 2 1 2 1 2 1 2 1 2 1 2 1 2 1 2 1 2 1 2 1 2 1 2
1 2 1 4 1 6 1 8 1 2 1 4 1 6 1 8 1 2 1 4 1 6 1 8 1 2 1 4 1
2 1 2 1 2 1 2 1 2 1 2 1 2 1 2 1 2 1 2 1 2 1 2 1 2 1 2 1 2
1 4 1 6 1 8 1 2 1 4 1 6 1 8 1 2 1 4 1 6 1 8 1 2 1 4 1 6 1
2 1 2 1 2 1 2 1 2 1 2 1 2 1 2 1 2 1 2 1 2 1 2 1 2 1 2 1 2
1 6 1 8 1 2 1 4 1 6 1 8 1 2 1 4 1 6 1 8 1 2 1 4 1 6 1 8 1

Example 1:

Input:
8 1 2 6 1 2 0 0 0 0 1 2 5 1 2 9 1 2 8 1 2 6 1 2 2 1 2 3 1
1 8 2 1 5 9 0 0 0 0 8 9 1 5 0 0 0 9 1 8 2 1 5 9 1 2 2 1 8
5 3 1 8 2 1 0 0 0 0 8 1 8 9 0 0 0 1 5 3 1 8 2 1 2 6 1 5 8
5 1 2 9 1 2 0 0 0 0 1 2 2 1 0 0 0 2 5 1 2 9 1 2 8 1 2 6 1
1 5 2 1 2 9 0 0 0 0 5 9 1 2 0 0 0 9 1 5 2 1 2 9 1 8 2 1 5
8 9 1 2 5 1 5 3 1 8 2 1 2 6 0 0 0 1 8 9 1 2 5 1 5 3 1 8 2
2 1 2 3 1 2 5 1 2 9 1 2 8 1 0 0 0 2 2 1 2 3 1 2 5 1 2 9 1
1 2 2 1 8 9 1 5 2 1 2 9 1 8 0 0 0 9 1 2 2 1 8 9 1 5 2 1 2
2 6 1 5 8 1 8 9 1 2 5 1 5 3 1 8 2 1 2 6 1 5 8 1 8 9 1 2 5
8 1 2 6 1 2 2 1 2 3 1 2 5 1 2 9 1 2 8 1 2 6 1 2 2 1 2 3 1
1 8 2 1 5 9 1 2 2 1 8 9 1 5 2 1 2 9 1 8 2 1 5 9 1 2 2 1 8
5 3 1 8 2 1 2 6 1 5 8 1 8 9 1 2 5 1 5 3 1 8 2 1 2 6 1 5 8
5 1 0 0 1 2 8 1 2 6 1 2 2 0 0 0 1 2 5 1 2 9 1 2 8 1 2 6 1
1 5 0 0 2 9 1 8 2 1 5 9 1 0 0 0 8 9 1 5 2 1 2 9 1 8 2 1 5
8 9 0 0 5 1 5 3 1 8 2 1 2 6 1 5 8 1 8 9 1 2 5 1 5 3 1 8 2
2 1 0 0 0 2 5 1 2 9 1 2 8 1 2 6 1 2 2 1 2 3 1 2 5 1 2 9 1
1 2 0 0 0 9 1 5 2 1 2 9 1 8 2 1 5 9 1 2 2 1 8 9 1 5 2 1 2
2 6 1 0 0 1 8 9 1 2 5 1 5 3 1 8 2 1 2 6 1 5 8 1 8 9 1 2 5
8 1 2 0 0 2 2 1 2 3 1 2 5 1 2 9 1 2 8 1 2 6 1 2 2 1 2 3 1
1 8 2 1 5 9 1 2 2 1 8 9 1 5 2 1 2 9 1 8 2 1 5 9 1 2 2 1 8
5 3 1 8 2 1 2 6 1 5 8 1 8 9 1 2 5 1 5 3 1 8 2 1 2 6 1 5 8
5 1 2 9 1 2 8 1 2 6 1 2 2 1 2 3 1 2 5 1 2 9 1 2 8 1 2 6 1
1 5 2 1 2 9 1 8 2 1 5 9 1 2 2 1 8 9 1 5 2 1 2 9 1 8 2 1 5
8 9 1 2 5 1 5 3 1 8 2 1 2 6 1 5 8 1 8 9 1 2 5 1 5 3 1 8 2
2 1 2 3 1 2 5 1 2 9 1 2 8 1 2 6 1 2 2 1 2 3 1 2 5 1 2 9 1
1 2 2 1 8 9 1 5 2 1 2 9 1 8 2 1 5 9 1 2 2 1 8 9 1 5 2 1 2
2 6 1 5 8 1 8 9 1 2 5 1 5 3 1 8 2 1 2 6 1 5 8 1 8 9 1 2 5
8 1 2 6 1 2 2 1 2 3 1 2 5 1 2 9 1 2 8 1 2 6 1 2 2 1 2 3 1
1 8 2 1 5 9 1 2 2 1 8 9 1 5 2 1 2 9 1 8 2 1 5 9 1 2 2 1 8
Output:
8 1 2 6 1 2 2 1 2 3 1 2 5 1 2 9 1 2 8 1 2 6 1 2 2 1 2 3 1
1 8 2 1 5 9 1 2 2 1 8 9 1 5 2 1 2 9 1 8 2 1 5 9 1 2 2 1 8
5 3 1 8 2 1 2 6 1 5 8 1 8 9 1 2 5 1 5 3 1 8 2 1 2 6 1 5 8
5 1 2 9 1 2 8 1 2 6 1 2 2 1 2 3 1 2 5 1 2 9 1 2 8 1 2 6 1
1 5 2 1 2 9 1 8 2 1 5 9 1 2 2 1 8 9 1 5 2 1 2 9 1 8 2 1 5
8 9 1 2 5 1 5 3 1 8 2 1 2 6 1 5 8 1 8 9 1 2 5 1 5 3 1 8 2
2 1 2 3 1 2 5 1 2 9 1 2 8 1 2 6 1 2 2 1 2 3 1 2 5 1 2 9 1
1 2 2 1 8 9 1 5 2 1 2 9 1 8 2 1 5 9 1 2 2 1 8 9 1 5 2 1 2
2 6 1 5 8 1 8 9 1 2 5 1 5 3 1 8 2 1 2 6 1 5 8 1 8 9 1 2 5
8 1 2 6 1 2 2 1 2 3 1 2 5 1 2 9 1 2 8 1 2 6 1 2 2 1 2 3 1
1 8 2 1 5 9 1 2 2 1 8 9 1 5 2 1 2 9 1 8 2 1 5 9 1 2 2 1 8
5 3 1 8 2 1 2 6 1 5 8 1 8 9 1 2 5 1 5 3 1 8 2 1 2 6 1 5 8
5 1 2 9 1 2 8 1 2 6 1 2 2 1 2 3 1 2 5 1 2 9 1 2 8 1 2 6 1
1 5 2 1 2 9 1 8 2 1 5 9 1 2 2 1 8 9 1 5 2 1 2 9 1 8 2 1 5
8 9 1 2 5 1 5 3 1 8 2 1 2 6 1 5 8 1 8 9 1 2 5 1 5 3 1 8 2
2 1 2 3 1 2 5 1 2 9 1 2 8 1 2 6 1 2 2 1 2 3 1 2 5 1 2 9 1
1 2 2 1 8 9 1 5 2 1 2 9 1 8 2 1 5 9 1 2 2 1 8 9 1 5 2 1 2
2 6 1 5 8 1 8 9 1 2 5 1 5 3 1 8 2 1 2 6 1 5 8 1 8 9 1 2 5
8 1 2 6 1 2 2 1 2 3 1 2 5 1 2 9 1 2 8 1 2 6 1 2 2 1 2 3 1
1 8 2 1 5 9 1 2 2 1 8 9 1 5 2 1 2 9 1 8 2 1 5 9 1 2 2 1 8
5 3 1 8 2 1 2 6 1 5 8 1 8 9 1 2 5 1 5 3 1 8 2 1 2 6 1 5 8
5 1 2 9 1 2 8 1 2 6 1 2 2 1 2 3 1 2 5 1 2 9 1 2 8 1 2 6 1
1 5 2 1 2 9 1 8 2 1 5 9 1 2 2 1 8 9 1 5 2 1 2 9 1 8 2 1 5
8 9 1 2 5 1 5 3 1 8 2 1 2 6 1 5 8 1 8 9 1 2 5 1 5 3 1 8 2
2 1 2 3 1 2 5 1 2 9 1 2 8 1 2 6 1 2 2 1 2 3 1 2 5 1 2 9 1
1 2 2 1 8 9 1 5 2 1 2 9 1 8 2 1 5 9 1 2 2 1 8 9 1 5 2 1 2
2 6 1 5 8 1 8 9 1 2 5 1 5 3 1 8 2 1 2 6 1 5 8 1 8 9 1 2 5
8 1 2 6 1 2 2 1 2 3 1 2 5 1 2 9 1 2 8 1 2 6 1 2 2 1 2 3 1
1 8 2 1 5 9 1 2 2 1 8 9 1 5 2 1 2 9 1 8 2 1 5 9 1 2 2 1 8

Example 1:

Input:
1 6 5 6 1 6 5 6 1 6 5 6 1 6 5 6 1 6 5 6 1 6 5 6 1 6 5 6 1
6 3 2 3 6 3 2 3 6 3 2 3 6 3 2 3 6 3 2 3 6 3 2 3 6 3 2 3 6
5 2 1 2 5 2 1 2 5 2 1 2 5 2 1 2 5 2 1 2 5 2 1 2 5 2 1 2 5
6 3 2 3 6 3 2 3 6 3 2 3 6 0 0 0 6 0 0 0 6 3 2 3 6 3 2 3 6
1 6 5 6 1 6 5 6 1 6 5 6 1 0 0 0 1 0 0 0 1 6 5 6 1 6 5 6 1
6 3 2 3 6 3 2 3 6 3 2 3 6 3 2 3 6 3 2 3 6 3 2 3 6 3 2 3 6
5 2 1 2 5 2 1 2 5 2 1 2 5 2 1 2 5 2 1 0 0 0 0 2 5 2 1 2 5
6 3 2 3 6 3 2 3 6 3 2 3 6 3 2 3 6 3 2 0 0 0 0 3 6 3 2 3 6
1 6 5 6 1 6 5 6 1 6 5 6 1 6 5 6 1 6 5 0 0 0 0 6 1 6 5 6 1
6 3 2 3 6 3 2 3 6 3 2 3 6 3 2 3 6 3 2 0 0 0 0 3 6 3 2 3 6
5 2 1 2 5 2 1 2 5 2 1 2 5 2 1 2 5 2 1 0 0 0 0 2 5 2 1 2 5
6 3 2 3 6 3 2 3 6 3 2 3 6 3 2 3 6 3 2 3 6 3 2 3 6 3 2 3 6
0 0 0 0 0 6 5 6 1 6 5 6 1 6 5 6 1 6 5 6 1 6 5 6 1 6 5 6 1
0 0 0 0 0 3 2 3 6 3 2 3 6 3 2 3 6 3 2 3 6 3 2 3 6 3 2 3 6
5 2 1 2 5 2 1 2 5 2 1 2 5 2 1 2 5 2 1 2 5 2 1 2 5 2 1 2 5
6 3 2 3 6 3 2 3 6 3 2 3 6 3 2 3 6 3 2 3 6 3 2 3 6 3 2 3 6
1 6 5 6 1 6 5 6 1 6 5 6 1 6 5 6 1 6 5 6 1 6 5 6 1 6 5 6 1
6 3 2 3 6 3 2 3 6 3 2 3 6 3 2 3 6 3 2 3 6 3 2 3 6 3 2 3 6
5 2 1 2 5 2 1 2 5 2 1 2 5 2 1 2 5 2 1 2 5 2 1 2 5 2 1 2 5
6 3 2 3 6 3 2 3 6 3 2 3 6 3 2 3 6 3 2 3 6 3 2 3 6 3 2 3 6
1 6 5 6 1 6 5 6 1 6 5 6 1 6 5 6 1 6 5 6 1 6 5 6 1 6 5 6 1
6 3 2 3 6 3 2 3 6 3 2 3 6 3 2 3 6 3 2 3 6 3 2 3 6 3 2 3 6
5 2 1 2 5 2 1 2 5 2 1 2 5 2 1 2 5 2 1 2 5 2 1 2 5 2 1 2 5
6 3 2 3 6 3 2 3 6 3 2 3 6 3 2 3 6 3 2 3 6 3 2 3 6 3 2 3 6
1 0 0 6 1 6 5 6 1 6 5 6 1 6 5 6 1 6 5 6 1 6 5 6 1 6 5 6 1
6 0 0 3 6 3 2 3 6 3 2 3 6 3 2 3 6 3 2 3 6 3 2 3 6 3 2 3 6
5 0 0 2 5 2 1 2 5 2 1 2 5 2 1 2 5 2 1 2 5 2 1 2 5 2 1 2 5
6 0 0 3 6 3 2 3 6 3 2 3 6 3 2 3 6 3 2 3 6 3 2 3 6 3 2 3 6
1 0 0 6 1 6 5 6 1 6 5 6 1 6 5 6 1 6 5 6 1 6 5 6 1 6 5 6 1
Output:
1 6 5 6 1 6 5 6 1 6 5 6 1 6 5 6 1 6 5 6 1 6 5 6 1 6 5 6 1
6 3 2 3 6 3 2 3 6 3 2 3 6 3 2 3 6 3 2 3 6 3 2 3 6 3 2 3 6
5 2 1 2 5 2 1 2 5 2 1 2 5 2 1 2 5 2 1 2 5 2 1 2 5 2 1 2 5
6 3 2 3 6 3 2 3 6 3 2 3 6 3 2 3 6 3 2 3 6 3 2 3 6 3 2 3 6
1 6 5 6 1 6 5 6 1 6 5 6 1 6 5 6 1 6 5 6 1 6 5 6 1 6 5 6 1
6 3 2 3 6 3 2 3 6 3 2 3 6 3 2 3 6 3 2 3 6 3 2 3 6 3 2 3 6
5 2 1 2 5 2 1 2 5 2 1 2 5 2 1 2 5 2 1 2 5 2 1 2 5 2 1 2 5
6 3 2 3 6 3 2 3 6 3 2 3 6 3 2 3 6 3 2 3 6 3 2 3 6 3 2 3 6
1 6 5 6 1 6 5 6 1 6 5 6 1 6 5 6 1 6 5 6 1 6 5 6 1 6 5 6 1
6 3 2 3 6 3 2 3 6 3 2 3 6 3 2 3 6 3 2 3 6 3 2 3 6 3 2 3 6
5 2 1 2 5 2 1 2 5 2 1 2 5 2 1 2 5 2 1 2 5 2 1 2 5 2 1 2 5
6 3 2 3 6 3 2 3 6 3 2 3 6 3 2 3 6 3 2 3 6 3 2 3 6 3 2 3 6
1 6 5 6 1 6 5 6 1 6 5 6 1 6 5 6 1 6 5 6 1 6 5 6 1 6 5 6 1
6 3 2 3 6 3 2 3 6 3 2 3 6 3 2 3 6 3 2 3 6 3 2 3 6 3 2 3 6
5 2 1 2 5 2 1 2 5 2 1 2 5 2 1 2 5 2 1 2 5 2 1 2 5 2 1 2 5
6 3 2 3 6 3 2 3 6 3 2 3 6 3 2 3 6 3 2 3 6 3 2 3 6 3 2 3 6
1 6 5 6 1 6 5 6 1 6 5 6 1 6 5 6 1 6 5 6 1 6 5 6 1 6 5 6 1
6 3 2 3 6 3 2 3 6 3 2 3 6 3 2 3 6 3 2 3 6 3 2 3 6 3 2 3 6
5 2 1 2 5 2 1 2 5 2 1 2 5 2 1 2 5 2 1 2 5 2 1 2 5 2 1 2 5
6 3 2 3 6 3 2 3 6 3 2 3 6 3 2 3 6 3 2 3 6 3 2 3 6 3 2 3 6
1 6 5 6 1 6 5 6 1 6 5 6 1 6 5 6 1 6 5 6 1 6 5 6 1 6 5 6 1
6 3 2 3 6 3 2 3 6 3 2 3 6 3 2 3 6 3 2 3 6 3 2 3 6 3 2 3 6
5 2 1 2 5 2 1 2 5 2 1 2 5 2 1 2 5 2 1 2 5 2 1 2 5 2 1 2 5
6 3 2 3 6 3 2 3 6 3 2 3 6 3 2 3 6 3 2 3 6 3 2 3 6 3 2 3 6
1 6 5 6 1 6 5 6 1 6 5 6 1 6 5 6 1 6 5 6 1 6 5 6 1 6 5 6 1
6 3 2 3 6 3 2 3 6 3 2 3 6 3 2 3 6 3 2 3 6 3 2 3 6 3 2 3 6
5 2 1 2 5 2 1 2 5 2 1 2 5 2 1 2 5 2 1 2 5 2 1 2 5 2 1 2 5
6 3 2 3 6 3 2 3 6 3 2 3 6 3 2 3 6 3 2 3 6 3 2 3 6 3 2 3 6
1 6 5 6 1 6 5 6 1 6 5 6 1 6 5 6 1 6 5 6 1 6 5 6 1 6 5 6 1

Example 1:

Input:
3 2 3 2 3 2 3 2 3 2 0 0 0 0 0 2 3 2 3 2 3 2 3 2 3 2 3 2 3
2 1 2 1 2 1 2 1 2 1 0 0 0 0 0 1 2 1 2 1 2 1 2 1 2 1 2 1 2
3 2 3 2 3 2 3 2 3 2 3 2 3 2 3 2 3 2 3 2 3 2 3 2 3 2 3 2 3
2 1 2 1 2 1 2 1 2 1 2 1 2 1 2 1 2 1 2 1 2 1 2 1 2 1 2 1 2
3 2 3 2 3 2 3 2 3 2 3 2 3 2 3 2 3 2 3 2 3 2 3 2 3 2 3 2 3
2 1 2 1 2 1 2 1 2 1 2 1 2 1 2 1 2 1 2 1 2 1 2 1 2 1 2 1 2
3 2 3 2 3 2 3 2 3 2 3 2 3 2 3 2 3 2 3 2 3 2 3 2 3 2 3 2 3
2 1 2 1 2 1 2 1 2 1 2 1 2 1 2 1 2 1 2 1 2 1 2 1 2 1 2 1 2
3 2 3 2 3 2 3 2 3 2 3 2 3 2 3 2 3 2 3 2 3 2 3 2 3 2 3 2 3
2 1 2 1 2 1 2 1 2 1 2 1 2 1 2 1 2 1 2 1 2 1 2 1 2 1 2 1 2
3 2 3 2 3 2 3 2 3 2 3 2 3 2 3 2 3 2 3 2 3 2 3 2 3 2 3 2 3
2 1 2 1 2 1 2 1 2 1 2 1 2 1 2 1 2 1 2 1 2 1 2 1 2 1 2 1 2
3 2 3 2 3 2 3 2 3 2 3 2 3 2 3 2 3 2 3 2 3 2 3 2 3 2 3 2 3
2 1 2 1 2 1 2 1 2 1 2 1 2 1 2 1 2 1 2 1 2 1 2 1 2 1 2 1 2
3 2 3 2 3 2 3 2 3 2 3 2 3 2 3 2 3 2 3 2 3 0 0 0 3 2 3 2 3
2 1 2 1 2 1 2 1 0 0 0 1 2 1 2 1 2 1 2 1 2 0 0 0 2 1 2 1 2
3 2 3 2 3 2 3 2 0 0 0 2 3 2 3 2 3 2 3 2 3 2 3 2 3 2 3 2 3
2 1 2 1 2 1 2 1 2 1 2 1 2 1 2 1 2 1 2 1 2 1 2 1 2 1 2 1 2
3 2 3 2 3 2 3 2 3 2 3 2 3 2 3 2 3 2 3 2 3 2 3 2 3 2 3 2 3
2 1 2 1 2 1 2 1 2 1 2 1 2 1 2 1 2 1 2 1 2 1 2 1 2 1 2 1 2
3 2 3 2 3 2 3 2 3 2 3 2 3 2 3 2 3 2 3 2 3 2 3 2 3 2 3 2 3
2 1 2 1 2 1 2 1 2 1 2 1 0 0 0 0 0 1 2 1 2 1 2 1 2 1 2 1 2
3 2 3 2 3 2 3 2 3 2 3 2 0 0 0 0 0 2 3 2 3 2 3 2 3 2 3 2 3
2 1 2 1 2 1 2 1 2 1 2 1 0 0 0 0 0 1 2 1 2 1 2 1 2 1 2 1 2
3 2 3 2 3 2 3 2 3 2 3 2 0 0 0 0 0 2 3 2 3 2 3 2 3 2 3 2 3
2 1 2 1 2 1 2 1 2 1 2 1 2 1 2 1 2 1 2 1 2 1 2 1 2 1 2 1 2
3 2 3 2 3 2 0 0 0 0 0 2 3 2 3 2 3 2 3 2 3 2 3 2 3 2 3 2 3
2 1 2 1 2 1 0 0 0 0 0 1 2 1 2 1 2 1 2 1 2 1 2 1 2 1 2 1 2
3 2 3 2 3 2 3 2 3 2 3 2 3 2 3 2 3 2 3 2 3 2 3 2 3 2 3 2 3
Output:
3 2 3 2 3 2 3 2 3 2 3 2 3 2 3 2 3 2 3 2 3 2 3 2 3 2 3 2 3
2 1 2 1 2 1 2 1 2 1 2 1 2 1 2 1 2 1 2 1 2 1 2 1 2 1 2 1 2
3 2 3 2 3 2 3 2 3 2 3 2 3 2 3 2 3 2 3 2 3 2 3 2 3 2 3 2 3
2 1 2 1 2 1 2 1 2 1 2 1 2 1 2 1 2 1 2 1 2 1 2 1 2 1 2 1 2
3 2 3 2 3 2 3 2 3 2 3 2 3 2 3 2 3 2 3 2 3 2 3 2 3 2 3 2 3
2 1 2 1 2 1 2 1 2 1 2 1 2 1 2 1 2 1 2 1 2 1 2 1 2 1 2 1 2
3 2 3 2 3 2 3 2 3 2 3 2 3 2 3 2 3 2 3 2 3 2 3 2 3 2 3 2 3
2 1 2 1 2 1 2 1 2 1 2 1 2 1 2 1 2 1 2 1 2 1 2 1 2 1 2 1 2
3 2 3 2 3 2 3 2 3 2 3 2 3 2 3 2 3 2 3 2 3 2 3 2 3 2 3 2 3
2 1 2 1 2 1 2 1 2 1 2 1 2 1 2 1 2 1 2 1 2 1 2 1 2 1 2 1 2
3 2 3 2 3 2 3 2 3 2 3 2 3 2 3 2 3 2 3 2 3 2 3 2 3 2 3 2 3
2 1 2 1 2 1 2 1 2 1 2 1 2 1 2 1 2 1 2 1 2 1 2 1 2 1 2 1 2
3 2 3 2 3 2 3 2 3 2 3 2 3 2 3 2 3 2 3 2 3 2 3 2 3 2 3 2 3
2 1 2 1 2 1 2 1 2 1 2 1 2 1 2 1 2 1 2 1 2 1 2 1 2 1 2 1 2
3 2 3 2 3 2 3 2 3 2 3 2 3 2 3 2 3 2 3 2 3 2 3 2 3 2 3 2 3
2 1 2 1 2 1 2 1 2 1 2 1 2 1 2 1 2 1 2 1 2 1 2 1 2 1 2 1 2
3 2 3 2 3 2 3 2 3 2 3 2 3 2 3 2 3 2 3 2 3 2 3 2 3 2 3 2 3
2 1 2 1 2 1 2 1 2 1 2 1 2 1 2 1 2 1 2 1 2 1 2 1 2 1 2 1 2
3 2 3 2 3 2 3 2 3 2 3 2 3 2 3 2 3 2 3 2 3 2 3 2 3 2 3 2 3
2 1 2 1 2 1 2 1 2 1 2 1 2 1 2 1 2 1 2 1 2 1 2 1 2 1 2 1 2
3 2 3 2 3 2 3 2 3 2 3 2 3 2 3 2 3 2 3 2 3 2 3 2 3 2 3 2 3
2 1 2 1 2 1 2 1 2 1 2 1 2 1 2 1 2 1 2 1 2 1 2 1 2 1 2 1 2
3 2 3 2 3 2 3 2 3 2 3 2 3 2 3 2 3 2 3 2 3 2 3 2 3 2 3 2 3
2 1 2 1 2 1 2 1 2 1 2 1 2 1 2 1 2 1 2 1 2 1 2 1 2 1 2 1 2
3 2 3 2 3 2 3 2 3 2 3 2 3 2 3 2 3 2 3 2 3 2 3 2 3 2 3 2 3
2 1 2 1 2 1 2 1 2 1 2 1 2 1 2 1 2 1 2 1 2 1 2 1 2 1 2 1 2
3 2 3 2 3 2 3 2 3 2 3 2 3 2 3 2 3 2 3 2 3 2 3 2 3 2 3 2 3
2 1 2 1 2 1 2 1 2 1 2 1 2 1 2 1 2 1 2 1 2 1 2 1 2 1 2 1 2
3 2 3 2 3 2 3 2 3 2 3 2 3 2 3 2 3 2 3 2 3 2 3 2 3 2 3 2 3

Example 1:

Input:
3 2 3 2 3 2 3 2 3 2 3 2 3 2 3 2 3 2 3 2 3 2 3 2 3 2 3 2 3
2 1 2 1 2 1 2 1 2 1 2 1 2 1 2 1 2 1 2 1 2 1 2 1 2 1 2 1 2
3 2 0 0 0 0 0 2 3 2 3 2 3 2 3 2 3 2 3 2 3 2 3 2 3 2 3 2 3
2 1 0 0 0 0 0 1 2 1 2 1 2 1 2 1 2 1 2 1 2 1 2 1 2 1 2 1 2
3 2 0 0 0 0 0 2 3 2 3 2 3 2 3 2 3 2 3 2 3 2 3 2 3 2 3 2 3
2 1 2 1 2 1 2 1 2 1 2 1 2 1 2 1 2 1 2 1 2 1 2 1 2 1 2 1 2
3 2 3 2 3 2 3 2 3 2 3 2 3 2 3 2 3 2 3 2 3 2 3 2 3 2 3 2 3
2 1 2 1 2 1 2 1 2 1 2 1 2 1 2 1 2 1 2 1 2 1 2 1 2 1 2 1 2
3 2 3 2 3 2 3 2 3 2 3 2 3 2 3 2 3 2 3 2 3 2 3 2 3 2 3 2 3
2 1 2 1 2 1 2 1 2 1 2 1 2 1 2 1 2 1 2 1 2 1 2 1 2 1 2 1 2
3 2 3 2 3 2 3 2 3 2 3 2 3 2 3 2 3 2 3 2 3 2 3 2 3 2 3 2 3
2 1 2 1 2 1 2 1 2 1 2 1 2 1 2 1 2 1 2 1 2 1 2 1 2 1 2 1 2
3 2 3 2 3 2 3 2 3 2 3 2 3 2 3 2 3 2 3 2 3 2 3 2 3 2 3 2 3
2 1 2 1 2 1 2 1 2 1 2 1 2 1 2 1 2 1 2 1 2 1 2 1 2 1 2 1 2
3 2 3 2 3 2 3 2 3 2 3 2 3 2 3 2 3 2 3 2 3 2 3 2 3 2 3 2 3
2 1 2 1 2 1 2 1 2 1 2 1 2 1 2 1 2 1 2 1 2 1 2 1 2 1 2 1 2
3 2 3 2 3 2 3 2 3 2 3 2 3 2 3 2 3 2 3 2 3 2 3 2 3 2 3 2 3
2 1 2 1 2 1 2 1 2 1 2 1 2 1 2 1 2 1 2 1 2 1 2 1 2 1 2 1 2
3 2 3 2 3 2 3 2 3 2 3 2 3 2 3 2 3 2 3 2 3 2 3 2 3 2 3 2 3
2 1 2 1 2 1 2 1 2 0 0 0 0 1 2 1 2 1 2 1 2 1 2 1 2 1 2 1 2
3 2 3 2 3 2 3 2 0 0 0 0 0 2 3 2 3 2 3 2 3 2 3 2 3 2 3 2 3
2 1 2 1 2 1 2 1 0 0 0 0 0 1 2 1 2 1 2 1 2 1 2 1 0 0 0 0 0
3 2 3 2 3 2 3 2 0 0 0 0 0 2 3 2 3 2 3 2 3 2 3 2 0 0 0 0 0
2 1 2 1 2 1 2 1 0 0 0 0 2 1 2 1 2 1 2 1 2 1 2 1 0 0 0 0 0
3 2 3 2 3 2 3 2 3 2 3 2 3 2 3 2 3 2 3 2 3 2 3 2 0 0 0 0 0
2 1 2 1 2 1 2 1 2 1 2 1 2 1 2 1 2 1 2 1 2 1 2 1 2 1 2 1 2
3 2 3 2 3 2 3 2 3 2 3 2 3 2 3 2 3 2 3 2 3 2 3 2 3 2 3 2 3
2 1 2 1 2 1 2 1 2 1 2 1 2 1 2 1 2 1 2 1 2 1 2 1 2 1 2 1 2
3 2 3 2 3 2 3 2 3 2 3 2 3 2 3 2 3 2 3 2 3 2 3 2 3 2 3 2 3
Output:
3 2 3 2 3 2 3 2 3 2 3 2 3 2 3 2 3 2 3 2 3 2 3 2 3 2 3 2 3
2 1 2 1 2 1 2 1 2 1 2 1 2 1 2 1 2 1 2 1 2 1 2 1 2 1 2 1 2
3 2 3 2 3 2 3 2 3 2 3 2 3 2 3 2 3 2 3 2 3 2 3 2 3 2 3 2 3
2 1 2 1 2 1 2 1 2 1 2 1 2 1 2 1 2 1 2 1 2 1 2 1 2 1 2 1 2
3 2 3 2 3 2 3 2 3 2 3 2 3 2 3 2 3 2 3 2 3 2 3 2 3 2 3 2 3
2 1 2 1 2 1 2 1 2 1 2 1 2 1 2 1 2 1 2 1 2 1 2 1 2 1 2 1 2
3 2 3 2 3 2 3 2 3 2 3 2 3 2 3 2 3 2 3 2 3 2 3 2 3 2 3 2 3
2 1 2 1 2 1 2 1 2 1 2 1 2 1 2 1 2 1 2 1 2 1 2 1 2 1 2 1 2
3 2 3 2 3 2 3 2 3 2 3 2 3 2 3 2 3 2 3 2 3 2 3 2 3 2 3 2 3
2 1 2 1 2 1 2 1 2 1 2 1 2 1 2 1 2 1 2 1 2 1 2 1 2 1 2 1 2
3 2 3 2 3 2 3 2 3 2 3 2 3 2 3 2 3 2 3 2 3 2 3 2 3 2 3 2 3
2 1 2 1 2 1 2 1 2 1 2 1 2 1 2 1 2 1 2 1 2 1 2 1 2 1 2 1 2
3 2 3 2 3 2 3 2 3 2 3 2 3 2 3 2 3 2 3 2 3 2 3 2 3 2 3 2 3
2 1 2 1 2 1 2 1 2 1 2 1 2 1 2 1 2 1 2 1 2 1 2 1 2 1 2 1 2
3 2 3 2 3 2 3 2 3 2 3 2 3 2 3 2 3 2 3 2 3 2 3 2 3 2 3 2 3
2 1 2 1 2 1 2 1 2 1 2 1 2 1 2 1 2 1 2 1 2 1 2 1 2 1 2 1 2
3 2 3 2 3 2 3 2 3 2 3 2 3 2 3 2 3 2 3 2 3 2 3 2 3 2 3 2 3
2 1 2 1 2 1 2 1 2 1 2 1 2 1 2 1 2 1 2 1 2 1 2 1 2 1 2 1 2
3 2 3 2 3 2 3 2 3 2 3 2 3 2 3 2 3 2 3 2 3 2 3 2 3 2 3 2 3
2 1 2 1 2 1 2 1 2 1 2 1 2 1 2 1 2 1 2 1 2 1 2 1 2 1 2 1 2
3 2 3 2 3 2 3 2 3 2 3 2 3 2 3 2 3 2 3 2 3 2 3 2 3 2 3 2 3
2 1 2 1 2 1 2 1 2 1 2 1 2 1 2 1 2 1 2 1 2 1 2 1 2 1 2 1 2
3 2 3 2 3 2 3 2 3 2 3 2 3 2 3 2 3 2 3 2 3 2 3 2 3 2 3 2 3
2 1 2 1 2 1 2 1 2 1 2 1 2 1 2 1 2 1 2 1 2 1 2 1 2 1 2 1 2
3 2 3 2 3 2 3 2 3 2 3 2 3 2 3 2 3 2 3 2 3 2 3 2 3 2 3 2 3
2 1 2 1 2 1 2 1 2 1 2 1 2 1 2 1 2 1 2 1 2 1 2 1 2 1 2 1 2
3 2 3 2 3 2 3 2 3 2 3 2 3 2 3 2 3 2 3 2 3 2 3 2 3 2 3 2 3
2 1 2 1 2 1 2 1 2 1 2 1 2 1 2 1 2 1 2 1 2 1 2 1 2 1 2 1 2
3 2 3 2 3 2 3 2 3 2 3 2 3 2 3 2 3 2 3 2 3 2 3 2 3 2 3 2 3

Example 1:

Input:
3 2 3 6 0 0 0 6 3 0 0 6 3 2 3 6 3 2 3 6 3 2 3 6 3 2 3 6 3
2 1 2 5 0 0 0 5 2 0 0 5 2 1 2 5 2 1 2 5 2 1 2 5 2 1 2 5 2
3 2 3 6 3 2 3 6 3 2 3 6 3 2 3 6 3 2 3 6 3 2 3 6 3 2 3 6 3
6 5 6 3 6 5 6 3 6 5 6 3 6 5 6 3 6 5 6 3 6 5 6 3 6 5 6 3 6
3 2 3 6 3 2 3 6 3 2 3 6 3 2 3 6 3 2 3 6 3 2 3 6 3 2 3 6 3
2 1 2 5 2 1 2 5 2 1 2 5 2 1 2 5 2 1 2 5 2 1 2 5 2 1 2 5 2
3 2 3 6 3 2 3 6 3 2 3 6 3 2 3 6 3 2 0 0 0 0 3 6 3 2 3 6 3
6 5 6 3 6 5 6 3 6 5 6 3 6 5 6 3 6 5 0 0 0 0 6 3 6 5 6 3 6
3 2 3 6 3 2 3 6 3 2 3 6 3 2 3 6 3 2 0 0 0 0 3 6 3 2 3 6 3
2 1 2 5 2 1 2 5 2 1 2 5 2 1 2 5 2 1 0 0 0 0 2 5 2 1 2 5 2
3 2 3 6 3 2 3 6 3 2 3 6 3 2 3 6 3 2 3 6 3 2 3 6 3 2 3 6 3
6 5 6 3 6 5 6 3 6 5 6 3 6 5 6 3 6 5 6 3 6 5 6 3 6 5 6 3 6
3 2 3 6 3 2 3 6 3 2 3 6 3 2 3 6 3 2 3 6 3 2 3 6 3 2 3 6 3
2 1 2 5 2 1 2 5 2 1 2 5 2 1 2 5 2 1 2 5 2 1 2 5 2 1 2 5 2
3 2 3 6 3 2 3 6 3 2 3 6 3 2 3 6 3 2 3 6 3 2 3 6 3 2 3 6 3
6 5 6 3 6 5 6 3 6 5 6 3 6 5 6 3 6 5 6 3 6 5 6 3 6 5 6 3 6
3 2 3 6 3 2 3 6 3 2 3 6 3 2 3 6 3 2 3 6 3 2 3 6 3 2 3 6 3
2 1 2 5 2 1 2 5 2 1 2 5 2 1 2 5 2 1 2 5 2 1 2 5 2 1 2 5 2
3 2 3 6 3 2 3 6 3 2 3 6 3 2 3 6 3 2 3 6 3 2 3 6 3 2 3 6 3
6 5 6 3 6 5 6 3 6 5 6 3 6 5 6 0 0 0 0 3 6 5 6 3 6 5 6 3 6
3 2 3 6 3 2 3 6 3 2 3 6 3 2 3 0 0 0 0 6 3 2 3 6 3 2 3 6 3
2 1 2 5 2 1 2 5 2 1 2 5 2 1 2 0 0 0 0 5 2 1 2 5 2 1 2 5 2
3 2 3 6 3 2 3 6 3 2 3 6 3 2 3 0 0 0 0 6 3 2 3 6 3 2 3 6 3
6 5 6 3 6 5 6 3 6 5 6 3 6 5 6 3 6 5 6 3 6 5 6 3 6 5 6 3 6
3 2 3 6 3 2 3 6 3 2 3 6 3 2 3 6 3 2 3 6 3 2 3 6 3 2 3 6 3
2 1 2 5 2 1 2 5 2 1 2 5 2 1 2 5 2 1 2 5 2 1 2 5 2 1 2 5 2
3 2 3 6 3 2 3 6 3 0 0 0 0 2 3 6 3 2 3 6 3 2 3 6 3 2 3 6 3
6 5 6 3 6 5 6 3 6 0 0 0 0 5 6 3 6 5 6 3 6 5 6 3 6 5 6 3 6
3 2 3 6 3 2 3 6 3 0 0 0 0 2 3 6 3 2 3 6 3 2 3 6 3 2 3 6 3
Output:
3 2 3 6 3 2 3 6 3 2 3 6 3 2 3 6 3 2 3 6 3 2 3 6 3 2 3 6 3
2 1 2 5 2 1 2 5 2 1 2 5 2 1 2 5 2 1 2 5 2 1 2 5 2 1 2 5 2
3 2 3 6 3 2 3 6 3 2 3 6 3 2 3 6 3 2 3 6 3 2 3 6 3 2 3 6 3
6 5 6 3 6 5 6 3 6 5 6 3 6 5 6 3 6 5 6 3 6 5 6 3 6 5 6 3 6
3 2 3 6 3 2 3 6 3 2 3 6 3 2 3 6 3 2 3 6 3 2 3 6 3 2 3 6 3
2 1 2 5 2 1 2 5 2 1 2 5 2 1 2 5 2 1 2 5 2 1 2 5 2 1 2 5 2
3 2 3 6 3 2 3 6 3 2 3 6 3 2 3 6 3 2 3 6 3 2 3 6 3 2 3 6 3
6 5 6 3 6 5 6 3 6 5 6 3 6 5 6 3 6 5 6 3 6 5 6 3 6 5 6 3 6
3 2 3 6 3 2 3 6 3 2 3 6 3 2 3 6 3 2 3 6 3 2 3 6 3 2 3 6 3
2 1 2 5 2 1 2 5 2 1 2 5 2 1 2 5 2 1 2 5 2 1 2 5 2 1 2 5 2
3 2 3 6 3 2 3 6 3 2 3 6 3 2 3 6 3 2 3 6 3 2 3 6 3 2 3 6 3
6 5 6 3 6 5 6 3 6 5 6 3 6 5 6 3 6 5 6 3 6 5 6 3 6 5 6 3 6
3 2 3 6 3 2 3 6 3 2 3 6 3 2 3 6 3 2 3 6 3 2 3 6 3 2 3 6 3
2 1 2 5 2 1 2 5 2 1 2 5 2 1 2 5 2 1 2 5 2 1 2 5 2 1 2 5 2
3 2 3 6 3 2 3 6 3 2 3 6 3 2 3 6 3 2 3 6 3 2 3 6 3 2 3 6 3
6 5 6 3 6 5 6 3 6 5 6 3 6 5 6 3 6 5 6 3 6 5 6 3 6 5 6 3 6
3 2 3 6 3 2 3 6 3 2 3 6 3 2 3 6 3 2 3 6 3 2 3 6 3 2 3 6 3
2 1 2 5 2 1 2 5 2 1 2 5 2 1 2 5 2 1 2 5 2 1 2 5 2 1 2 5 2
3 2 3 6 3 2 3 6 3 2 3 6 3 2 3 6 3 2 3 6 3 2 3 6 3 2 3 6 3
6 5 6 3 6 5 6 3 6 5 6 3 6 5 6 3 6 5 6 3 6 5 6 3 6 5 6 3 6
3 2 3 6 3 2 3 6 3 2 3 6 3 2 3 6 3 2 3 6 3 2 3 6 3 2 3 6 3
2 1 2 5 2 1 2 5 2 1 2 5 2 1 2 5 2 1 2 5 2 1 2 5 2 1 2 5 2
3 2 3 6 3 2 3 6 3 2 3 6 3 2 3 6 3 2 3 6 3 2 3 6 3 2 3 6 3
6 5 6 3 6 5 6 3 6 5 6 3 6 5 6 3 6 5 6 3 6 5 6 3 6 5 6 3 6
3 2 3 6 3 2 3 6 3 2 3 6 3 2 3 6 3 2 3 6 3 2 3 6 3 2 3 6 3
2 1 2 5 2 1 2 5 2 1 2 5 2 1 2 5 2 1 2 5 2 1 2 5 2 1 2 5 2
3 2 3 6 3 2 3 6 3 2 3 6 3 2 3 6 3 2 3 6 3 2 3 6 3 2 3 6 3
6 5 6 3 6 5 6 3 6 5 6 3 6 5 6 3 6 5 6 3 6 5 6 3 6 5 6 3 6
3 2 3 6 3 2 3 6 3 2 3 6 3 2 3 6 3 2 3 6 3 2 3 6 3 2 3 6 3


Write the **short** Python code in code golf manners that performs the transformation according to the rule in following format: `def p(g): ...`. Note that input and output are passed by 2D arrays. Use `val_` as a prefix for all variables except `_`. Avoid line breaks as much as possible.
