Find the common rule that maps an input grid to an output grid, given the examples below.

Example 1:

Input:
0 0 0 0 0 0 0 0 0 0 0 0 0 0 0
0 0 0 0 0 0 0 0 0 0 0 0 0 0 0
2 2 2 2 2 2 2 2 2 2 2 2 2 2 2
0 0 0 0 0 0 0 0 0 0 0 0 0 0 0
0 0 0 0 0 0 0 0 0 0 0 0 0 0 0
1 1 1 1 1 1 1 1 1 1 1 1 1 1 1
0 0 0 0 0 0 0 0 0 0 0 0 0 0 0
0 0 0 0 0 0 0 0 0 0 0 0 0 0 0
3 3 3 3 3 3 3 3 3 3 3 3 3 3 3
0 0 0 0 0 0 0 0 0 0 0 0 0 0 0
0 5 5 5 5 5 5 0 0 0 0 0 0 0 0
0 5 5 5 5 5 5 0 4 4 4 4 4 4 4
0 5 5 5 5 5 5 0 0 0 0 0 0 0 0
0 5 5 5 5 5 5 0 0 0 0 0 0 0 0
0 5 5 5 5 5 5 0 8 8 8 8 8 8 8
0 5 5 5 5 5 5 0 0 0 0 0 0 0 0
0 0 0 0 0 0 0 0 0 0 0 0 0 0 0
6 6 6 6 6 6 6 6 6 6 6 6 6 6 6
Output:
2 2 2 2 2 2
1 1 1 1 1 1
3 3 3 3 3 3
4 4 4 4 4 4
8 8 8 8 8 8
6 6 6 6 6 6

Example 1:

Input:
0 0 0 0 0 2 0 0 4 0
0 5 5 5 0 2 0 0 4 0
0 5 5 5 0 2 0 0 4 0
0 5 5 5 0 2 0 0 4 0
0 0 0 0 0 2 0 0 4 0
0 0 1 0 0 2 0 0 4 0
0 0 1 0 0 2 0 0 4 0
0 0 1 0 0 2 0 0 4 0
0 0 1 0 0 2 0 0 4 0
0 0 1 0 0 2 0 0 4 0
0 0 1 0 0 2 0 0 4 0
0 0 1 0 0 2 0 0 4 0
Output:
1 2 4
1 2 4
1 2 4

Example 1:

Input:
0 0 0 0 0 0 0 0 0 0 0 0
2 2 2 2 2 0 5 5 5 5 0 2
0 0 0 0 0 0 5 5 5 5 0 0
0 0 0 0 0 0 5 5 5 5 0 0
8 8 8 8 8 0 5 5 5 5 0 8
0 0 0 0 0 0 0 0 0 0 0 0
0 0 0 0 0 0 0 0 0 0 0 0
4 4 4 4 4 4 4 4 4 4 4 4
0 0 0 0 0 0 0 0 0 0 0 0
0 0 0 0 0 0 0 0 0 0 0 0
1 1 1 1 1 1 1 1 1 1 1 1
0 0 0 0 0 0 0 0 0 0 0 0
Output:
2 2 2 2
8 8 8 8
4 4 4 4
1 1 1 1

Example 1:

Input:
2 2 2 2 2 2 2 0 0 0 0 0 0 0 0 0 2 2 2
0 0 0 0 0 0 0 0 5 5 5 5 5 5 5 0 0 0 0
0 0 0 0 0 0 0 0 5 5 5 5 5 5 5 0 0 0 0
3 3 3 3 3 3 3 0 5 5 5 5 5 5 5 0 3 3 3
0 0 0 0 0 0 0 0 5 5 5 5 5 5 5 0 0 0 0
0 0 0 0 0 0 0 0 5 5 5 5 5 5 5 0 0 0 0
8 8 8 8 8 8 8 0 5 5 5 5 5 5 5 0 8 8 8
0 0 0 0 0 0 0 0 5 5 5 5 5 5 5 0 0 0 0
0 0 0 0 0 0 0 0 0 0 0 0 0 0 0 0 0 0 0
4 4 4 4 4 4 4 4 4 4 4 4 4 4 4 4 4 4 4
0 0 0 0 0 0 0 0 0 0 0 0 0 0 0 0 0 0 0
0 0 0 0 0 0 0 0 0 0 0 0 0 0 0 0 0 0 0
6 6 6 6 6 6 6 6 6 6 6 6 6 6 6 6 6 6 6
0 0 0 0 0 0 0 0 0 0 0 0 0 0 0 0 0 0 0
0 0 0 0 0 0 0 0 0 0 0 0 0 0 0 0 0 0 0
1 1 1 1 1 1 1 1 1 1 1 1 1 1 1 1 1 1 1
0 0 0 0 0 0 0 0 0 0 0 0 0 0 0 0 0 0 0
0 0 0 0 0 0 0 0 0 0 0 0 0 0 0 0 0 0 0
7 7 7 7 7 7 7 7 7 7 7 7 7 7 7 7 7 7 7
Output:
2 2 2 2 2 2 2
3 3 3 3 3 3 3
8 8 8 8 8 8 8
4 4 4 4 4 4 4
6 6 6 6 6 6 6
1 1 1 1 1 1 1
7 7 7 7 7 7 7

Example 1:

Input:
0 0 0 0 0 0 0 0 0 0 0 0 0 0 0 0 0
0 0 0 0 0 0 0 0 0 0 0 0 0 0 0 0 0
9 9 9 9 9 9 9 9 9 9 9 9 9 9 9 9 9
0 0 0 0 0 0 0 0 0 0 0 0 0 0 0 0 0
0 0 0 0 0 0 0 0 0 0 0 0 0 0 0 0 0
2 2 2 2 2 2 2 2 2 2 2 2 2 2 2 2 2
0 0 0 0 0 0 0 0 0 0 0 0 0 0 0 0 0
0 0 0 0 0 0 0 0 0 0 0 0 0 0 0 0 0
6 6 6 6 6 6 6 6 6 6 6 6 6 6 6 6 6
0 0 0 0 0 0 0 0 0 0 0 0 0 0 0 0 0
0 5 5 5 5 5 0 0 0 0 0 0 0 0 0 0 0
0 5 5 5 5 5 0 1 1 1 1 1 1 1 1 1 1
0 5 5 5 5 5 0 0 0 0 0 0 0 0 0 0 0
0 5 5 5 5 5 0 0 0 0 0 0 0 0 0 0 0
0 5 5 5 5 5 0 3 3 3 3 3 3 3 3 3 3
0 0 0 0 0 0 0 0 0 0 0 0 0 0 0 0 0
0 0 0 0 0 0 0 0 0 0 0 0 0 0 0 0 0
Output:
9 9 9 9 9
2 2 2 2 2
6 6 6 6 6
1 1 1 1 1
3 3 3 3 3

Example 1:

Input:
0 0 2 0 0 9 0 0 6 0
0 0 2 0 0 9 0 0 6 0
0 0 2 0 0 9 0 0 6 0
0 0 2 0 0 9 0 0 6 0
0 0 2 0 0 9 0 0 6 0
0 0 2 0 0 9 0 0 6 0
0 0 0 0 0 9 0 0 6 0
0 5 5 5 0 9 0 0 6 0
0 5 5 5 0 9 0 0 6 0
0 5 5 5 0 9 0 0 6 0
0 0 0 0 0 9 0 0 6 0
0 0 2 0 0 9 0 0 6 0
Output:
2 9 6
2 9 6
2 9 6

Example 1:

Input:
1 0 0 7 0 0 3 0 0 4
1 0 0 7 0 0 3 0 0 4
0 0 0 0 0 0 3 0 0 4
0 5 5 5 5 0 3 0 0 4
0 5 5 5 5 0 3 0 0 4
0 5 5 5 5 0 3 0 0 4
0 5 5 5 5 0 3 0 0 4
0 0 0 0 0 0 3 0 0 4
1 0 0 7 0 0 3 0 0 4
1 0 0 7 0 0 3 0 0 4
1 0 0 7 0 0 3 0 0 4
1 0 0 7 0 0 3 0 0 4
1 0 0 7 0 0 3 0 0 4
Output:
1 7 3 4
1 7 3 4
1 7 3 4
1 7 3 4

Example 1:

Input:
0 0 0 0 0 0 0 0 0 0 0 0 0 0 0
0 5 5 5 5 0 0 0 0 0 0 0 0 0 0
0 5 5 5 5 0 1 1 1 1 1 1 1 1 1
0 5 5 5 5 0 0 0 0 0 0 0 0 0 0
0 5 5 5 5 0 0 0 0 0 0 0 0 0 0
0 0 0 0 0 0 3 3 3 3 3 3 3 3 3
0 0 0 0 0 0 0 0 0 0 0 0 0 0 0
0 0 0 0 0 0 0 0 0 0 0 0 0 0 0
8 8 8 8 8 8 8 8 8 8 8 8 8 8 8
0 0 0 0 0 0 0 0 0 0 0 0 0 0 0
0 0 0 0 0 0 0 0 0 0 0 0 0 0 0
7 7 7 7 7 7 7 7 7 7 7 7 7 7 7
0 0 0 0 0 0 0 0 0 0 0 0 0 0 0
0 0 0 0 0 0 0 0 0 0 0 0 0 0 0
Output:
1 1 1 1
3 3 3 3
8 8 8 8
7 7 7 7


Write the **short** Python code in code golf manners that performs the transformation according to the rule in following format: `def p(g): ...`. Note that input and output are passed by 2D arrays. Use `val_` as a prefix for all variables except `_`. Avoid line breaks as much as possible.
