Find the common rule that maps an input grid to an output grid, given the examples below.

Example 1:

Input:
3 3 3 3 2 0 0 0 0 2 0 0 0 0 2 0 0 0 0
3 3 3 3 2 0 0 0 0 2 0 0 0 0 2 0 0 0 0
3 3 3 3 2 0 0 0 0 2 0 0 0 0 2 0 0 0 0
3 3 3 3 2 0 0 0 0 2 0 0 0 0 2 0 0 0 0
2 2 2 2 2 2 2 2 2 2 2 2 2 2 2 2 2 2 2
0 0 0 0 2 3 3 3 3 2 0 0 0 0 2 0 0 0 0
0 0 0 0 2 3 3 3 3 2 0 0 0 0 2 0 0 0 0
0 0 0 0 2 3 3 3 3 2 0 0 0 0 2 0 0 0 0
0 0 0 0 2 3 3 3 3 2 0 0 0 0 2 0 0 0 0
2 2 2 2 2 2 2 2 2 2 2 2 2 2 2 2 2 2 2
0 0 0 0 2 0 0 0 0 2 3 3 3 3 2 0 0 0 0
0 0 0 0 2 0 0 0 0 2 3 3 3 3 2 0 0 0 0
0 0 0 0 2 0 0 0 0 2 3 3 3 3 2 0 0 0 0
0 0 0 0 2 0 0 0 0 2 3 3 3 3 2 0 0 0 0
2 2 2 2 2 2 2 2 2 2 2 2 2 2 2 2 2 2 2
3 3 3 3 2 3 3 3 3 2 3 3 3 3 2 0 0 0 0
3 3 3 3 2 3 3 3 3 2 3 3 3 3 2 0 0 0 0
3 3 3 3 2 3 3 3 3 2 3 3 3 3 2 0 0 0 0
3 3 3 3 2 3 3 3 3 2 3 3 3 3 2 0 0 0 0
Output:
0 0 0 3
0 0 3 0
0 3 0 0
0 3 3 3

Example 1:

Input:
0 0 0 0 8 2 2 2 2 8 0 0 0 0 8 0 0 0 0
0 0 0 0 8 2 2 2 2 8 0 0 0 0 8 0 0 0 0
0 0 0 0 8 2 2 2 2 8 0 0 0 0 8 0 0 0 0
0 0 0 0 8 2 2 2 2 8 0 0 0 0 8 0 0 0 0
8 8 8 8 8 8 8 8 8 8 8 8 8 8 8 8 8 8 8
2 2 2 2 8 1 1 1 1 8 0 0 0 0 8 0 0 0 0
2 2 2 2 8 1 1 1 1 8 0 0 0 0 8 0 0 0 0
2 2 2 2 8 1 1 1 1 8 0 0 0 0 8 0 0 0 0
2 2 2 2 8 1 1 1 1 8 0 0 0 0 8 0 0 0 0
8 8 8 8 8 8 8 8 8 8 8 8 8 8 8 8 8 8 8
0 0 0 0 8 0 0 0 0 8 1 1 1 1 8 0 0 0 0
0 0 0 0 8 0 0 0 0 8 1 1 1 1 8 0 0 0 0
0 0 0 0 8 0 0 0 0 8 1 1 1 1 8 0 0 0 0
0 0 0 0 8 0 0 0 0 8 1 1 1 1 8 0 0 0 0
8 8 8 8 8 8 8 8 8 8 8 8 8 8 8 8 8 8 8
0 0 0 0 8 0 0 0 0 8 0 0 0 0 8 3 3 3 3
0 0 0 0 8 0 0 0 0 8 0 0 0 0 8 3 3 3 3
0 0 0 0 8 0 0 0 0 8 0 0 0 0 8 3 3 3 3
0 0 0 0 8 0 0 0 0 8 0 0 0 0 8 3 3 3 3
Output:
0 0 2 0
0 0 1 2
0 1 0 0
3 0 0 0

Example 1:

Input:
0 0 0 2 8 8 8 2 0 0 0
0 0 0 2 8 8 8 2 0 0 0
0 0 0 2 8 8 8 2 0 0 0
2 2 2 2 2 2 2 2 2 2 2
8 8 8 2 8 8 8 2 0 0 0
8 8 8 2 8 8 8 2 0 0 0
8 8 8 2 8 8 8 2 0 0 0
2 2 2 2 2 2 2 2 2 2 2
0 0 0 2 0 0 0 2 4 4 4
0 0 0 2 0 0 0 2 4 4 4
0 0 0 2 0 0 0 2 4 4 4
Output:
0 8 0
0 8 8
4 0 0

Example 1:

Input:
1 1 1 1 1 8 3 3 3 3 3 8 1 1 1 1 1 8 1 1 1 1 1
1 1 1 1 1 8 3 3 3 3 3 8 1 1 1 1 1 8 1 1 1 1 1
1 1 1 1 1 8 3 3 3 3 3 8 1 1 1 1 1 8 1 1 1 1 1
1 1 1 1 1 8 3 3 3 3 3 8 1 1 1 1 1 8 1 1 1 1 1
1 1 1 1 1 8 3 3 3 3 3 8 1 1 1 1 1 8 1 1 1 1 1
8 8 8 8 8 8 8 8 8 8 8 8 8 8 8 8 8 8 8 8 8 8 8
0 0 0 0 0 8 3 3 3 3 3 8 0 0 0 0 0 8 0 0 0 0 0
0 0 0 0 0 8 3 3 3 3 3 8 0 0 0 0 0 8 0 0 0 0 0
0 0 0 0 0 8 3 3 3 3 3 8 0 0 0 0 0 8 0 0 0 0 0
0 0 0 0 0 8 3 3 3 3 3 8 0 0 0 0 0 8 0 0 0 0 0
0 0 0 0 0 8 3 3 3 3 3 8 0 0 0 0 0 8 0 0 0 0 0
8 8 8 8 8 8 8 8 8 8 8 8 8 8 8 8 8 8 8 8 8 8 8
2 2 2 2 2 8 3 3 3 3 3 8 0 0 0 0 0 8 2 2 2 2 2
2 2 2 2 2 8 3 3 3 3 3 8 0 0 0 0 0 8 2 2 2 2 2
2 2 2 2 2 8 3 3 3 3 3 8 0 0 0 0 0 8 2 2 2 2 2
2 2 2 2 2 8 3 3 3 3 3 8 0 0 0 0 0 8 2 2 2 2 2
2 2 2 2 2 8 3 3 3 3 3 8 0 0 0 0 0 8 2 2 2 2 2
8 8 8 8 8 8 8 8 8 8 8 8 8 8 8 8 8 8 8 8 8 8 8
0 0 0 0 0 8 3 3 3 3 3 8 0 0 0 0 0 8 0 0 0 0 0
0 0 0 0 0 8 3 3 3 3 3 8 0 0 0 0 0 8 0 0 0 0 0
0 0 0 0 0 8 3 3 3 3 3 8 0 0 0 0 0 8 0 0 0 0 0
0 0 0 0 0 8 3 3 3 3 3 8 0 0 0 0 0 8 0 0 0 0 0
0 0 0 0 0 8 3 3 3 3 3 8 0 0 0 0 0 8 0 0 0 0 0
Output:
1 1 3 1
0 0 3 0
2 0 3 2
0 0 3 0

Example 1:

Input:
1 1 1 1 1 3 5 5 5 5 5 3 0 0 0 0 0
1 1 1 1 1 3 5 5 5 5 5 3 0 0 0 0 0
1 1 1 1 1 3 5 5 5 5 5 3 0 0 0 0 0
1 1 1 1 1 3 5 5 5 5 5 3 0 0 0 0 0
1 1 1 1 1 3 5 5 5 5 5 3 0 0 0 0 0
3 3 3 3 3 3 3 3 3 3 3 3 3 3 3 3 3
0 0 0 0 0 3 0 0 0 0 0 3 1 1 1 1 1
0 0 0 0 0 3 0 0 0 0 0 3 1 1 1 1 1
0 0 0 0 0 3 0 0 0 0 0 3 1 1 1 1 1
0 0 0 0 0 3 0 0 0 0 0 3 1 1 1 1 1
0 0 0 0 0 3 0 0 0 0 0 3 1 1 1 1 1
3 3 3 3 3 3 3 3 3 3 3 3 3 3 3 3 3
5 5 5 5 5 3 1 1 1 1 1 3 1 1 1 1 1
5 5 5 5 5 3 1 1 1 1 1 3 1 1 1 1 1
5 5 5 5 5 3 1 1 1 1 1 3 1 1 1 1 1
5 5 5 5 5 3 1 1 1 1 1 3 1 1 1 1 1
5 5 5 5 5 3 1 1 1 1 1 3 1 1 1 1 1
Output:
0 5 1
1 0 0
1 1 5

Example 1:

Input:
0 0 0 0 9 2 2 2 2 9 0 0 0 0
0 0 0 0 9 2 2 2 2 9 0 0 0 0
0 0 0 0 9 2 2 2 2 9 0 0 0 0
0 0 0 0 9 2 2 2 2 9 0 0 0 0
9 9 9 9 9 9 9 9 9 9 9 9 9 9
2 2 2 2 9 0 0 0 0 9 0 0 0 0
2 2 2 2 9 0 0 0 0 9 0 0 0 0
2 2 2 2 9 0 0 0 0 9 0 0 0 0
2 2 2 2 9 0 0 0 0 9 0 0 0 0
9 9 9 9 9 9 9 9 9 9 9 9 9 9
2 2 2 2 9 8 8 8 8 9 0 0 0 0
2 2 2 2 9 8 8 8 8 9 0 0 0 0
2 2 2 2 9 8 8 8 8 9 0 0 0 0
2 2 2 2 9 8 8 8 8 9 0 0 0 0
Output:
0 2 0
0 0 2
0 8 2

Example 1:

Input:
0 0 0 0 0 2 0 0 0 0 0 2 0 0 0 0 0
0 0 0 0 0 2 0 0 0 0 0 2 0 0 0 0 0
0 0 0 0 0 2 0 0 0 0 0 2 0 0 0 0 0
0 0 0 0 0 2 0 0 0 0 0 2 0 0 0 0 0
0 0 0 0 0 2 0 0 0 0 0 2 0 0 0 0 0
2 2 2 2 2 2 2 2 2 2 2 2 2 2 2 2 2
7 7 7 7 7 2 7 7 7 7 7 2 7 7 7 7 7
7 7 7 7 7 2 7 7 7 7 7 2 7 7 7 7 7
7 7 7 7 7 2 7 7 7 7 7 2 7 7 7 7 7
7 7 7 7 7 2 7 7 7 7 7 2 7 7 7 7 7
7 7 7 7 7 2 7 7 7 7 7 2 7 7 7 7 7
2 2 2 2 2 2 2 2 2 2 2 2 2 2 2 2 2
0 0 0 0 0 2 0 0 0 0 0 2 7 7 7 7 7
0 0 0 0 0 2 0 0 0 0 0 2 7 7 7 7 7
0 0 0 0 0 2 0 0 0 0 0 2 7 7 7 7 7
0 0 0 0 0 2 0 0 0 0 0 2 7 7 7 7 7
0 0 0 0 0 2 0 0 0 0 0 2 7 7 7 7 7
Output:
0 0 0
7 7 7
7 0 0

Example 1:

Input:
0 0 0 1 7 7 7 1 0 0 0 1 0 0 0
0 0 0 1 7 7 7 1 0 0 0 1 0 0 0
0 0 0 1 7 7 7 1 0 0 0 1 0 0 0
1 1 1 1 1 1 1 1 1 1 1 1 1 1 1
0 0 0 1 0 0 0 1 4 4 4 1 4 4 4
0 0 0 1 0 0 0 1 4 4 4 1 4 4 4
0 0 0 1 0 0 0 1 4 4 4 1 4 4 4
1 1 1 1 1 1 1 1 1 1 1 1 1 1 1
7 7 7 1 0 0 0 1 0 0 0 1 0 0 0
7 7 7 1 0 0 0 1 0 0 0 1 0 0 0
7 7 7 1 0 0 0 1 0 0 0 1 0 0 0
1 1 1 1 1 1 1 1 1 1 1 1 1 1 1
0 0 0 1 7 7 7 1 0 0 0 1 4 4 4
0 0 0 1 7 7 7 1 0 0 0 1 4 4 4
0 0 0 1 7 7 7 1 0 0 0 1 4 4 4
Output:
0 0 7 0
4 4 0 0
0 0 0 7
4 0 7 0


Write the **short** Python code in code golf manners that performs the transformation according to the rule in following format: `def p(g): ...`. Note that input and output are passed by 2D arrays. Use `val_` as a prefix for all variables except `_`. Avoid line breaks as much as possible.
