Find the common rule that maps an input grid to an output grid, given the examples below.

Example 1:

Input:
0 0 0 0 0 0 0 0 0 0
0 2 2 2 0 0 0 0 0 0
0 2 4 4 0 0 0 0 0 0
0 4 4 4 0 0 0 0 0 0
0 0 0 0 0 0 5 5 5 0
0 0 0 0 0 0 5 5 5 0
0 0 0 0 0 0 5 5 5 0
0 0 5 5 5 0 0 0 0 0
0 0 5 5 5 0 0 0 0 0
0 0 5 5 5 0 0 0 0 0
Output:
0 0 0 0 0 0 0 0 0 0
0 2 2 2 0 0 0 0 0 0
0 2 4 4 0 0 0 0 0 0
0 4 4 4 0 0 0 0 0 0
0 0 0 0 0 0 2 2 2 0
0 0 0 0 0 0 2 4 4 0
0 0 0 0 0 0 4 4 4 0
0 0 2 2 2 0 0 0 0 0
0 0 2 4 4 0 0 0 0 0
0 0 4 4 4 0 0 0 0 0

Example 1:

Input:
0 0 0 0 0 0 5 5 5 5
0 6 6 6 6 0 5 5 5 5
0 8 8 6 8 0 5 5 5 5
0 6 8 8 8 0 0 0 0 0
0 0 0 0 0 0 0 0 0 0
0 0 0 0 5 5 5 5 0 0
0 0 0 0 5 5 5 5 0 0
0 0 0 0 5 5 5 5 0 0
0 0 0 0 0 0 0 0 0 0
0 0 0 0 0 0 0 0 0 0
Output:
0 0 0 0 0 0 6 6 6 6
0 6 6 6 6 0 8 8 6 8
0 8 8 6 8 0 6 8 8 8
0 6 8 8 8 0 0 0 0 0
0 0 0 0 0 0 0 0 0 0
0 0 0 0 6 6 6 6 0 0
0 0 0 0 8 8 6 8 0 0
0 0 0 0 6 8 8 8 0 0
0 0 0 0 0 0 0 0 0 0
0 0 0 0 0 0 0 0 0 0

Example 1:

Input:
0 4 4 4 0 0 0 0 0 0
0 1 4 4 0 0 5 5 5 0
0 1 4 1 0 0 5 5 5 0
0 1 1 1 0 0 5 5 5 0
0 0 0 0 0 0 5 5 5 0
0 0 5 5 5 0 0 0 0 0
0 0 5 5 5 0 0 5 5 5
0 0 5 5 5 0 0 5 5 5
0 0 5 5 5 0 0 5 5 5
0 0 0 0 0 0 0 5 5 5
Output:
0 4 4 4 0 0 0 0 0 0
0 1 4 4 0 0 4 4 4 0
0 1 4 1 0 0 1 4 4 0
0 1 1 1 0 0 1 4 1 0
0 0 0 0 0 0 1 1 1 0
0 0 4 4 4 0 0 0 0 0
0 0 1 4 4 0 0 4 4 4
0 0 1 4 1 0 0 1 4 4
0 0 1 1 1 0 0 1 4 1
0 0 0 0 0 0 0 1 1 1

Example 1:

Input:
0 0 5 5 5 0 0 0 0 0
0 0 5 5 5 0 0 0 0 0
0 0 5 5 5 0 0 5 5 5
0 0 5 5 5 0 0 5 5 5
0 0 0 0 0 0 0 5 5 5
0 0 0 0 0 0 0 5 5 5
0 0 0 3 1 1 0 0 0 0
0 0 0 3 3 1 0 0 0 0
0 0 0 1 1 1 0 0 0 0
0 0 0 3 1 3 0 0 0 0
Output:
0 0 3 1 1 0 0 0 0 0
0 0 3 3 1 0 0 0 0 0
0 0 1 1 1 0 0 3 1 1
0 0 3 1 3 0 0 3 3 1
0 0 0 0 0 0 0 1 1 1
0 0 0 0 0 0 0 3 1 3
0 0 0 3 1 1 0 0 0 0
0 0 0 3 3 1 0 0 0 0
0 0 0 1 1 1 0 0 0 0
0 0 0 3 1 3 0 0 0 0

Example 1:

Input:
0 0 0 0 0 0 0 0 0 0
0 5 5 5 0 0 0 0 0 0
0 5 5 5 0 0 0 0 0 0
0 5 5 5 0 0 0 0 0 0
0 5 5 5 0 0 0 0 0 0
0 0 0 0 0 0 0 0 0 0
6 6 6 0 0 0 5 5 5 0
4 4 4 0 0 0 5 5 5 0
4 6 4 0 0 0 5 5 5 0
6 4 6 0 0 0 5 5 5 0
Output:
0 0 0 0 0 0 0 0 0 0
0 6 6 6 0 0 0 0 0 0
0 4 4 4 0 0 0 0 0 0
0 4 6 4 0 0 0 0 0 0
0 6 4 6 0 0 0 0 0 0
0 0 0 0 0 0 0 0 0 0
6 6 6 0 0 0 6 6 6 0
4 4 4 0 0 0 4 4 4 0
4 6 4 0 0 0 4 6 4 0
6 4 6 0 0 0 6 4 6 0

Example 1:

Input:
0 0 0 0 0 0 7 7 1 0
0 0 0 0 0 0 7 1 7 0
0 0 0 0 0 0 1 7 7 0
0 0 0 0 0 0 1 7 7 0
0 0 0 0 0 0 0 0 0 0
0 0 0 0 0 0 0 5 5 5
0 5 5 5 0 0 0 5 5 5
0 5 5 5 0 0 0 5 5 5
0 5 5 5 0 0 0 5 5 5
0 5 5 5 0 0 0 0 0 0
Output:
0 0 0 0 0 0 7 7 1 0
0 0 0 0 0 0 7 1 7 0
0 0 0 0 0 0 1 7 7 0
0 0 0 0 0 0 1 7 7 0
0 0 0 0 0 0 0 0 0 0
0 0 0 0 0 0 0 7 7 1
0 7 7 1 0 0 0 7 1 7
0 7 1 7 0 0 0 1 7 7
0 1 7 7 0 0 0 1 7 7
0 1 7 7 0 0 0 0 0 0

Example 1:

Input:
3 7 7 7 0 0 0 0 0 0
3 3 7 7 0 0 0 0 0 0
7 7 7 3 0 0 0 0 0 0
0 0 0 0 0 0 0 0 0 0
0 0 0 0 0 0 0 0 0 0
0 0 0 0 0 0 0 0 0 0
0 0 0 0 0 0 0 0 0 0
5 5 5 5 0 0 5 5 5 5
5 5 5 5 0 0 5 5 5 5
5 5 5 5 0 0 5 5 5 5
Output:
3 7 7 7 0 0 0 0 0 0
3 3 7 7 0 0 0 0 0 0
7 7 7 3 0 0 0 0 0 0
0 0 0 0 0 0 0 0 0 0
0 0 0 0 0 0 0 0 0 0
0 0 0 0 0 0 0 0 0 0
0 0 0 0 0 0 0 0 0 0
3 7 7 7 0 0 3 7 7 7
3 3 7 7 0 0 3 3 7 7
7 7 7 3 0 0 7 7 7 3

Example 1:

Input:
0 0 0 0 0 0 5 5 5 0
5 5 5 0 0 0 5 5 5 0
5 5 5 0 0 0 5 5 5 0
5 5 5 0 0 0 0 0 0 0
0 0 0 0 0 0 0 0 0 0
0 0 0 0 0 0 0 0 0 0
0 0 5 5 5 0 9 9 9 0
0 0 5 5 5 0 9 9 3 0
0 0 5 5 5 0 9 3 3 0
0 0 0 0 0 0 0 0 0 0
Output:
0 0 0 0 0 0 9 9 9 0
9 9 9 0 0 0 9 9 3 0
9 9 3 0 0 0 9 3 3 0
9 3 3 0 0 0 0 0 0 0
0 0 0 0 0 0 0 0 0 0
0 0 0 0 0 0 0 0 0 0
0 0 9 9 9 0 9 9 9 0
0 0 9 9 3 0 9 9 3 0
0 0 9 3 3 0 9 3 3 0
0 0 0 0 0 0 0 0 0 0


Write Python code that performs the transformation according to the rule in following format: `def p(g): ...`. Note that input and output are passed by 2D arrays.