Find the common rule that maps an input grid to an output grid, given the examples below.

Example 1:

Input:
0 0 0 0 0 0 0 0 0 0 0 0
0 0 3 3 0 0 0 0 0 0 0 0
0 0 3 3 0 0 0 0 0 8 0 0
0 0 3 3 3 0 0 0 8 8 0 0
0 3 0 0 0 0 0 0 0 0 8 0
0 0 0 0 0 0 0 0 0 0 0 0
0 0 0 0 2 2 0 0 0 0 0 0
0 0 0 2 2 2 2 0 0 0 0 0
0 0 0 0 2 0 0 0 0 0 0 0
0 0 0 0 0 0 0 0 0 0 0 0
0 0 0 0 0 0 0 0 0 0 0 0
0 0 0 0 0 0 0 0 0 0 0 0
Output:
3
2
8

Example 1:

Input:
0 0 0 0 0 0 0 0 0 0 0 0
0 0 0 0 0 0 0 1 1 0 1 0
0 0 0 0 0 0 0 1 1 1 0 0
0 0 0 0 0 0 0 0 0 1 1 0
0 0 0 0 0 0 0 0 1 0 0 0
0 0 0 0 0 0 0 0 0 0 0 0
0 0 0 0 0 0 0 0 0 0 0 0
0 0 0 2 0 0 0 0 0 0 0 0
0 0 2 2 0 0 0 0 0 0 7 0
0 0 0 2 0 0 0 0 7 7 7 0
0 0 0 0 0 0 0 0 0 7 7 0
0 0 0 0 0 0 0 0 0 0 0 0
Output:
1
7
2

Example 1:

Input:
0 0 0 0 0 0 0 0 0 0 0 0
0 0 0 2 0 0 0 0 0 0 0 0
0 0 2 2 2 0 0 0 1 0 0 0
0 2 2 2 0 0 0 0 1 1 0 0
0 0 0 0 0 0 0 0 1 1 0 0
0 0 0 0 0 0 0 0 0 0 0 0
0 0 0 0 0 0 0 0 0 0 0 0
0 0 0 0 0 4 4 4 0 0 0 0
0 0 0 4 4 4 4 4 0 0 0 0
0 0 0 4 4 4 4 4 0 0 0 0
0 0 0 0 4 0 0 0 0 0 0 0
0 0 0 0 0 0 0 0 0 0 0 0
Output:
4
2
1

Example 1:

Input:
0 0 0 0 0 0 0 0 0 0 0 0
0 0 3 0 0 0 0 0 0 0 0 0
0 3 3 0 0 0 0 0 0 0 0 0
0 0 0 0 0 0 0 0 0 0 0 0
0 0 0 0 0 0 0 0 0 0 0 0
0 0 0 0 1 1 0 0 0 0 0 0
0 0 0 1 1 1 0 0 0 0 0 0
0 0 0 0 0 0 0 0 0 0 0 0
0 0 0 0 0 0 0 6 0 0 0 0
0 0 0 0 0 0 6 6 0 0 0 0
0 0 0 0 0 6 0 6 6 0 0 0
0 0 0 0 0 0 0 6 0 0 0 0
Output:
6
1
3

Example 1:

Input:
0 0 0 0 0 0 0 0 0 0 0 0
0 0 0 0 0 0 0 0 0 0 0 0
0 0 0 0 0 3 3 3 0 0 0 0
0 0 0 0 0 0 3 0 0 8 8 0
0 0 0 0 0 0 3 0 0 8 8 0
0 0 0 0 0 0 0 0 0 0 0 0
0 0 0 0 0 0 0 0 0 0 0 0
0 0 0 0 0 0 0 0 0 0 0 0
0 0 0 0 0 0 4 4 0 0 0 0
0 0 0 0 0 0 4 0 0 0 0 0
0 0 0 0 0 0 4 4 4 4 0 0
0 0 0 0 0 0 4 4 4 0 0 0
Output:
4
3
8

Example 1:

Input:
0 0 0 0 0 0 4 4 4 4 0 0
0 0 6 6 6 0 4 0 4 4 0 0
0 0 0 6 6 0 0 4 4 4 0 0
0 0 0 0 0 0 0 4 0 4 0 0
0 0 0 0 0 0 0 0 0 0 0 0
0 0 0 0 0 0 0 0 0 0 0 0
0 0 0 0 0 0 0 0 0 0 0 0
0 0 0 0 0 0 0 0 0 0 0 0
0 0 0 0 0 0 0 5 5 0 0 0
0 0 0 0 0 0 0 5 5 0 0 0
0 0 0 0 0 0 0 5 5 0 0 0
0 0 0 0 0 0 0 0 0 0 0 0
Output:
4
5
6

Example 1:

Input:
0 0 0 0 0 1 1 1 0 0 0 0
0 0 0 0 0 0 1 0 0 0 0 0
0 0 0 0 0 1 1 1 0 0 0 0
0 0 0 0 0 0 1 1 0 0 0 0
0 0 0 0 0 0 0 0 0 0 0 0
0 0 0 0 0 0 0 0 0 0 0 0
0 0 0 0 0 0 0 0 0 0 0 0
0 0 0 0 0 0 0 2 2 0 0 0
0 0 9 9 9 0 0 2 0 0 0 0
0 0 9 9 9 9 0 0 0 0 0 0
0 0 9 9 0 9 0 0 0 0 0 0
0 0 9 9 0 0 0 0 0 0 0 0
Output:
9
1
2

Example 1:

Input:
0 0 0 0 0 0 0 0 0 0 0 0
0 0 0 0 7 7 0 0 0 0 0 0
0 0 0 0 7 7 0 0 0 0 0 0
0 0 0 0 7 7 0 0 0 0 0 0
0 0 0 0 7 0 0 0 0 0 0 0
0 0 0 0 0 0 0 0 0 0 0 0
0 0 0 0 0 0 0 0 0 2 2 2
0 0 0 0 0 0 0 0 0 2 0 0
1 1 0 1 0 0 0 0 0 2 0 0
1 1 1 1 0 0 0 0 0 0 0 0
1 0 1 0 0 0 0 0 0 0 0 0
1 0 1 0 0 0 0 0 0 0 0 0
Output:
1
7
2


Write Python code that performs the transformation according to the rule in following format: `def p(g): ...`. Note that input and output are passed by 2D arrays.