Find the common rule that maps an input grid to an output grid, given the examples below.

Example 1:

Input:
0 0 0 0 0 0 0 0 0 0 0 0 0
0 0 0 2 2 2 2 0 0 0 0 0 0
0 0 0 2 4 4 2 0 0 0 0 0 0
0 0 0 2 4 4 2 0 0 0 0 0 0
0 0 0 2 2 2 2 0 0 0 0 0 0
0 0 0 0 0 0 0 0 0 0 0 0 0
0 0 0 0 0 0 0 0 0 0 0 0 0
0 0 0 0 0 0 0 0 0 0 0 0 0
0 0 0 0 0 0 0 0 0 0 0 0 0
0 0 0 0 0 0 0 0 0 0 0 0 0
0 0 0 0 0 0 0 0 0 0 0 0 0
0 0 0 0 0 0 0 0 0 0 0 0 0
Output:
4 4 4 4
4 2 2 4
4 2 2 4
4 4 4 4

Example 1:

Input:
0 0 0 0 0 0 0 0 0 0 0
0 0 0 0 0 0 0 0 0 0 0
0 0 0 0 1 1 1 0 0 0 0
0 0 0 0 1 3 1 0 0 0 0
0 0 0 0 1 1 1 0 0 0 0
0 0 0 0 0 0 0 0 0 0 0
0 0 0 0 0 0 0 0 0 0 0
0 0 0 0 0 0 0 0 0 0 0
0 0 0 0 0 0 0 0 0 0 0
0 0 0 0 0 0 0 0 0 0 0
0 0 0 0 0 0 0 0 0 0 0
0 0 0 0 0 0 0 0 0 0 0
Output:
3 3 3
3 1 3
3 3 3

Example 1:

Input:
0 0 0 0 0 0 0 0 0 0 0 0 0
0 0 0 0 0 0 0 0 0 0 0 0 0
0 0 0 0 0 0 0 0 0 0 0 0 0
0 0 0 0 0 0 0 0 0 0 0 0 0
0 0 0 0 0 0 0 0 0 0 0 0 0
0 0 0 0 0 0 0 0 0 0 0 0 0
0 0 4 4 4 4 4 0 0 0 0 0 0
0 0 4 4 4 4 4 0 0 0 0 0 0
0 0 4 4 6 4 4 0 0 0 0 0 0
0 0 4 4 4 4 4 0 0 0 0 0 0
0 0 4 4 4 4 4 0 0 0 0 0 0
0 0 0 0 0 0 0 0 0 0 0 0 0
Output:
6 6 6 6 6
6 6 6 6 6
6 6 4 6 6
6 6 6 6 6
6 6 6 6 6

Example 1:

Input:
0 0 0 0 0 0 0 0 0 0 0 0 0
0 0 3 3 3 3 3 3 0 0 0 0 0
0 0 3 3 3 3 3 3 0 0 0 0 0
0 0 3 3 8 8 3 3 0 0 0 0 0
0 0 3 3 8 8 3 3 0 0 0 0 0
0 0 3 3 3 3 3 3 0 0 0 0 0
0 0 3 3 3 3 3 3 0 0 0 0 0
0 0 0 0 0 0 0 0 0 0 0 0 0
0 0 0 0 0 0 0 0 0 0 0 0 0
0 0 0 0 0 0 0 0 0 0 0 0 0
0 0 0 0 0 0 0 0 0 0 0 0 0
0 0 0 0 0 0 0 0 0 0 0 0 0
0 0 0 0 0 0 0 0 0 0 0 0 0
0 0 0 0 0 0 0 0 0 0 0 0 0
Output:
8 8 8 8 8 8
8 8 8 8 8 8
8 8 3 3 8 8
8 8 3 3 8 8
8 8 8 8 8 8
8 8 8 8 8 8

Example 1:

Input:
0 0 0 0 0 0 0 0 0 0 0 0 0 0
0 0 0 0 0 0 0 0 0 0 0 0 0 0
0 0 0 0 0 0 0 0 0 0 0 0 0 0
0 0 0 0 0 0 0 0 0 0 0 0 0 0
0 0 0 0 0 0 0 0 0 0 0 0 0 0
0 7 7 7 7 0 0 0 0 0 0 0 0 0
0 7 6 6 7 0 0 0 0 0 0 0 0 0
0 7 6 6 7 0 0 0 0 0 0 0 0 0
0 7 7 7 7 0 0 0 0 0 0 0 0 0
0 0 0 0 0 0 0 0 0 0 0 0 0 0
Output:
6 6 6 6
6 7 7 6
6 7 7 6
6 6 6 6

Example 1:

Input:
0 0 0 0 0 0 0 0 0 0
0 0 0 0 0 0 0 0 0 0
0 0 0 0 0 0 0 0 0 0
0 0 0 0 0 0 0 0 0 0
0 0 0 0 0 0 0 0 0 0
0 0 0 0 0 0 0 0 0 0
0 0 0 0 0 0 0 0 0 0
0 0 0 0 0 8 8 8 0 0
0 0 0 0 0 8 9 8 0 0
0 0 0 0 0 8 8 8 0 0
0 0 0 0 0 0 0 0 0 0
0 0 0 0 0 0 0 0 0 0
Output:
9 9 9
9 8 9
9 9 9

Example 1:

Input:
0 0 0 0 0 0 0 0 0 0
0 0 0 0 0 0 0 0 0 0
0 0 0 0 0 0 0 0 0 0
0 0 0 0 0 0 0 0 0 0
0 0 0 0 0 0 0 0 0 0
0 0 0 0 0 0 0 0 0 0
0 0 0 0 7 7 7 0 0 0
0 0 0 0 7 3 7 0 0 0
0 0 0 0 7 7 7 0 0 0
0 0 0 0 0 0 0 0 0 0
0 0 0 0 0 0 0 0 0 0
0 0 0 0 0 0 0 0 0 0
0 0 0 0 0 0 0 0 0 0
Output:
3 3 3
3 7 3
3 3 3

Example 1:

Input:
0 0 0 0 0 0 0 0 0 0 0 0
0 0 0 0 0 0 0 0 0 0 0 0
0 0 0 0 0 0 0 0 0 0 0 0
0 0 0 1 1 1 1 1 0 0 0 0
0 0 0 1 1 1 1 1 0 0 0 0
0 0 0 1 1 3 1 1 0 0 0 0
0 0 0 1 1 1 1 1 0 0 0 0
0 0 0 1 1 1 1 1 0 0 0 0
0 0 0 0 0 0 0 0 0 0 0 0
0 0 0 0 0 0 0 0 0 0 0 0
0 0 0 0 0 0 0 0 0 0 0 0
Output:
3 3 3 3 3
3 3 3 3 3
3 3 1 3 3
3 3 3 3 3
3 3 3 3 3


Write the **short** Python code in code golf manners that performs the transformation according to the rule in following format: `def p(g): ...`. Note that input and output are passed by 2D arrays.