Find the common rule that maps an input grid to an output grid, given the examples below.

Example 1:

Input:
0 0 0 0 0 0 0 0 0 0
0 0 0 0 0 0 0 0 0 0
0 0 0 0 0 0 0 0 0 0
0 0 0 0 0 0 0 0 0 0
0 0 0 0 0 0 0 0 0 0
0 0 0 0 0 0 0 0 0 0
0 0 0 0 0 0 0 0 0 0
0 0 0 0 0 0 0 0 0 0
0 0 0 0 0 0 0 0 0 0
0 2 0 0 0 0 0 0 0 0
Output:
0 2 5 2 0 2 5 2 0 2
0 2 0 2 0 2 0 2 0 2
0 2 0 2 0 2 0 2 0 2
0 2 0 2 0 2 0 2 0 2
0 2 0 2 0 2 0 2 0 2
0 2 0 2 0 2 0 2 0 2
0 2 0 2 0 2 0 2 0 2
0 2 0 2 0 2 0 2 0 2
0 2 0 2 0 2 0 2 0 2
0 2 0 2 5 2 0 2 5 2

Example 1:

Input:
0 0 0 0 0 0 0 0 0 0
0 0 0 0 0 0 0 0 0 0
0 0 0 0 0 0 0 0 0 0
0 0 0 0 0 0 0 0 0 0
0 0 0 0 0 0 0 0 0 0
0 0 0 0 0 0 0 0 0 0
0 0 0 0 0 0 0 0 0 0
0 0 0 0 0 0 0 0 0 0
0 0 0 0 0 0 0 0 0 0
0 0 0 0 0 3 0 0 0 0
Output:
0 0 0 0 0 3 5 3 0 3
0 0 0 0 0 3 0 3 0 3
0 0 0 0 0 3 0 3 0 3
0 0 0 0 0 3 0 3 0 3
0 0 0 0 0 3 0 3 0 3
0 0 0 0 0 3 0 3 0 3
0 0 0 0 0 3 0 3 0 3
0 0 0 0 0 3 0 3 0 3
0 0 0 0 0 3 0 3 0 3
0 0 0 0 0 3 0 3 5 3

Example 1:

Input:
0 0 0 0 0 0 0 0 0 0
0 0 0 0 0 0 0 0 0 0
0 0 0 0 0 0 0 0 0 0
0 0 0 0 0 0 0 0 0 0
0 0 0 0 0 0 0 0 0 0
0 0 0 0 0 0 0 0 0 0
0 0 0 0 0 0 0 0 0 0
0 0 0 0 0 0 0 0 0 0
0 0 0 0 0 0 0 0 0 0
0 0 0 0 4 0 0 0 0 0
Output:
0 0 0 0 4 5 4 0 4 5
0 0 0 0 4 0 4 0 4 0
0 0 0 0 4 0 4 0 4 0
0 0 0 0 4 0 4 0 4 0
0 0 0 0 4 0 4 0 4 0
0 0 0 0 4 0 4 0 4 0
0 0 0 0 4 0 4 0 4 0
0 0 0 0 4 0 4 0 4 0
0 0 0 0 4 0 4 0 4 0
0 0 0 0 4 0 4 5 4 0

Example 1:

Input:
0 0 0 0 0 0 0 0 0 0
0 0 0 0 0 0 0 0 0 0
0 0 0 0 0 0 0 0 0 0
0 0 0 0 0 0 0 0 0 0
0 0 0 0 0 0 0 0 0 0
0 0 0 0 0 0 0 0 0 0
0 0 0 0 0 0 0 0 0 0
0 0 0 0 0 0 0 0 0 0
0 0 0 0 0 0 0 0 0 0
0 0 1 0 0 0 0 0 0 0
Output:
0 0 1 5 1 0 1 5 1 0
0 0 1 0 1 0 1 0 1 0
0 0 1 0 1 0 1 0 1 0
0 0 1 0 1 0 1 0 1 0
0 0 1 0 1 0 1 0 1 0
0 0 1 0 1 0 1 0 1 0
0 0 1 0 1 0 1 0 1 0
0 0 1 0 1 0 1 0 1 0
0 0 1 0 1 0 1 0 1 0
0 0 1 0 1 5 1 0 1 5

Example 1:

Input:
0 0 0 0 0 0 0 0 0 0
0 0 0 0 0 0 0 0 0 0
0 0 0 0 0 0 0 0 0 0
0 0 0 0 0 0 0 0 0 0
0 0 0 0 0 0 0 0 0 0
0 0 0 0 0 0 0 0 0 0
0 0 0 0 0 0 0 0 0 0
0 0 0 0 0 0 0 0 0 0
0 0 0 0 0 0 0 0 0 0
0 0 0 0 0 0 0 0 2 0
Output:
0 0 0 0 0 0 0 0 2 5
0 0 0 0 0 0 0 0 2 0
0 0 0 0 0 0 0 0 2 0
0 0 0 0 0 0 0 0 2 0
0 0 0 0 0 0 0 0 2 0
0 0 0 0 0 0 0 0 2 0
0 0 0 0 0 0 0 0 2 0
0 0 0 0 0 0 0 0 2 0
0 0 0 0 0 0 0 0 2 0
0 0 0 0 0 0 0 0 2 0

Example 1:

Input:
0 0 0 0 0 0 0 0 0 0
0 0 0 0 0 0 0 0 0 0
0 0 0 0 0 0 0 0 0 0
0 0 0 0 0 0 0 0 0 0
0 0 0 0 0 0 0 0 0 0
0 0 0 0 0 0 0 0 0 0
0 0 0 0 0 0 0 0 0 0
0 0 0 0 0 0 0 0 0 0
0 0 0 0 0 0 0 0 0 0
0 7 0 0 0 0 0 0 0 0
Output:
0 7 5 7 0 7 5 7 0 7
0 7 0 7 0 7 0 7 0 7
0 7 0 7 0 7 0 7 0 7
0 7 0 7 0 7 0 7 0 7
0 7 0 7 0 7 0 7 0 7
0 7 0 7 0 7 0 7 0 7
0 7 0 7 0 7 0 7 0 7
0 7 0 7 0 7 0 7 0 7
0 7 0 7 0 7 0 7 0 7
0 7 0 7 5 7 0 7 5 7

Example 1:

Input:
0 0 0 0 0 0 0 0 0 0
0 0 0 0 0 0 0 0 0 0
0 0 0 0 0 0 0 0 0 0
0 0 0 0 0 0 0 0 0 0
0 0 0 0 0 0 0 0 0 0
0 0 0 0 0 0 0 0 0 0
0 0 0 0 0 0 0 0 0 0
0 0 0 0 0 0 0 0 0 0
0 0 0 0 0 0 0 0 0 0
0 9 0 0 0 0 0 0 0 0
Output:
0 9 5 9 0 9 5 9 0 9
0 9 0 9 0 9 0 9 0 9
0 9 0 9 0 9 0 9 0 9
0 9 0 9 0 9 0 9 0 9
0 9 0 9 0 9 0 9 0 9
0 9 0 9 0 9 0 9 0 9
0 9 0 9 0 9 0 9 0 9
0 9 0 9 0 9 0 9 0 9
0 9 0 9 0 9 0 9 0 9
0 9 0 9 5 9 0 9 5 9

Example 1:

Input:
0 0 0 0 0 0 0 0 0 0
0 0 0 0 0 0 0 0 0 0
0 0 0 0 0 0 0 0 0 0
0 0 0 0 0 0 0 0 0 0
0 0 0 0 0 0 0 0 0 0
0 0 0 0 0 0 0 0 0 0
0 0 0 0 0 0 0 0 0 0
0 0 0 0 0 0 0 0 0 0
0 0 0 0 0 0 0 0 0 0
0 0 0 0 0 3 0 0 0 0
Output:
0 0 0 0 0 3 5 3 0 3
0 0 0 0 0 3 0 3 0 3
0 0 0 0 0 3 0 3 0 3
0 0 0 0 0 3 0 3 0 3
0 0 0 0 0 3 0 3 0 3
0 0 0 0 0 3 0 3 0 3
0 0 0 0 0 3 0 3 0 3
0 0 0 0 0 3 0 3 0 3
0 0 0 0 0 3 0 3 0 3
0 0 0 0 0 3 0 3 5 3


Write the **short** Python code in code golf manners that performs the transformation according to the rule in following format: `def p(g): ...`. Note that input and output are passed by 2D arrays. Use `val_` as a prefix for all variables except `_`. Avoid line breaks as much as possible.
