Find the common rule that maps an input grid to an output grid, given the examples below.

Example 1:

Input:
9 9 9 9 9 9 9 9 9 9 9
9 9 9 9 9 9 9 9 9 9 9
9 1 1 1 9 9 9 1 9 9 9
9 1 9 1 9 9 9 1 9 9 9
9 1 9 1 9 9 1 1 1 1 9
9 1 1 1 9 9 9 1 9 9 9
9 9 9 9 9 9 9 1 9 9 9
9 9 9 9 9 9 9 9 9 9 9
9 9 9 9 9 9 9 9 9 9 9
Output:
9 9 9 9 9 9 9 9 9 9 9
9 9 9 9 9 9 9 9 9 9 9
9 8 8 8 9 9 9 1 9 9 9
9 8 9 8 9 9 9 1 9 9 9
9 8 9 8 9 9 1 1 1 1 9
9 8 8 8 9 9 9 1 9 9 9
9 9 9 9 9 9 9 1 9 9 9
9 9 9 9 9 9 9 9 9 9 9
9 9 9 9 9 9 9 9 9 9 9

Example 1:

Input:
9 9 9 9 9 9 9 9 9 9 9
9 1 1 1 1 1 9 9 1 9 9
9 1 9 9 9 1 9 9 1 9 1
9 1 1 1 1 1 9 9 1 1 1
9 9 9 9 9 9 9 9 9 9 9
9 9 9 9 9 9 9 9 9 9 9
9 9 9 1 9 9 9 9 9 9 9
9 9 1 1 1 1 1 9 9 9 9
9 9 9 1 9 1 9 9 9 9 9
9 9 9 1 1 1 9 9 1 1 1
9 9 9 9 9 9 9 9 1 9 1
1 1 9 9 9 9 9 9 1 1 1
Output:
9 9 9 9 9 9 9 9 9 9 9
9 8 8 8 8 8 9 9 1 9 9
9 8 9 9 9 8 9 9 1 9 1
9 8 8 8 8 8 9 9 1 1 1
9 9 9 9 9 9 9 9 9 9 9
9 9 9 9 9 9 9 9 9 9 9
9 9 9 8 9 9 9 9 9 9 9
9 9 8 8 8 8 8 9 9 9 9
9 9 9 8 9 8 9 9 9 9 9
9 9 9 8 8 8 9 9 8 8 8
9 9 9 9 9 9 9 9 8 9 8
1 1 9 9 9 9 9 9 8 8 8

Example 1:

Input:
9 9 9 9 9 1 9 9 9 9 9 9 9
9 9 9 9 9 9 9 9 1 9 9 9 9
9 9 1 9 9 9 9 1 1 1 1 9 9
9 1 1 1 1 9 9 9 1 9 9 9 9
9 1 9 9 1 9 9 9 1 9 9 9 9
9 1 1 1 1 9 9 9 1 1 1 9 9
9 9 9 9 1 9 9 9 9 9 9 9 9
9 9 9 9 1 9 9 9 9 9 9 9 9
9 1 9 9 9 9 9 1 1 1 9 9 9
1 1 1 9 9 9 9 9 9 1 9 9 9
9 1 9 9 9 9 1 9 1 1 9 9 9
1 1 9 9 9 9 1 1 1 9 9 9 9
Output:
9 9 9 9 9 1 9 9 9 9 9 9 9
9 9 9 9 9 9 9 9 1 9 9 9 9
9 9 8 9 9 9 9 1 1 1 1 9 9
9 8 8 8 8 9 9 9 1 9 9 9 9
9 8 9 9 8 9 9 9 1 9 9 9 9
9 8 8 8 8 9 9 9 1 1 1 9 9
9 9 9 9 8 9 9 9 9 9 9 9 9
9 9 9 9 8 9 9 9 9 9 9 9 9
9 1 9 9 9 9 9 1 1 1 9 9 9
1 1 1 9 9 9 9 9 9 1 9 9 9
9 1 9 9 9 9 1 9 1 1 9 9 9
1 1 9 9 9 9 1 1 1 9 9 9 9

Example 1:

Input:
9 9 9 9 9 9 9 9 9 9 9 9 9 9 9
9 1 1 1 1 1 1 9 9 9 9 1 1 1 1
9 9 1 9 9 9 1 9 9 9 9 1 9 9 1
9 9 1 1 1 9 1 9 9 9 1 1 1 9 1
9 9 9 9 1 1 1 9 9 9 9 9 9 9 1
9 9 9 9 1 9 9 9 1 1 1 9 9 9 9
9 9 9 9 9 9 9 9 1 9 1 1 9 9 9
9 9 9 9 9 9 9 9 1 1 1 9 9 9 9
1 1 1 1 9 9 9 9 9 9 9 9 9 9 9
1 9 9 1 9 9 9 1 9 1 9 9 9 9 9
1 1 1 1 9 9 9 1 1 1 1 1 9 9 9
1 9 9 9 9 9 9 9 9 1 9 9 9 9 9
9 9 9 9 9 1 9 9 9 9 9 9 9 9 9
9 9 9 9 1 1 9 9 9 9 9 9 1 1 9
Output:
9 9 9 9 9 9 9 9 9 9 9 9 9 9 9
9 8 8 8 8 8 8 9 9 9 9 1 1 1 1
9 9 8 9 9 9 8 9 9 9 9 1 9 9 1
9 9 8 8 8 9 8 9 9 9 1 1 1 9 1
9 9 9 9 8 8 8 9 9 9 9 9 9 9 1
9 9 9 9 8 9 9 9 8 8 8 9 9 9 9
9 9 9 9 9 9 9 9 8 9 8 8 9 9 9
9 9 9 9 9 9 9 9 8 8 8 9 9 9 9
8 8 8 8 9 9 9 9 9 9 9 9 9 9 9
8 9 9 8 9 9 9 1 9 1 9 9 9 9 9
8 8 8 8 9 9 9 1 1 1 1 1 9 9 9
8 9 9 9 9 9 9 9 9 1 9 9 9 9 9
9 9 9 9 9 1 9 9 9 9 9 9 9 9 9
9 9 9 9 1 1 9 9 9 9 9 9 1 1 9

Example 1:

Input:
1 1 9 9 9 9 9 9 9 9 9 9 9 9 9
9 9 9 9 9 9 9 9 9 9 9 1 9 9 9
9 9 9 1 1 1 1 1 9 9 9 1 9 9 9
9 9 9 9 1 9 9 1 9 9 9 1 9 9 9
9 9 9 9 1 9 9 1 9 9 9 1 9 9 9
9 9 9 9 1 1 1 1 9 9 9 1 9 9 1
9 9 9 9 9 9 9 1 9 9 9 1 1 1 1
1 1 1 1 9 9 9 1 9 9 9 1 9 9 1
1 9 9 1 9 9 9 9 9 9 9 9 9 9 1
1 9 9 1 9 9 9 9 9 9 9 9 9 1 1
1 1 9 9 9 9 9 9 9 9 9 9 9 9 9
9 9 9 9 9 9 9 9 9 9 9 9 9 9 9
9 9 9 1 1 1 1 1 1 9 9 9 1 1 9
9 9 9 1 9 9 9 9 1 9 9 9 9 1 9
9 9 9 1 9 9 9 9 1 9 9 9 9 1 9
9 9 9 1 1 1 1 1 1 1 9 9 9 1 9
Output:
1 1 9 9 9 9 9 9 9 9 9 9 9 9 9
9 9 9 9 9 9 9 9 9 9 9 1 9 9 9
9 9 9 8 8 8 8 8 9 9 9 1 9 9 9
9 9 9 9 8 9 9 8 9 9 9 1 9 9 9
9 9 9 9 8 9 9 8 9 9 9 1 9 9 9
9 9 9 9 8 8 8 8 9 9 9 1 9 9 1
9 9 9 9 9 9 9 8 9 9 9 1 1 1 1
1 1 1 1 9 9 9 8 9 9 9 1 9 9 1
1 9 9 1 9 9 9 9 9 9 9 9 9 9 1
1 9 9 1 9 9 9 9 9 9 9 9 9 1 1
1 1 9 9 9 9 9 9 9 9 9 9 9 9 9
9 9 9 9 9 9 9 9 9 9 9 9 9 9 9
9 9 9 8 8 8 8 8 8 9 9 9 1 1 9
9 9 9 8 9 9 9 9 8 9 9 9 9 1 9
9 9 9 8 9 9 9 9 8 9 9 9 9 1 9
9 9 9 8 8 8 8 8 8 8 9 9 9 1 9

Example 1:

Input:
9 9 9 9 9 9 9 9 9 9 9 9 9 9 9
9 9 9 9 9 9 9 9 9 9 9 9 9 9 9
9 9 9 9 9 9 9 9 9 9 9 9 9 9 9
9 9 9 9 9 9 9 9 9 9 9 9 9 9 9
9 9 9 9 9 9 9 9 9 9 9 9 1 9 9
9 9 9 9 9 9 9 9 1 1 9 1 1 1 9
9 9 1 1 1 1 9 9 9 1 9 9 1 9 9
9 9 9 1 9 1 9 9 9 1 9 9 1 9 9
9 9 1 1 1 1 1 9 9 1 9 9 1 9 9
9 9 9 9 9 9 9 9 9 1 1 1 1 9 9
9 9 9 9 9 9 9 9 9 1 9 9 9 9 9
9 9 9 9 9 9 9 9 9 9 9 9 9 9 9
9 9 9 9 9 9 9 9 9 9 9 9 9 9 9
9 9 9 9 9 9 9 9 9 9 9 9 9 9 9
9 9 9 9 9 9 9 9 9 9 9 9 9 9 9
9 9 9 9 9 9 9 9 9 9 9 9 9 9 9
Output:
9 9 9 9 9 9 9 9 9 9 9 9 9 9 9
9 9 9 9 9 9 9 9 9 9 9 9 9 9 9
9 9 9 9 9 9 9 9 9 9 9 9 9 9 9
9 9 9 9 9 9 9 9 9 9 9 9 9 9 9
9 9 9 9 9 9 9 9 9 9 9 9 1 9 9
9 9 9 9 9 9 9 9 1 1 9 1 1 1 9
9 9 8 8 8 8 9 9 9 1 9 9 1 9 9
9 9 9 8 9 8 9 9 9 1 9 9 1 9 9
9 9 8 8 8 8 8 9 9 1 9 9 1 9 9
9 9 9 9 9 9 9 9 9 1 1 1 1 9 9
9 9 9 9 9 9 9 9 9 1 9 9 9 9 9
9 9 9 9 9 9 9 9 9 9 9 9 9 9 9
9 9 9 9 9 9 9 9 9 9 9 9 9 9 9
9 9 9 9 9 9 9 9 9 9 9 9 9 9 9
9 9 9 9 9 9 9 9 9 9 9 9 9 9 9
9 9 9 9 9 9 9 9 9 9 9 9 9 9 9

Example 1:

Input:
9 9 9 9 9 9 9 9 9 9 9 9 9 9 9 9
9 9 9 1 1 1 1 1 1 9 9 9 9 9 9 9
9 9 9 9 1 9 9 1 9 9 9 9 9 9 9 9
9 9 9 9 1 1 1 1 9 9 9 9 9 9 9 9
9 9 9 9 9 9 9 9 9 9 9 9 9 9 9 9
9 9 9 9 9 9 9 9 9 9 9 9 9 9 9 9
9 9 9 9 9 9 9 9 9 9 9 9 9 9 9 9
9 9 9 9 9 9 9 9 9 9 9 9 9 9 9 9
9 1 9 9 9 9 9 9 9 9 9 9 9 9 9 9
9 1 1 1 1 1 9 9 9 9 9 9 9 9 9 9
9 1 9 9 9 1 9 9 9 9 9 9 9 9 9 9
9 1 1 9 1 1 9 9 9 9 9 9 9 9 9 9
9 9 9 9 9 9 9 9 9 9 9 9 9 9 9 9
9 9 9 9 9 9 9 9 9 9 9 9 9 9 9 9
9 9 9 9 9 9 9 9 9 9 9 9 9 9 9 9
9 9 9 9 9 9 9 9 9 9 9 9 9 9 9 9
Output:
9 9 9 9 9 9 9 9 9 9 9 9 9 9 9 9
9 9 9 8 8 8 8 8 8 9 9 9 9 9 9 9
9 9 9 9 8 9 9 8 9 9 9 9 9 9 9 9
9 9 9 9 8 8 8 8 9 9 9 9 9 9 9 9
9 9 9 9 9 9 9 9 9 9 9 9 9 9 9 9
9 9 9 9 9 9 9 9 9 9 9 9 9 9 9 9
9 9 9 9 9 9 9 9 9 9 9 9 9 9 9 9
9 9 9 9 9 9 9 9 9 9 9 9 9 9 9 9
9 1 9 9 9 9 9 9 9 9 9 9 9 9 9 9
9 1 1 1 1 1 9 9 9 9 9 9 9 9 9 9
9 1 9 9 9 1 9 9 9 9 9 9 9 9 9 9
9 1 1 9 1 1 9 9 9 9 9 9 9 9 9 9
9 9 9 9 9 9 9 9 9 9 9 9 9 9 9 9
9 9 9 9 9 9 9 9 9 9 9 9 9 9 9 9
9 9 9 9 9 9 9 9 9 9 9 9 9 9 9 9
9 9 9 9 9 9 9 9 9 9 9 9 9 9 9 9

Example 1:

Input:
9 9 9 9 9 9 9 9 9 9 9 9 9 9 9 1
9 9 9 9 9 9 9 9 9 9 9 1 1 9 1 1
9 9 9 9 9 9 9 9 9 9 9 9 1 9 9 1
9 9 9 9 9 9 9 9 9 9 9 9 1 9 9 1
9 9 9 9 9 9 9 9 9 9 9 9 1 1 1 1
9 9 9 9 9 9 9 9 9 9 9 9 1 9 9 9
9 9 9 9 9 9 9 9 9 9 9 9 9 9 9 9
9 9 9 9 1 9 9 9 9 9 9 9 9 9 9 9
9 9 9 9 1 1 1 9 9 9 9 9 9 9 9 9
9 9 9 9 1 9 1 9 9 9 9 9 9 9 9 9
9 9 9 9 1 9 1 9 9 9 9 9 9 9 9 9
9 9 9 9 1 1 1 9 9 9 9 9 9 9 9 9
9 9 9 9 9 9 1 9 9 9 9 9 9 9 9 9
9 9 9 9 9 9 9 9 9 9 9 9 9 9 9 9
9 9 9 9 9 9 9 9 9 9 9 9 9 9 9 9
9 9 9 9 9 9 9 9 9 9 9 9 9 9 9 9
Output:
9 9 9 9 9 9 9 9 9 9 9 9 9 9 9 1
9 9 9 9 9 9 9 9 9 9 9 1 1 9 1 1
9 9 9 9 9 9 9 9 9 9 9 9 1 9 9 1
9 9 9 9 9 9 9 9 9 9 9 9 1 9 9 1
9 9 9 9 9 9 9 9 9 9 9 9 1 1 1 1
9 9 9 9 9 9 9 9 9 9 9 9 1 9 9 9
9 9 9 9 9 9 9 9 9 9 9 9 9 9 9 9
9 9 9 9 8 9 9 9 9 9 9 9 9 9 9 9
9 9 9 9 8 8 8 9 9 9 9 9 9 9 9 9
9 9 9 9 8 9 8 9 9 9 9 9 9 9 9 9
9 9 9 9 8 9 8 9 9 9 9 9 9 9 9 9
9 9 9 9 8 8 8 9 9 9 9 9 9 9 9 9
9 9 9 9 9 9 8 9 9 9 9 9 9 9 9 9
9 9 9 9 9 9 9 9 9 9 9 9 9 9 9 9
9 9 9 9 9 9 9 9 9 9 9 9 9 9 9 9
9 9 9 9 9 9 9 9 9 9 9 9 9 9 9 9


Write the **short** Python code in code golf manners that performs the transformation according to the rule in following format: `def p(g): ...`. Note that input and output are passed by 2D arrays.