Find the common rule that maps an input grid to an output grid, given the examples below.

Example 1:

Input:
6 7 6 7 6 7 6 3 3 3 3
7 6 7 6 7 6 7 3 3 3 3
6 7 6 7 6 7 6 3 3 3 3
7 6 7 6 7 6 7 3 3 3 3
6 7 6 7 6 7 6 3 3 3 3
7 6 7 6 7 6 7 3 3 3 3
6 7 6 7 6 7 6 3 3 3 3
3 3 3 3 3 3 3 3 3 3 3
3 3 3 3 3 3 3 3 3 3 3
3 3 3 3 3 3 3 3 3 3 3
3 3 3 3 3 3 3 3 3 3 3
Output:
7 6 7 6 7 6 7 6 7 6 7
6 7 6 7 6 7 6 7 6 7 6
7 6 7 6 7 6 7 6 7 6 7
6 7 6 7 6 7 6 7 6 7 6
7 6 7 6 7 6 7 6 7 6 7
6 7 6 7 6 7 6 7 6 7 6
7 6 7 6 7 6 7 6 7 6 7
6 7 6 7 6 7 6 7 6 7 6
7 6 7 6 7 6 7 6 7 6 7
6 7 6 7 6 7 6 7 6 7 6
7 6 7 6 7 6 7 6 7 6 7

Example 1:

Input:
6 3 6 3 6 3 6 1
3 6 3 6 3 6 3 1
6 3 6 3 6 3 6 1
3 6 3 6 3 6 3 1
6 3 6 3 6 3 6 1
3 6 3 6 3 6 3 1
6 3 6 3 6 3 6 1
1 1 1 1 1 1 1 1
Output:
3 6 3 6 3 6 3 6
6 3 6 3 6 3 6 3
3 6 3 6 3 6 3 6
6 3 6 3 6 3 6 3
3 6 3 6 3 6 3 6
6 3 6 3 6 3 6 3
3 6 3 6 3 6 3 6
6 3 6 3 6 3 6 3

Example 1:

Input:
5 4 5 4 5 6
4 5 4 5 4 6
5 4 5 4 5 6
4 5 4 5 4 6
5 4 5 4 5 6
6 6 6 6 6 6
Output:
4 5 4 5 4 5
5 4 5 4 5 4
4 5 4 5 4 5
5 4 5 4 5 4
4 5 4 5 4 5
5 4 5 4 5 4

Example 1:

Input:
8 5 7 8 5 7 8 5 7 8 5 7 3 3 3 3 3 3
5 7 8 5 7 8 5 7 8 5 7 8 3 3 3 3 3 3
8 5 7 8 5 7 8 5 7 8 5 7 3 3 3 3 3 3
5 7 8 5 7 8 5 7 8 5 7 8 3 3 3 3 3 3
8 5 7 8 5 7 8 5 7 8 5 7 3 3 3 3 3 3
5 7 8 5 7 8 5 7 8 5 7 8 3 3 3 3 3 3
8 5 7 8 5 7 8 5 7 8 5 7 3 3 3 3 3 3
5 7 8 5 7 8 5 7 8 5 7 8 3 3 3 3 3 3
8 5 7 8 5 7 8 5 7 8 5 7 3 3 3 3 3 3
5 7 8 5 7 8 5 7 8 5 7 8 3 3 3 3 3 3
8 5 7 8 5 7 8 5 7 8 5 7 3 3 3 3 3 3
5 7 8 5 7 8 5 7 8 5 7 8 3 3 3 3 3 3
3 3 3 3 3 3 3 3 3 3 3 3 3 3 3 3 3 3
3 3 3 3 3 3 3 3 3 3 3 3 3 3 3 3 3 3
3 3 3 3 3 3 3 3 3 3 3 3 3 3 3 3 3 3
3 3 3 3 3 3 3 3 3 3 3 3 3 3 3 3 3 3
3 3 3 3 3 3 3 3 3 3 3 3 3 3 3 3 3 3
3 3 3 3 3 3 3 3 3 3 3 3 3 3 3 3 3 3
Output:
5 7 8 5 7 8 5 7 8 5 7 8 5 7 8 5 7 8
7 8 5 7 8 5 7 8 5 7 8 5 7 8 5 7 8 5
5 7 8 5 7 8 5 7 8 5 7 8 5 7 8 5 7 8
7 8 5 7 8 5 7 8 5 7 8 5 7 8 5 7 8 5
5 7 8 5 7 8 5 7 8 5 7 8 5 7 8 5 7 8
7 8 5 7 8 5 7 8 5 7 8 5 7 8 5 7 8 5
5 7 8 5 7 8 5 7 8 5 7 8 5 7 8 5 7 8
7 8 5 7 8 5 7 8 5 7 8 5 7 8 5 7 8 5
5 7 8 5 7 8 5 7 8 5 7 8 5 7 8 5 7 8
7 8 5 7 8 5 7 8 5 7 8 5 7 8 5 7 8 5
5 7 8 5 7 8 5 7 8 5 7 8 5 7 8 5 7 8
7 8 5 7 8 5 7 8 5 7 8 5 7 8 5 7 8 5
5 7 8 5 7 8 5 7 8 5 7 8 5 7 8 5 7 8
7 8 5 7 8 5 7 8 5 7 8 5 7 8 5 7 8 5
5 7 8 5 7 8 5 7 8 5 7 8 5 7 8 5 7 8
7 8 5 7 8 5 7 8 5 7 8 5 7 8 5 7 8 5
5 7 8 5 7 8 5 7 8 5 7 8 5 7 8 5 7 8
7 8 5 7 8 5 7 8 5 7 8 5 7 8 5 7 8 5

Example 1:

Input:
3 5 3 5 8 8 8
5 3 5 3 8 8 8
3 5 3 5 8 8 8
5 3 5 3 8 8 8
8 8 8 8 8 8 8
8 8 8 8 8 8 8
8 8 8 8 8 8 8
Output:
5 3 5 3 5 3 5
3 5 3 5 3 5 3
5 3 5 3 5 3 5
3 5 3 5 3 5 3
5 3 5 3 5 3 5
3 5 3 5 3 5 3
5 3 5 3 5 3 5

Example 1:

Input:
2 8 2 8 2 9 9 9
8 2 8 2 8 9 9 9
2 8 2 8 2 9 9 9
8 2 8 2 8 9 9 9
2 8 2 8 2 9 9 9
9 9 9 9 9 9 9 9
9 9 9 9 9 9 9 9
9 9 9 9 9 9 9 9
Output:
8 2 8 2 8 2 8 2
2 8 2 8 2 8 2 8
8 2 8 2 8 2 8 2
2 8 2 8 2 8 2 8
8 2 8 2 8 2 8 2
2 8 2 8 2 8 2 8
8 2 8 2 8 2 8 2
2 8 2 8 2 8 2 8

Example 1:

Input:
1 7 1 7 2 2 2 2
7 1 7 1 2 2 2 2
1 7 1 7 2 2 2 2
7 1 7 1 2 2 2 2
2 2 2 2 2 2 2 2
2 2 2 2 2 2 2 2
2 2 2 2 2 2 2 2
2 2 2 2 2 2 2 2
Output:
7 1 7 1 7 1 7 1
1 7 1 7 1 7 1 7
7 1 7 1 7 1 7 1
1 7 1 7 1 7 1 7
7 1 7 1 7 1 7 1
1 7 1 7 1 7 1 7
7 1 7 1 7 1 7 1
1 7 1 7 1 7 1 7

Example 1:

Input:
7 4 8 7 4 8 7 4 8 7 4 8 7 1 1 1
4 8 7 4 8 7 4 8 7 4 8 7 4 1 1 1
7 4 8 7 4 8 7 4 8 7 4 8 7 1 1 1
4 8 7 4 8 7 4 8 7 4 8 7 4 1 1 1
7 4 8 7 4 8 7 4 8 7 4 8 7 1 1 1
4 8 7 4 8 7 4 8 7 4 8 7 4 1 1 1
7 4 8 7 4 8 7 4 8 7 4 8 7 1 1 1
4 8 7 4 8 7 4 8 7 4 8 7 4 1 1 1
7 4 8 7 4 8 7 4 8 7 4 8 7 1 1 1
4 8 7 4 8 7 4 8 7 4 8 7 4 1 1 1
7 4 8 7 4 8 7 4 8 7 4 8 7 1 1 1
4 8 7 4 8 7 4 8 7 4 8 7 4 1 1 1
7 4 8 7 4 8 7 4 8 7 4 8 7 1 1 1
1 1 1 1 1 1 1 1 1 1 1 1 1 1 1 1
1 1 1 1 1 1 1 1 1 1 1 1 1 1 1 1
1 1 1 1 1 1 1 1 1 1 1 1 1 1 1 1
Output:
4 8 7 4 8 7 4 8 7 4 8 7 4 8 7 4
8 7 4 8 7 4 8 7 4 8 7 4 8 7 4 8
4 8 7 4 8 7 4 8 7 4 8 7 4 8 7 4
8 7 4 8 7 4 8 7 4 8 7 4 8 7 4 8
4 8 7 4 8 7 4 8 7 4 8 7 4 8 7 4
8 7 4 8 7 4 8 7 4 8 7 4 8 7 4 8
4 8 7 4 8 7 4 8 7 4 8 7 4 8 7 4
8 7 4 8 7 4 8 7 4 8 7 4 8 7 4 8
4 8 7 4 8 7 4 8 7 4 8 7 4 8 7 4
8 7 4 8 7 4 8 7 4 8 7 4 8 7 4 8
4 8 7 4 8 7 4 8 7 4 8 7 4 8 7 4
8 7 4 8 7 4 8 7 4 8 7 4 8 7 4 8
4 8 7 4 8 7 4 8 7 4 8 7 4 8 7 4
8 7 4 8 7 4 8 7 4 8 7 4 8 7 4 8
4 8 7 4 8 7 4 8 7 4 8 7 4 8 7 4
8 7 4 8 7 4 8 7 4 8 7 4 8 7 4 8


Write Python code that performs the transformation according to the rule in following format: `def p(g): ...`. Note that input and output are passed by 2D arrays.