Find the common rule that maps an input grid to an output grid, given the examples below.

Example 1:

Input:
1 1 1 1 0 0 1 1 0 0 0 8 8 8 8 8 0 8 8 8
1 1 1 0 1 0 1 1 0 0 0 8 8 8 8 8 8 8 8 8
1 1 0 1 1 1 0 1 0 0 8 8 8 8 8 8 8 8 8 8
1 1 0 1 0 1 1 1 0 0 8 0 8 8 8 8 8 8 8 8
0 1 1 0 1 1 1 1 0 8 0 8 8 0 8 8 8 0 8 8
1 0 1 1 1 1 0 0 0 8 8 8 8 8 8 8 8 8 0 8
1 1 0 1 1 1 1 1 0 8 8 8 0 8 8 8 0 8 0 0
1 1 0 1 1 0 1 1 0 0 8 8 0 8 8 8 0 0 0 8
0 0 0 0 0 0 0 0 0 0 0 0 0 0 0 0 0 0 0 0
6 6 6 6 6 0 6 6 0 1 0 1 1 0 1 1 1 0 0 0
6 6 6 6 6 6 6 0 0 0 1 0 1 1 0 0 1 1 1 0
0 6 0 6 6 6 0 6 0 1 1 0 0 0 1 0 1 1 0 1
6 6 6 0 6 6 6 6 0 1 1 0 1 0 1 1 1 0 1 1
6 0 6 6 0 6 0 6 0 1 1 1 1 0 1 1 0 1 0 1
6 6 6 6 6 0 6 6 0 1 0 1 0 1 1 1 1 1 1 1
6 6 6 6 6 0 6 0 0 1 0 1 0 1 1 1 1 1 1 1
6 6 6 0 6 6 0 6 0 1 1 1 1 1 1 1 0 0 1 1
0 6 6 6 0 0 6 0 0 0 0 1 1 0 1 1 1 1 1 0
6 0 0 0 6 0 6 0 0 1 1 1 1 1 0 1 1 1 1 1
6 6 0 6 0 6 6 6 0 1 0 1 0 1 0 1 1 1 1 0
Output:
1 8
6 1

Example 1:

Input:
4 4 4 4 4 0 0 8 0 8 8 8 0 0 3 3 3 0 0 3 3 3
4 4 4 0 0 4 0 8 8 8 8 8 0 0 3 3 3 3 0 3 3 0
4 4 4 4 0 0 0 8 8 0 0 8 0 0 3 3 3 0 3 0 3 3
4 4 0 0 4 4 0 8 8 8 8 8 8 0 3 3 3 3 0 3 3 3
4 4 4 4 4 4 0 0 8 8 8 8 8 0 3 0 3 0 3 0 3 0
0 0 4 4 4 4 0 8 0 8 0 8 0 0 3 0 3 3 3 3 3 3
4 4 0 4 4 0 0 8 8 8 8 0 8 0 3 0 0 3 3 3 3 0
0 0 0 0 0 0 0 0 0 0 0 0 0 0 0 0 0 0 0 0 0 0
0 1 1 1 1 1 0 2 0 2 2 2 2 0 8 0 8 0 0 8 8 8
1 0 1 1 0 1 0 2 0 2 2 2 0 0 8 8 8 0 0 8 8 8
1 1 1 0 1 0 0 2 0 2 2 2 0 0 8 8 8 8 8 8 8 8
1 1 0 1 0 1 0 2 2 2 2 0 2 0 0 0 8 8 8 0 8 8
1 1 1 0 1 0 0 2 2 0 2 2 0 0 0 8 0 8 8 8 8 0
1 1 1 1 1 1 0 0 2 2 2 0 2 0 8 8 0 0 8 0 8 8
1 1 1 0 0 0 0 2 0 2 2 2 2 0 8 8 0 0 0 8 8 8
1 0 0 1 0 1 0 2 2 0 2 2 0 0 8 0 8 8 0 0 0 8
1 1 1 1 0 1 0 0 2 2 2 0 2 0 0 8 8 0 0 0 8 0
1 1 0 1 1 1 0 2 2 2 0 2 0 0 8 0 8 8 0 0 8 8
Output:
4 8 3
1 2 8

Example 1:

Input:
2 2 2 2 2 0 0 0 0 0 0 7 0 0 7 0 0
2 2 0 0 2 0 2 0 7 0 7 0 7 7 7 7 0
2 2 2 2 0 2 2 0 0 7 7 0 0 7 7 0 7
2 0 2 2 0 2 2 0 0 0 7 7 7 7 7 7 0
2 2 2 0 2 2 2 0 0 7 0 7 7 7 0 0 0
2 0 2 0 2 2 2 0 7 7 0 7 7 0 0 7 7
0 0 0 0 0 0 0 0 0 0 0 0 0 0 0 0 0
0 4 4 4 4 4 0 0 0 8 0 8 8 8 8 8 8
4 0 4 4 0 4 0 0 8 0 8 8 8 8 8 8 8
4 0 0 4 0 4 4 0 0 8 0 8 8 0 8 0 8
4 4 0 0 0 0 4 0 8 8 0 8 8 8 8 8 8
4 4 4 4 0 0 0 0 8 8 8 8 8 8 8 8 0
4 4 4 4 0 4 4 0 8 8 8 8 8 8 8 8 8
4 4 4 4 4 4 0 0 8 8 8 0 0 8 8 8 0
0 4 4 4 0 4 4 0 8 8 0 8 8 8 8 0 8
0 0 0 0 4 4 4 0 0 8 0 0 8 0 8 8 8
0 0 0 0 0 0 0 0 0 0 0 0 0 0 0 0 0
0 1 1 1 1 1 1 0 6 6 0 6 6 0 6 6 6
0 1 1 1 1 1 0 0 6 6 6 0 6 6 6 6 0
1 1 1 1 1 0 1 0 6 6 6 6 0 6 6 6 6
1 0 0 0 1 1 1 0 6 6 6 0 6 6 6 6 6
1 0 1 1 1 0 0 0 6 6 6 6 6 0 0 6 6
1 1 1 1 1 1 1 0 6 6 6 6 6 6 6 6 6
Output:
2 7
4 8
1 6

Example 1:

Input:
3 3 3 0 3 3 3 0 2 2 2 2 2 2 2 0 0 0 4 4 4 4 0 4 4 4 4 4
3 3 3 3 3 3 3 0 2 2 0 2 2 2 2 0 4 0 4 4 4 4 4 4 4 4 4 4
0 3 0 0 3 3 0 0 2 2 0 0 2 2 2 0 4 4 4 4 4 4 4 4 4 4 4 4
3 0 3 3 3 3 3 0 2 0 2 2 2 2 2 0 4 0 0 4 4 4 4 4 4 4 4 4
0 0 0 0 0 0 0 0 0 0 0 0 0 0 0 0 0 0 0 0 0 0 0 0 0 0 0 0
1 1 1 1 1 0 1 0 1 1 0 0 1 1 1 0 8 8 8 0 8 8 8 8 8 0 8 0
1 1 1 0 1 0 1 0 1 1 1 1 0 1 1 0 8 8 8 8 8 8 0 8 0 8 8 0
1 0 1 1 1 1 1 0 1 1 1 1 1 1 1 0 8 8 8 8 8 8 8 0 8 8 8 8
1 1 0 1 1 1 0 0 1 1 1 1 1 0 1 0 8 8 8 0 8 8 8 8 8 8 0 8
0 0 0 1 1 0 1 0 1 0 0 1 1 1 1 0 0 0 8 8 8 0 8 8 0 8 8 8
1 1 1 0 1 1 0 0 0 1 1 1 0 1 1 0 8 8 8 8 8 8 0 8 0 8 8 0
1 1 1 0 0 0 1 0 1 1 1 1 1 0 1 0 8 8 8 8 8 0 0 0 8 8 8 8
1 1 1 1 1 1 1 0 1 1 1 1 1 0 0 0 8 8 8 8 0 8 8 8 8 8 0 8
1 1 1 0 0 1 1 0 0 1 1 1 1 0 1 0 0 8 8 8 8 8 8 8 8 8 8 8
1 0 1 1 0 1 1 0 1 1 1 1 1 1 1 0 8 8 8 8 8 8 8 8 8 0 8 0
1 1 1 0 1 0 1 0 1 1 0 1 1 1 1 0 8 0 8 0 8 8 8 8 8 8 8 8
1 1 1 1 1 1 1 0 0 1 0 1 1 1 1 0 8 8 8 8 8 8 0 8 0 8 8 8
1 0 1 1 1 1 1 0 1 1 1 1 1 0 1 0 8 0 8 8 8 8 8 8 8 8 0 8
0 1 0 1 1 1 1 0 1 1 1 0 1 1 0 0 8 0 8 8 8 8 8 0 8 8 8 8
0 0 0 0 0 0 0 0 0 0 0 0 0 0 0 0 0 0 0 0 0 0 0 0 0 0 0 0
7 7 0 7 7 0 7 0 3 3 0 0 3 3 3 0 2 0 2 2 2 2 0 2 2 0 2 2
7 7 7 0 7 7 7 0 0 3 3 0 3 0 0 0 2 2 2 2 2 0 2 2 2 2 2 0
7 7 7 7 7 7 7 0 3 3 3 3 3 3 3 0 2 2 2 2 2 2 2 2 2 2 2 2
Output:
3 2 4
1 1 8
7 3 2

Example 1:

Input:
3 3 3 3 0 9 9 9 9 9 9 9 9 9
3 0 3 0 0 9 9 9 9 9 0 9 9 9
3 3 3 3 0 9 9 9 9 9 9 9 9 9
3 0 3 3 0 9 9 9 9 9 9 9 9 9
3 3 3 0 0 9 0 9 9 9 9 9 9 9
3 3 3 3 0 9 9 9 9 9 9 9 9 0
3 3 3 3 0 9 9 9 0 9 9 9 9 9
0 3 3 3 0 9 9 9 9 9 0 9 9 9
3 3 3 3 0 9 9 9 9 9 9 9 9 9
0 0 0 0 0 0 0 0 0 0 0 0 0 0
1 1 1 1 0 6 6 6 6 6 6 6 6 6
1 1 1 1 0 6 6 6 6 6 6 6 6 6
1 1 1 1 0 6 6 6 6 6 6 6 6 6
1 1 1 0 0 6 6 6 6 6 6 6 6 6
0 0 0 0 0 0 0 0 0 0 0 0 0 0
7 7 0 0 0 4 4 4 0 4 4 4 4 4
7 7 7 7 0 4 4 4 4 4 4 0 4 0
7 7 7 7 0 4 4 4 4 4 4 4 4 4
Output:
3 9
1 6
7 4

Example 1:

Input:
9 9 9 9 0 9 9 9 9 9 9 0 9 9 9 0 0 9 9 9 0 9 9 0 0 9 9 9
9 9 9 9 9 9 9 9 9 9 9 9 9 9 9 0 9 9 9 9 9 9 9 9 9 9 9 9
9 9 0 9 9 9 9 9 9 9 9 9 9 9 9 0 9 9 9 9 9 9 9 9 9 9 0 9
9 9 9 9 9 9 9 9 9 9 0 9 9 9 0 0 9 0 9 0 9 9 9 0 9 9 9 9
9 9 9 9 9 9 9 9 9 9 9 9 9 9 9 0 9 9 9 9 9 9 9 9 9 9 9 9
9 9 9 9 9 9 9 9 9 0 0 9 9 9 9 0 9 9 9 9 9 9 9 9 9 9 9 9
9 9 9 9 9 9 9 9 9 9 0 9 9 9 9 0 9 9 9 9 9 9 9 9 0 9 9 9
9 9 9 9 9 9 9 9 9 9 9 9 9 9 9 0 9 9 9 0 9 9 9 9 9 9 9 9
9 0 9 0 9 9 9 9 9 9 9 9 9 0 9 0 9 9 9 9 9 9 9 9 9 9 9 9
9 9 9 0 9 9 9 9 9 9 9 9 9 9 9 0 9 9 9 9 9 0 9 9 9 9 9 9
9 9 9 9 9 9 9 9 9 9 9 9 9 9 9 0 9 9 9 9 9 9 9 9 0 9 9 9
0 0 0 0 0 0 0 0 0 0 0 0 0 0 0 0 0 0 0 0 0 0 0 0 0 0 0 0
0 0 2 2 0 2 2 2 2 2 2 2 2 2 2 0 4 4 4 4 4 4 4 4 4 4 4 4
0 2 2 2 2 2 2 2 2 2 2 2 2 2 2 0 4 4 4 4 4 4 4 4 4 4 4 4
0 2 0 2 2 2 2 2 2 2 2 0 2 2 2 0 4 4 4 4 4 4 4 4 4 4 4 4
2 0 2 2 2 2 2 0 2 2 2 2 2 0 2 0 4 4 4 4 4 4 4 4 4 4 4 4
2 2 2 2 2 2 2 2 2 2 2 2 0 2 2 0 4 4 4 4 4 4 4 4 4 4 4 4
2 2 2 2 0 0 2 2 2 2 2 2 2 2 2 0 4 4 4 4 4 0 4 4 4 4 4 4
2 2 0 2 2 2 2 2 0 0 2 2 0 2 2 0 4 4 4 4 4 4 0 4 4 0 4 4
2 2 2 2 2 2 2 2 2 2 2 2 2 2 2 0 4 4 4 4 4 4 4 4 4 0 0 4
2 2 2 2 2 2 0 2 2 2 0 2 2 2 2 0 4 4 4 0 4 4 4 4 4 4 4 4
2 2 2 2 0 2 2 2 2 2 0 2 2 2 2 0 4 4 0 4 4 4 4 4 4 4 4 4
2 2 2 2 2 2 2 2 2 2 0 2 2 2 2 0 4 4 4 4 4 4 4 4 0 4 4 0
2 2 2 2 2 2 2 0 2 2 2 2 2 2 2 0 4 4 4 4 4 4 4 4 4 4 4 4
0 2 2 2 2 2 0 2 2 0 2 2 2 2 2 0 4 4 4 0 4 4 0 4 4 4 4 4
2 2 2 2 2 2 2 2 2 2 2 2 2 2 2 0 4 4 4 4 4 4 4 0 4 4 4 4
0 0 0 0 0 0 0 0 0 0 0 0 0 0 0 0 0 0 0 0 0 0 0 0 0 0 0 0
9 9 9 9 9 9 9 9 9 9 9 9 9 9 9 0 7 7 7 7 7 0 7 7 7 0 7 7
9 9 9 9 9 9 9 9 0 9 9 9 9 9 9 0 7 7 7 7 7 7 7 7 0 7 7 7
9 9 9 9 9 9 9 9 9 9 9 9 9 9 9 0 7 7 7 7 7 7 7 7 7 7 7 7
9 9 9 9 9 9 0 0 9 9 9 9 9 9 9 0 7 7 7 7 0 7 7 0 7 7 7 7
9 9 9 9 0 9 9 9 9 9 9 0 9 9 9 0 7 7 7 7 0 7 7 7 7 7 0 7
9 9 9 9 9 9 9 9 9 0 9 0 0 9 9 0 7 7 0 7 7 0 7 7 7 7 7 7
9 9 9 0 9 9 9 9 9 9 9 9 9 9 9 0 0 7 7 0 7 7 7 7 7 7 7 7
9 9 9 9 9 9 9 9 9 9 9 9 9 9 9 0 7 7 7 0 7 7 7 7 7 7 7 7
9 9 9 9 9 9 9 9 9 9 9 9 9 0 9 0 0 0 7 7 7 7 7 7 7 7 7 7
9 9 9 9 9 0 9 9 9 9 9 9 9 9 9 0 7 7 7 7 7 7 7 7 7 0 7 7
9 9 9 9 9 9 9 0 9 9 9 9 9 9 9 0 7 7 7 7 7 7 7 7 7 7 7 7
9 9 9 9 9 9 0 9 9 0 9 9 9 9 9 0 0 7 7 7 7 7 7 7 7 7 7 0
9 9 9 9 9 9 0 9 9 9 0 9 9 9 9 0 7 7 7 7 7 7 7 7 7 7 7 7
9 9 0 0 9 9 9 9 9 9 9 9 9 9 9 0 0 0 7 7 7 7 7 7 7 7 7 7
9 9 9 9 9 9 0 9 9 9 9 9 9 9 9 0 7 7 7 7 0 7 7 7 7 7 7 0
Output:
9 9
2 4
9 7

Example 1:

Input:
2 2 2 2 2 0 1 1 1 0 1 0 0 1
2 2 2 2 2 0 1 1 1 1 1 1 1 1
2 2 2 2 2 0 1 1 1 1 1 1 1 0
2 2 2 2 2 0 1 1 1 1 1 1 1 1
2 2 2 2 2 0 1 1 1 1 1 1 1 1
0 2 2 2 2 0 1 1 1 1 1 1 1 1
2 2 2 2 2 0 1 1 1 0 1 1 1 1
2 2 2 2 2 0 1 1 1 1 1 1 1 1
2 2 2 2 2 0 1 1 1 1 1 1 1 1
2 2 2 2 0 0 1 1 1 1 1 1 0 1
2 2 2 2 2 0 0 1 0 1 1 1 1 1
2 0 2 2 2 0 1 1 1 1 1 1 1 1
0 0 0 0 0 0 0 0 0 0 0 0 0 0
6 6 6 6 6 0 7 7 7 7 7 7 7 7
6 6 6 6 6 0 7 7 7 7 7 7 7 7
6 6 6 6 6 0 7 7 7 7 7 0 7 7
0 6 0 6 6 0 7 7 7 7 7 7 7 7
6 6 6 6 6 0 7 7 7 7 7 7 0 7
0 0 0 0 0 0 0 0 0 0 0 0 0 0
3 3 3 3 3 0 7 7 7 7 7 7 7 7
0 3 3 3 3 0 7 7 7 7 7 0 7 7
3 3 3 3 3 0 7 7 7 7 0 7 7 7
0 3 3 3 3 0 7 7 7 7 7 7 7 7
3 3 3 3 3 0 7 7 7 7 7 7 0 7
3 3 0 0 0 0 7 7 7 7 7 7 7 7
3 3 3 3 3 0 0 7 7 7 7 7 7 7
Output:
2 1
6 7
3 7

Example 1:

Input:
1 0 1 1 1 1 0 6 6 6 6 6 0 6 0 6 6 6 6 6 6 6 6 6 6 6 6
0 1 1 0 0 1 0 6 6 6 6 0 0 6 0 6 0 6 6 0 6 6 6 6 6 6 6
1 1 1 1 1 1 0 6 6 6 6 6 6 6 0 0 6 6 6 0 6 6 6 6 6 6 6
1 1 1 1 1 1 0 6 6 6 6 6 6 6 0 6 6 6 0 6 6 6 6 6 6 6 6
1 1 1 1 1 1 0 6 6 0 0 6 6 6 0 6 6 6 6 6 6 6 6 0 6 6 6
1 1 1 1 1 1 0 6 0 6 6 6 6 6 0 6 6 0 0 6 6 6 6 0 6 6 6
0 1 1 1 1 1 0 6 6 0 0 6 6 6 0 0 6 6 6 6 6 0 6 6 6 6 6
1 1 1 1 1 1 0 0 6 6 6 6 6 6 0 6 6 6 6 6 6 6 0 6 6 6 6
1 1 1 0 1 1 0 6 0 0 6 6 6 6 0 6 6 6 6 6 6 6 6 6 6 6 6
1 1 1 1 1 1 0 6 6 0 6 6 6 6 0 6 6 6 6 6 6 6 6 6 6 6 6
1 1 1 1 1 1 0 6 0 6 6 6 6 6 0 6 6 6 6 6 0 0 6 6 0 6 6
1 1 1 1 0 1 0 6 6 6 6 6 6 0 0 6 0 6 6 6 6 6 6 6 6 6 6
0 0 0 0 0 0 0 0 0 0 0 0 0 0 0 0 0 0 0 0 0 0 0 0 0 0 0
5 5 0 5 5 5 0 3 3 3 3 0 0 3 0 1 1 1 1 1 1 1 1 0 1 1 1
5 5 5 5 5 0 0 3 0 3 3 3 3 3 0 1 1 1 1 1 1 0 1 1 1 0 0
5 5 5 5 5 5 0 3 3 3 3 3 3 3 0 1 1 1 1 1 1 1 1 0 1 1 1
5 5 5 5 5 5 0 3 3 3 3 3 3 3 0 1 1 1 1 1 1 1 1 1 1 0 1
5 5 5 5 5 5 0 3 3 3 3 3 3 0 0 1 1 1 1 1 1 1 1 1 1 1 1
5 5 5 5 5 5 0 3 3 3 3 3 3 3 0 1 1 1 0 1 1 1 1 1 1 1 1
0 5 5 5 5 5 0 3 3 3 3 3 3 3 0 1 1 1 1 1 1 1 0 1 1 1 1
5 5 5 5 5 5 0 3 3 3 3 3 3 3 0 1 1 1 1 1 0 1 1 1 1 1 1
Output:
1 6 6
5 3 1


Write Python code that performs the transformation according to the rule in following format: `def p(g): ...`. Note that input and output are passed by 2D arrays.