Find the common rule that maps an input grid to an output grid, given the examples below.

Example 1:

Input:
2 8 3 0 0 0 0
8 3 0 0 0 0 0
3 0 0 0 0 0 0
0 0 0 0 0 0 0
0 0 0 0 0 0 0
0 0 0 0 0 0 0
0 0 0 0 0 0 0
Output:
2 8 3 2 8 3 2
8 3 2 8 3 2 8
3 2 8 3 2 8 3
2 8 3 2 8 3 2
8 3 2 8 3 2 8
3 2 8 3 2 8 3
2 8 3 2 8 3 2

Example 1:

Input:
0 0 0 0 0 0 0
0 0 0 0 0 0 0
0 0 0 0 0 0 1
0 0 0 0 0 1 2
0 0 0 0 1 2 4
0 0 0 1 2 4 0
0 0 1 2 4 0 0
Output:
2 4 1 2 4 1 2
4 1 2 4 1 2 4
1 2 4 1 2 4 1
2 4 1 2 4 1 2
4 1 2 4 1 2 4
1 2 4 1 2 4 1
2 4 1 2 4 1 2

Example 1:

Input:
0 0 0 0 8 3 0
0 0 0 8 3 0 0
0 0 8 3 0 0 0
0 8 3 0 0 0 4
8 3 0 0 0 4 0
3 0 0 0 4 0 0
0 0 0 4 0 0 0
Output:
4 8 3 4 8 3 4
8 3 4 8 3 4 8
3 4 8 3 4 8 3
4 8 3 4 8 3 4
8 3 4 8 3 4 8
3 4 8 3 4 8 3
4 8 3 4 8 3 4

Example 1:

Input:
0 1 0 0 0 0 2
1 0 0 0 0 2 0
0 0 0 0 2 0 0
0 0 0 2 0 0 0
0 0 2 0 0 0 0
0 2 0 0 0 0 4
2 0 0 0 0 4 0
Output:
2 1 4 2 1 4 2
1 4 2 1 4 2 1
4 2 1 4 2 1 4
2 1 4 2 1 4 2
1 4 2 1 4 2 1
4 2 1 4 2 1 4
2 1 4 2 1 4 2

Example 1:

Input:
0 1 0 0 0 0 0
1 0 0 0 0 0 0
0 0 0 0 0 0 0
0 0 0 0 0 0 0
0 0 0 0 0 0 0
0 0 0 0 0 0 9
0 0 0 0 0 9 3
Output:
3 1 9 3 1 9 3
1 9 3 1 9 3 1
9 3 1 9 3 1 9
3 1 9 3 1 9 3
1 9 3 1 9 3 1
9 3 1 9 3 1 9
3 1 9 3 1 9 3

Example 1:

Input:
4 0 8 0 0 0 0
0 8 0 0 0 0 7
8 0 0 0 0 7 0
0 0 0 0 7 0 0
0 0 0 7 0 0 0
0 0 7 0 0 0 0
0 7 0 0 0 0 0
Output:
4 7 8 4 7 8 4
7 8 4 7 8 4 7
8 4 7 8 4 7 8
4 7 8 4 7 8 4
7 8 4 7 8 4 7
8 4 7 8 4 7 8
4 7 8 4 7 8 4

Example 1:

Input:
1 0 7 0 0 0 0
0 7 0 0 0 0 0
7 0 0 0 0 0 0
0 0 0 0 0 0 0
0 0 0 0 0 0 6
0 0 0 0 0 6 0
0 0 0 0 6 0 0
Output:
1 6 7 1 6 7 1
6 7 1 6 7 1 6
7 1 6 7 1 6 7
1 6 7 1 6 7 1
6 7 1 6 7 1 6
7 1 6 7 1 6 7
1 6 7 1 6 7 1

Example 1:

Input:
0 0 3 0 9 0 6
0 3 0 9 0 6 0
3 0 9 0 6 0 0
0 9 0 6 0 0 0
9 0 6 0 0 0 0
0 6 0 0 0 0 0
6 0 0 0 0 0 0
Output:
6 9 3 6 9 3 6
9 3 6 9 3 6 9
3 6 9 3 6 9 3
6 9 3 6 9 3 6
9 3 6 9 3 6 9
3 6 9 3 6 9 3
6 9 3 6 9 3 6


Write Python code that performs the transformation according to the rule in following format: `def p(g): ...`. Note that input and output are passed by 2D arrays.