Find the common rule that maps an input grid to an output grid, given the examples below.

Example 1:

Input:
2 0 0
0 0 7
0 0 0
Output:
2 2 0 0 0 0
2 2 0 0 0 0
0 0 0 0 7 7
0 0 0 0 7 7
0 0 0 0 0 0
0 0 0 0 0 0

Example 1:

Input:
0 4 0
0 0 8
6 0 0
Output:
0 0 0 4 4 4 0 0 0
0 0 0 4 4 4 0 0 0
0 0 0 4 4 4 0 0 0
0 0 0 0 0 0 8 8 8
0 0 0 0 0 0 8 8 8
0 0 0 0 0 0 8 8 8
6 6 6 0 0 0 0 0 0
6 6 6 0 0 0 0 0 0
6 6 6 0 0 0 0 0 0

Example 1:

Input:
0 6 9
3 0 2
0 7 0
Output:
0 0 0 0 0 6 6 6 6 6 9 9 9 9 9
0 0 0 0 0 6 6 6 6 6 9 9 9 9 9
0 0 0 0 0 6 6 6 6 6 9 9 9 9 9
0 0 0 0 0 6 6 6 6 6 9 9 9 9 9
0 0 0 0 0 6 6 6 6 6 9 9 9 9 9
3 3 3 3 3 0 0 0 0 0 2 2 2 2 2
3 3 3 3 3 0 0 0 0 0 2 2 2 2 2
3 3 3 3 3 0 0 0 0 0 2 2 2 2 2
3 3 3 3 3 0 0 0 0 0 2 2 2 2 2
3 3 3 3 3 0 0 0 0 0 2 2 2 2 2
0 0 0 0 0 7 7 7 7 7 0 0 0 0 0
0 0 0 0 0 7 7 7 7 7 0 0 0 0 0
0 0 0 0 0 7 7 7 7 7 0 0 0 0 0
0 0 0 0 0 7 7 7 7 7 0 0 0 0 0
0 0 0 0 0 7 7 7 7 7 0 0 0 0 0

Example 1:

Input:
1 0 0
0 9 6
8 0 0
Output:
1 1 1 1 0 0 0 0 0 0 0 0
1 1 1 1 0 0 0 0 0 0 0 0
1 1 1 1 0 0 0 0 0 0 0 0
1 1 1 1 0 0 0 0 0 0 0 0
0 0 0 0 9 9 9 9 6 6 6 6
0 0 0 0 9 9 9 9 6 6 6 6
0 0 0 0 9 9 9 9 6 6 6 6
0 0 0 0 9 9 9 9 6 6 6 6
8 8 8 8 0 0 0 0 0 0 0 0
8 8 8 8 0 0 0 0 0 0 0 0
8 8 8 8 0 0 0 0 0 0 0 0
8 8 8 8 0 0 0 0 0 0 0 0

Example 1:

Input:
0 7 0
0 0 4
0 0 0
Output:
0 0 7 7 0 0
0 0 7 7 0 0
0 0 0 0 4 4
0 0 0 0 4 4
0 0 0 0 0 0
0 0 0 0 0 0

Example 1:

Input:
0 6 0
0 0 0
0 1 0
Output:
0 0 6 6 0 0
0 0 6 6 0 0
0 0 0 0 0 0
0 0 0 0 0 0
0 0 1 1 0 0
0 0 1 1 0 0

Example 1:

Input:
4 7 1
0 0 6
5 0 3
Output:
4 4 4 4 4 4 7 7 7 7 7 7 1 1 1 1 1 1
4 4 4 4 4 4 7 7 7 7 7 7 1 1 1 1 1 1
4 4 4 4 4 4 7 7 7 7 7 7 1 1 1 1 1 1
4 4 4 4 4 4 7 7 7 7 7 7 1 1 1 1 1 1
4 4 4 4 4 4 7 7 7 7 7 7 1 1 1 1 1 1
4 4 4 4 4 4 7 7 7 7 7 7 1 1 1 1 1 1
0 0 0 0 0 0 0 0 0 0 0 0 6 6 6 6 6 6
0 0 0 0 0 0 0 0 0 0 0 0 6 6 6 6 6 6
0 0 0 0 0 0 0 0 0 0 0 0 6 6 6 6 6 6
0 0 0 0 0 0 0 0 0 0 0 0 6 6 6 6 6 6
0 0 0 0 0 0 0 0 0 0 0 0 6 6 6 6 6 6
0 0 0 0 0 0 0 0 0 0 0 0 6 6 6 6 6 6
5 5 5 5 5 5 0 0 0 0 0 0 3 3 3 3 3 3
5 5 5 5 5 5 0 0 0 0 0 0 3 3 3 3 3 3
5 5 5 5 5 5 0 0 0 0 0 0 3 3 3 3 3 3
5 5 5 5 5 5 0 0 0 0 0 0 3 3 3 3 3 3
5 5 5 5 5 5 0 0 0 0 0 0 3 3 3 3 3 3
5 5 5 5 5 5 0 0 0 0 0 0 3 3 3 3 3 3

Example 1:

Input:
0 4 7
6 3 8
5 9 1
Output:
0 0 0 0 0 0 0 0 4 4 4 4 4 4 4 4 7 7 7 7 7 7 7 7
0 0 0 0 0 0 0 0 4 4 4 4 4 4 4 4 7 7 7 7 7 7 7 7
0 0 0 0 0 0 0 0 4 4 4 4 4 4 4 4 7 7 7 7 7 7 7 7
0 0 0 0 0 0 0 0 4 4 4 4 4 4 4 4 7 7 7 7 7 7 7 7
0 0 0 0 0 0 0 0 4 4 4 4 4 4 4 4 7 7 7 7 7 7 7 7
0 0 0 0 0 0 0 0 4 4 4 4 4 4 4 4 7 7 7 7 7 7 7 7
0 0 0 0 0 0 0 0 4 4 4 4 4 4 4 4 7 7 7 7 7 7 7 7
0 0 0 0 0 0 0 0 4 4 4 4 4 4 4 4 7 7 7 7 7 7 7 7
6 6 6 6 6 6 6 6 3 3 3 3 3 3 3 3 8 8 8 8 8 8 8 8
6 6 6 6 6 6 6 6 3 3 3 3 3 3 3 3 8 8 8 8 8 8 8 8
6 6 6 6 6 6 6 6 3 3 3 3 3 3 3 3 8 8 8 8 8 8 8 8
6 6 6 6 6 6 6 6 3 3 3 3 3 3 3 3 8 8 8 8 8 8 8 8
6 6 6 6 6 6 6 6 3 3 3 3 3 3 3 3 8 8 8 8 8 8 8 8
6 6 6 6 6 6 6 6 3 3 3 3 3 3 3 3 8 8 8 8 8 8 8 8
6 6 6 6 6 6 6 6 3 3 3 3 3 3 3 3 8 8 8 8 8 8 8 8
6 6 6 6 6 6 6 6 3 3 3 3 3 3 3 3 8 8 8 8 8 8 8 8
5 5 5 5 5 5 5 5 9 9 9 9 9 9 9 9 1 1 1 1 1 1 1 1
5 5 5 5 5 5 5 5 9 9 9 9 9 9 9 9 1 1 1 1 1 1 1 1
5 5 5 5 5 5 5 5 9 9 9 9 9 9 9 9 1 1 1 1 1 1 1 1
5 5 5 5 5 5 5 5 9 9 9 9 9 9 9 9 1 1 1 1 1 1 1 1
5 5 5 5 5 5 5 5 9 9 9 9 9 9 9 9 1 1 1 1 1 1 1 1
5 5 5 5 5 5 5 5 9 9 9 9 9 9 9 9 1 1 1 1 1 1 1 1
5 5 5 5 5 5 5 5 9 9 9 9 9 9 9 9 1 1 1 1 1 1 1 1
5 5 5 5 5 5 5 5 9 9 9 9 9 9 9 9 1 1 1 1 1 1 1 1


Write Python code that performs the transformation according to the rule in following format: `def p(g): ...`. Note that input and output are passed by 2D arrays.