Find the common rule that maps an input grid to an output grid, given the examples below.

Example 1:

Input:
0 0 0 0 0 0 0 0 0 0 0 0 0 0 0 0
0 8 0 0 8 0 0 0 0 0 0 0 0 0 0 0
0 0 8 0 8 0 0 0 0 0 0 0 0 0 0 0
0 8 8 8 8 0 0 0 0 0 0 0 0 0 0 0
0 0 8 0 8 0 0 0 0 0 0 0 0 0 0 0
0 0 0 0 0 0 0 0 0 0 0 0 0 0 0 0
0 0 0 0 0 0 0 0 0 0 0 0 0 0 0 0
0 0 0 0 0 0 0 4 4 4 4 0 0 0 0 0
0 0 0 0 0 0 2 0 0 0 0 1 0 0 0 0
0 0 0 0 0 0 2 0 0 0 0 1 0 0 0 0
0 0 0 0 0 0 2 0 0 0 0 1 0 0 0 0
0 0 0 0 0 0 2 0 0 0 0 1 0 0 0 0
0 0 0 0 0 0 0 3 3 3 3 0 0 0 0 0
0 0 0 0 0 0 0 0 0 0 0 0 0 0 0 0
0 0 0 0 0 0 0 0 0 0 0 0 0 0 0 0
Output:
0 4 4 4 4 0
2 8 0 0 8 1
2 0 8 0 1 1
2 2 8 8 1 1
2 0 3 0 8 1
0 3 3 3 3 0

Example 1:

Input:
0 0 0 0 0 0 0 0 0 0 0 0 0 0 0 0
0 0 0 0 0 0 0 0 0 0 0 0 0 0 0 0
0 0 0 0 0 0 0 0 0 8 0 0 0 0 0 0
0 0 0 0 0 0 0 0 8 8 8 0 0 0 0 0
0 0 0 0 0 0 0 0 0 8 8 0 0 0 0 0
0 0 0 0 0 0 0 0 0 0 0 0 0 0 0 0
0 0 3 3 3 0 0 0 0 0 0 0 0 0 0 0
0 6 0 0 0 4 0 0 0 0 0 0 0 0 0 0
0 6 0 0 0 4 0 0 0 0 0 0 0 0 0 0
0 6 0 0 0 4 0 0 0 0 0 0 0 0 0 0
0 0 2 2 2 0 0 0 0 0 0 0 0 0 0 0
0 0 0 0 0 0 0 0 0 0 0 0 0 0 0 0
0 0 0 0 0 0 0 0 0 0 0 0 0 0 0 0
0 0 0 0 0 0 0 0 0 0 0 0 0 0 0 0
Output:
0 3 3 3 0
6 0 3 0 4
6 6 8 4 4
6 0 2 8 4
0 2 2 2 0

Example 1:

Input:
0 0 0 0 0 0 0 0 0 0 0 0 0 0 0
0 0 0 7 7 7 7 0 0 0 0 0 0 0 0
0 0 4 0 0 0 0 6 0 0 0 0 0 0 0
0 0 4 0 0 0 0 6 0 0 0 0 0 0 0
0 0 4 0 0 0 0 6 0 0 0 0 0 0 0
0 0 4 0 0 0 0 6 0 0 0 0 0 0 0
0 0 0 1 1 1 1 0 0 0 0 0 0 0 0
0 0 0 0 0 0 0 0 0 0 0 0 0 0 0
0 0 0 0 0 0 0 0 0 0 0 0 0 0 0
0 0 0 0 0 0 8 8 0 8 0 0 0 0 0
0 0 0 0 0 0 0 8 8 0 0 0 0 0 0
0 0 0 0 0 0 0 8 0 8 0 0 0 0 0
0 0 0 0 0 0 8 8 0 8 0 0 0 0 0
0 0 0 0 0 0 0 0 0 0 0 0 0 0 0
0 0 0 0 0 0 0 0 0 0 0 0 0 0 0
Output:
0 7 7 7 7 0
4 8 7 0 8 6
4 0 8 8 0 6
4 0 8 0 6 6
4 8 1 0 8 6
0 1 1 1 1 0

Example 1:

Input:
0 0 0 0 0 0 1 1 1 1 1 0 0 0 0 0
0 0 0 0 0 2 0 0 0 0 0 4 0 0 0 0
0 0 0 0 0 2 0 0 0 0 0 4 0 0 0 0
0 0 0 0 0 2 0 0 0 0 0 4 0 0 0 0
0 0 0 0 0 2 0 0 0 0 0 4 0 0 0 0
0 0 0 0 0 2 0 0 0 0 0 4 0 0 0 0
0 0 0 0 0 0 3 3 3 3 3 0 0 0 0 0
0 0 0 0 0 0 0 0 0 0 0 0 0 0 0 0
0 0 0 0 0 0 0 0 0 0 0 0 0 0 0 0
0 0 8 8 0 8 8 0 0 0 0 0 0 0 0 0
0 0 8 0 8 8 0 0 0 0 0 0 0 0 0 0
0 0 0 8 8 8 8 0 0 0 0 0 0 0 0 0
0 0 0 0 8 0 0 0 0 0 0 0 0 0 0 0
0 0 8 8 0 8 8 0 0 0 0 0 0 0 0 0
0 0 0 0 0 0 0 0 0 0 0 0 0 0 0 0
0 0 0 0 0 0 0 0 0 0 0 0 0 0 0 0
Output:
0 1 1 1 1 1 0
2 8 1 0 1 8 4
2 2 0 1 8 0 4
2 0 2 8 4 4 4
2 0 0 3 0 0 4
2 8 3 0 3 8 4
0 3 3 3 3 3 0

Example 1:

Input:
0 0 0 0 0 0 0 0 0 0 0 0 0 0 0 0
0 0 0 0 0 0 0 0 0 0 0 0 0 0 0 0
0 0 9 9 9 9 9 0 0 0 0 0 0 0 0 0
0 1 0 0 0 0 0 2 0 0 0 0 0 0 0 0
0 1 0 0 0 0 0 2 0 0 0 0 0 0 0 0
0 1 0 0 0 0 0 2 0 0 0 0 0 0 0 0
0 1 0 0 0 0 0 2 0 0 0 0 0 0 0 0
0 1 0 0 0 0 0 2 0 0 0 0 0 0 0 0
0 0 5 5 5 5 5 0 0 0 0 0 0 0 0 0
0 0 0 0 0 0 0 8 0 0 8 0 0 0 0 0
0 0 0 0 0 0 0 0 0 0 8 8 0 0 0 0
0 0 0 0 0 0 0 8 0 8 0 8 0 0 0 0
0 0 0 0 0 0 0 0 8 8 8 0 0 0 0 0
0 0 0 0 0 0 0 8 0 0 8 8 0 0 0 0
Output:
0 9 9 9 9 9 0
1 8 0 0 9 0 2
1 0 0 0 8 2 2
1 1 0 8 0 2 2
1 0 8 5 8 0 2
1 8 0 0 5 8 2
0 5 5 5 5 5 0

Example 1:

Input:
0 0 0 0 0 0 0 0 0 0 0 0 0 0
0 0 0 0 0 0 0 0 8 8 0 0 0 0
0 0 0 0 0 0 0 8 0 0 8 0 0 0
0 0 0 0 0 0 8 8 0 0 0 0 0 0
0 0 0 0 0 0 8 0 0 0 0 0 0 0
0 0 0 0 0 0 0 0 8 0 8 0 0 0
0 0 0 0 0 0 0 0 0 0 0 0 0 0
0 0 0 0 0 0 0 0 0 0 0 0 0 0
0 0 0 0 0 0 0 0 2 2 2 2 2 0
0 0 0 0 0 0 0 6 0 0 0 0 0 9
0 0 0 0 0 0 0 6 0 0 0 0 0 9
0 0 0 0 0 0 0 6 0 0 0 0 0 9
0 0 0 0 0 0 0 6 0 0 0 0 0 9
0 0 0 0 0 0 0 6 0 0 0 0 0 9
0 0 0 0 0 0 0 0 5 5 5 5 5 0
Output:
0 2 2 2 2 2 0
6 0 0 2 2 0 9
6 0 8 0 0 9 9
6 6 6 0 0 0 9
6 6 0 0 0 0 9
6 0 0 5 0 8 9
0 5 5 5 5 5 0

Example 1:

Input:
0 0 0 0 0 0 0 0 0 0 0 0 0 0
0 0 0 0 0 0 0 0 0 0 0 0 0 0
0 0 0 0 0 0 0 0 0 0 0 0 0 0
0 0 0 1 1 1 0 0 0 0 0 0 0 0
0 0 4 0 0 0 6 0 0 0 0 0 0 0
0 0 4 0 0 0 6 0 0 0 0 0 0 0
0 0 4 0 0 0 6 0 0 8 0 0 0 0
0 0 0 3 3 3 0 0 8 0 8 0 0 0
0 0 0 0 0 0 0 0 0 0 8 0 0 0
0 0 0 0 0 0 0 0 0 0 0 0 0 0
0 0 0 0 0 0 0 0 0 0 0 0 0 0
0 0 0 0 0 0 0 0 0 0 0 0 0 0
0 0 0 0 0 0 0 0 0 0 0 0 0 0
0 0 0 0 0 0 0 0 0 0 0 0 0 0
0 0 0 0 0 0 0 0 0 0 0 0 0 0
Output:
0 1 1 1 0
4 0 1 0 6
4 4 0 6 6
4 0 0 8 6
0 3 3 3 0

Example 1:

Input:
0 0 0 0 0 0 0 0 8 8 0 0 0 0 0
0 0 0 0 0 0 0 8 8 0 0 0 0 0 0
0 0 0 0 0 0 0 0 0 8 0 8 0 0 0
0 0 0 0 0 0 0 8 0 0 8 8 0 0 0
0 0 0 0 0 0 0 0 0 8 8 0 0 0 0
0 0 0 0 0 0 0 0 0 0 0 0 0 0 0
0 0 0 0 0 0 0 0 0 0 0 0 0 0 0
0 0 0 0 0 1 1 1 1 1 0 0 0 0 0
0 0 0 0 6 0 0 0 0 0 3 0 0 0 0
0 0 0 0 6 0 0 0 0 0 3 0 0 0 0
0 0 0 0 6 0 0 0 0 0 3 0 0 0 0
0 0 0 0 6 0 0 0 0 0 3 0 0 0 0
0 0 0 0 6 0 0 0 0 0 3 0 0 0 0
0 0 0 0 0 7 7 7 7 7 0 0 0 0 0
Output:
0 1 1 1 1 1 0
6 0 1 1 0 0 3
6 6 8 0 0 0 3
6 0 0 8 0 3 3
6 6 0 0 8 3 3
6 0 0 7 7 0 3
0 7 7 7 7 7 0


Write the **short** Python code in code golf manners that performs the transformation according to the rule in following format: `def p(g): ...`. Note that input and output are passed by 2D arrays. Use `val_` as a prefix for all variables except `_`. Avoid line breaks as much as possible.
