Find the common rule that maps an input grid to an output grid, given the examples below.

Example 1:

Input:
1 0 7 0 0
Output:
0 0 0 0 0 0 0 0 0 1
0 0 0 0 0 0 0 0 1 0
0 0 0 0 0 0 0 1 0 7
0 0 0 0 0 0 1 0 7 0
0 0 0 0 0 1 0 7 0 0
0 0 0 0 1 0 7 0 0 0
0 0 0 1 0 7 0 0 0 0
0 0 1 0 7 0 0 0 0 0
0 1 0 7 0 0 0 0 0 0
1 0 7 0 0 0 0 0 0 0

Example 1:

Input:
0 0 2 0 0
Output:
0 0 0 0 0
0 0 0 0 0
0 0 0 0 2
0 0 0 2 0
0 0 2 0 0

Example 1:

Input:
4 0 6 0 8
Output:
0 0 0 0 0 0 0 0 0 0 0 0 0 0 4
0 0 0 0 0 0 0 0 0 0 0 0 0 4 0
0 0 0 0 0 0 0 0 0 0 0 0 4 0 6
0 0 0 0 0 0 0 0 0 0 0 4 0 6 0
0 0 0 0 0 0 0 0 0 0 4 0 6 0 8
0 0 0 0 0 0 0 0 0 4 0 6 0 8 0
0 0 0 0 0 0 0 0 4 0 6 0 8 0 0
0 0 0 0 0 0 0 4 0 6 0 8 0 0 0
0 0 0 0 0 0 4 0 6 0 8 0 0 0 0
0 0 0 0 0 4 0 6 0 8 0 0 0 0 0
0 0 0 0 4 0 6 0 8 0 0 0 0 0 0
0 0 0 4 0 6 0 8 0 0 0 0 0 0 0
0 0 4 0 6 0 8 0 0 0 0 0 0 0 0
0 4 0 6 0 8 0 0 0 0 0 0 0 0 0
4 0 6 0 8 0 0 0 0 0 0 0 0 0 0

Example 1:

Input:
0 9 0 8 4
Output:
0 0 0 0 0 0 0 0 0 0 0 0 0 0 0
0 0 0 0 0 0 0 0 0 0 0 0 0 0 9
0 0 0 0 0 0 0 0 0 0 0 0 0 9 0
0 0 0 0 0 0 0 0 0 0 0 0 9 0 8
0 0 0 0 0 0 0 0 0 0 0 9 0 8 4
0 0 0 0 0 0 0 0 0 0 9 0 8 4 0
0 0 0 0 0 0 0 0 0 9 0 8 4 0 0
0 0 0 0 0 0 0 0 9 0 8 4 0 0 0
0 0 0 0 0 0 0 9 0 8 4 0 0 0 0
0 0 0 0 0 0 9 0 8 4 0 0 0 0 0
0 0 0 0 0 9 0 8 4 0 0 0 0 0 0
0 0 0 0 9 0 8 4 0 0 0 0 0 0 0
0 0 0 9 0 8 4 0 0 0 0 0 0 0 0
0 0 9 0 8 4 0 0 0 0 0 0 0 0 0
0 9 0 8 4 0 0 0 0 0 0 0 0 0 0

Example 1:

Input:
0 4 0 0 0
Output:
0 0 0 0 0
0 0 0 0 4
0 0 0 4 0
0 0 4 0 0
0 4 0 0 0

Example 1:

Input:
0 6 7 8 9
Output:
0 0 0 0 0 0 0 0 0 0 0 0 0 0 0 0 0 0 0 0
0 0 0 0 0 0 0 0 0 0 0 0 0 0 0 0 0 0 0 6
0 0 0 0 0 0 0 0 0 0 0 0 0 0 0 0 0 0 6 7
0 0 0 0 0 0 0 0 0 0 0 0 0 0 0 0 0 6 7 8
0 0 0 0 0 0 0 0 0 0 0 0 0 0 0 0 6 7 8 9
0 0 0 0 0 0 0 0 0 0 0 0 0 0 0 6 7 8 9 0
0 0 0 0 0 0 0 0 0 0 0 0 0 0 6 7 8 9 0 0
0 0 0 0 0 0 0 0 0 0 0 0 0 6 7 8 9 0 0 0
0 0 0 0 0 0 0 0 0 0 0 0 6 7 8 9 0 0 0 0
0 0 0 0 0 0 0 0 0 0 0 6 7 8 9 0 0 0 0 0
0 0 0 0 0 0 0 0 0 0 6 7 8 9 0 0 0 0 0 0
0 0 0 0 0 0 0 0 0 6 7 8 9 0 0 0 0 0 0 0
0 0 0 0 0 0 0 0 6 7 8 9 0 0 0 0 0 0 0 0
0 0 0 0 0 0 0 6 7 8 9 0 0 0 0 0 0 0 0 0
0 0 0 0 0 0 6 7 8 9 0 0 0 0 0 0 0 0 0 0
0 0 0 0 0 6 7 8 9 0 0 0 0 0 0 0 0 0 0 0
0 0 0 0 6 7 8 9 0 0 0 0 0 0 0 0 0 0 0 0
0 0 0 6 7 8 9 0 0 0 0 0 0 0 0 0 0 0 0 0
0 0 6 7 8 9 0 0 0 0 0 0 0 0 0 0 0 0 0 0
0 6 7 8 9 0 0 0 0 0 0 0 0 0 0 0 0 0 0 0

Example 1:

Input:
9 5 1 2 8
Output:
0 0 0 0 0 0 0 0 0 0 0 0 0 0 0 0 0 0 0 0 0 0 0 0 9
0 0 0 0 0 0 0 0 0 0 0 0 0 0 0 0 0 0 0 0 0 0 0 9 5
0 0 0 0 0 0 0 0 0 0 0 0 0 0 0 0 0 0 0 0 0 0 9 5 1
0 0 0 0 0 0 0 0 0 0 0 0 0 0 0 0 0 0 0 0 0 9 5 1 2
0 0 0 0 0 0 0 0 0 0 0 0 0 0 0 0 0 0 0 0 9 5 1 2 8
0 0 0 0 0 0 0 0 0 0 0 0 0 0 0 0 0 0 0 9 5 1 2 8 0
0 0 0 0 0 0 0 0 0 0 0 0 0 0 0 0 0 0 9 5 1 2 8 0 0
0 0 0 0 0 0 0 0 0 0 0 0 0 0 0 0 0 9 5 1 2 8 0 0 0
0 0 0 0 0 0 0 0 0 0 0 0 0 0 0 0 9 5 1 2 8 0 0 0 0
0 0 0 0 0 0 0 0 0 0 0 0 0 0 0 9 5 1 2 8 0 0 0 0 0
0 0 0 0 0 0 0 0 0 0 0 0 0 0 9 5 1 2 8 0 0 0 0 0 0
0 0 0 0 0 0 0 0 0 0 0 0 0 9 5 1 2 8 0 0 0 0 0 0 0
0 0 0 0 0 0 0 0 0 0 0 0 9 5 1 2 8 0 0 0 0 0 0 0 0
0 0 0 0 0 0 0 0 0 0 0 9 5 1 2 8 0 0 0 0 0 0 0 0 0
0 0 0 0 0 0 0 0 0 0 9 5 1 2 8 0 0 0 0 0 0 0 0 0 0
0 0 0 0 0 0 0 0 0 9 5 1 2 8 0 0 0 0 0 0 0 0 0 0 0
0 0 0 0 0 0 0 0 9 5 1 2 8 0 0 0 0 0 0 0 0 0 0 0 0
0 0 0 0 0 0 0 9 5 1 2 8 0 0 0 0 0 0 0 0 0 0 0 0 0
0 0 0 0 0 0 9 5 1 2 8 0 0 0 0 0 0 0 0 0 0 0 0 0 0
0 0 0 0 0 9 5 1 2 8 0 0 0 0 0 0 0 0 0 0 0 0 0 0 0
0 0 0 0 9 5 1 2 8 0 0 0 0 0 0 0 0 0 0 0 0 0 0 0 0
0 0 0 9 5 1 2 8 0 0 0 0 0 0 0 0 0 0 0 0 0 0 0 0 0
0 0 9 5 1 2 8 0 0 0 0 0 0 0 0 0 0 0 0 0 0 0 0 0 0
0 9 5 1 2 8 0 0 0 0 0 0 0 0 0 0 0 0 0 0 0 0 0 0 0
9 5 1 2 8 0 0 0 0 0 0 0 0 0 0 0 0 0 0 0 0 0 0 0 0

Example 1:

Input:
0 6 0 0 0
Output:
0 0 0 0 0
0 0 0 0 6
0 0 0 6 0
0 0 6 0 0
0 6 0 0 0


Write Python code that performs the transformation according to the rule in following format: `def p(g): ...`. Note that input and output are passed by 2D arrays.