Find the common rule that maps an input grid to an output grid, given the examples below.

Example 1:

Input:
0 0 0 0 8 8 8 8 8 0 0 8 0 8 8 8 0 8 0 8
0 8 0 0 0 0 0 8 0 0 0 0 0 8 0 8 0 0 0 0
8 8 8 8 8 0 8 0 8 0 0 0 8 8 8 0 0 2 0 0
8 0 8 8 0 0 0 0 0 0 8 8 8 8 8 8 0 2 0 0
8 0 0 8 8 0 0 0 0 0 0 8 0 8 0 0 0 0 0 0
0 0 0 8 0 0 0 0 0 0 0 0 0 8 0 0 0 0 0 0
8 0 0 0 0 0 0 0 0 0 0 0 0 0 0 0 0 0 8 0
0 0 8 0 0 0 0 0 0 0 0 0 0 0 0 0 0 0 8 8
8 0 0 0 0 0 0 0 0 0 0 0 8 0 0 0 0 0 8 8
0 0 0 0 0 0 0 0 0 8 0 0 8 0 0 0 0 0 8 8
0 8 0 0 0 0 8 8 8 0 8 0 0 8 0 8 8 0 0 0
8 0 0 0 0 8 0 0 0 0 8 8 8 8 8 8 8 8 8 8
0 0 0 0 0 0 8 8 8 0 0 8 8 8 0 8 0 0 8 8
0 0 0 0 0 0 8 8 0 0 0 0 8 0 0 0 8 0 0 8
0 0 0 3 0 0 0 8 0 8 0 8 0 0 8 0 0 8 0 8
0 0 0 3 0 0 8 8 8 0 0 0 8 8 8 8 0 0 0 0
0 8 0 0 0 0 0 8 0 8 8 0 8 0 8 0 8 0 0 0
0 0 0 0 0 0 0 8 0 0 0 8 0 0 0 0 0 8 8 0
0 0 0 8 0 0 0 8 0 8 0 0 8 8 8 0 0 0 0 8
0 0 0 0 8 8 8 8 0 0 8 0 0 0 0 8 8 8 0 0
Output:
0 0 0 0 8 8 8 8 8 0 0 8 0 8 8 8 0 8 0 8
0 8 0 0 0 0 0 8 0 0 0 0 0 8 0 8 0 0 0 0
8 8 8 8 8 0 8 0 8 0 0 0 8 8 8 0 0 2 0 0
8 0 8 8 0 0 0 0 0 0 8 8 8 8 8 8 0 2 0 0
8 0 0 8 8 0 0 0 0 0 0 8 0 8 0 0 0 3 0 0
0 0 0 8 0 0 0 0 0 0 0 0 0 8 0 0 0 3 0 0
8 0 0 3 3 3 3 3 3 3 3 3 3 3 3 3 3 3 8 0
0 0 8 3 0 0 0 0 0 0 0 0 0 0 0 0 0 0 8 8
8 0 0 3 0 0 0 0 0 0 0 0 8 0 0 0 0 0 8 8
0 0 0 3 0 0 0 0 0 8 0 0 8 0 0 0 0 0 8 8
0 8 0 3 0 0 8 8 8 0 8 0 0 8 0 8 8 0 0 0
8 0 0 3 0 8 0 0 0 0 8 8 8 8 8 8 8 8 8 8
0 0 0 3 0 0 8 8 8 0 0 8 8 8 0 8 0 0 8 8
0 0 0 3 0 0 8 8 0 0 0 0 8 0 0 0 8 0 0 8
0 0 0 3 0 0 0 8 0 8 0 8 0 0 8 0 0 8 0 8
0 0 0 3 0 0 8 8 8 0 0 0 8 8 8 8 0 0 0 0
0 8 0 0 0 0 0 8 0 8 8 0 8 0 8 0 8 0 0 0
0 0 0 0 0 0 0 8 0 0 0 8 0 0 0 0 0 8 8 0
0 0 0 8 0 0 0 8 0 8 0 0 8 8 8 0 0 0 0 8
0 0 0 0 8 8 8 8 0 0 8 0 0 0 0 8 8 8 0 0

Example 1:

Input:
0 0 0 0 0 0 0 0 0 8
0 3 8 0 0 0 0 0 0 0
0 3 0 0 0 0 0 8 0 0
0 0 0 0 0 0 8 0 0 8
0 8 0 8 0 0 0 0 0 0
0 0 0 8 0 0 0 0 0 0
0 8 8 0 0 2 0 0 0 0
0 0 8 0 0 2 0 0 0 0
0 0 8 0 0 0 0 0 0 0
8 0 0 0 0 0 0 0 0 0
Output:
0 0 0 0 0 0 0 0 0 8
0 3 8 0 0 0 0 0 0 0
0 3 0 0 0 0 0 8 0 0
0 3 3 3 3 3 8 0 0 8
0 8 0 8 0 3 0 0 0 0
0 0 0 8 0 3 0 0 0 0
0 8 8 0 0 2 0 0 0 0
0 0 8 0 0 2 0 0 0 0
0 0 8 0 0 0 0 0 0 0
8 0 0 0 0 0 0 0 0 0

Example 1:

Input:
0 0 0 0 0 8 0 8 0 0 8 0 0 8 0
0 0 0 8 0 0 8 0 0 0 0 8 0 8 8
8 0 0 0 8 8 8 0 0 0 0 8 8 8 0
0 0 0 0 0 8 0 8 0 0 0 0 0 0 0
0 0 0 0 0 0 0 0 0 8 0 0 0 8 0
0 3 3 0 0 0 0 0 8 0 0 0 8 0 0
0 0 0 0 0 0 0 0 0 0 0 8 0 8 0
0 8 8 0 0 8 0 0 8 0 8 8 0 0 0
0 8 0 0 0 0 0 0 0 0 0 0 0 0 0
8 2 2 0 0 0 0 0 0 0 0 0 0 8 0
8 0 0 0 0 0 0 8 8 8 0 0 0 0 0
0 8 0 0 8 0 8 0 0 0 8 8 8 8 0
0 0 0 0 0 8 0 8 0 0 0 0 0 0 0
0 0 0 0 0 8 8 0 8 0 0 8 0 0 8
0 8 0 0 8 8 0 0 0 0 0 0 0 0 0
Output:
0 0 0 0 0 8 0 8 0 0 8 0 0 8 0
0 0 0 8 0 0 8 0 0 0 0 8 0 8 8
8 0 0 0 8 8 8 0 0 0 0 8 8 8 0
0 0 0 0 0 8 0 8 0 0 0 0 0 0 0
0 0 0 0 0 0 0 0 0 8 0 0 0 8 0
0 3 3 3 3 3 3 3 8 0 0 0 8 0 0
0 0 0 0 0 0 0 3 0 0 0 8 0 8 0
0 8 8 0 0 8 0 3 8 0 8 8 0 0 0
0 8 0 0 0 0 0 3 0 0 0 0 0 0 0
8 2 2 3 3 3 3 3 0 0 0 0 0 8 0
8 0 0 0 0 0 0 8 8 8 0 0 0 0 0
0 8 0 0 8 0 8 0 0 0 8 8 8 8 0
0 0 0 0 0 8 0 8 0 0 0 0 0 0 0
0 0 0 0 0 8 8 0 8 0 0 8 0 0 8
0 8 0 0 8 8 0 0 0 0 0 0 0 0 0

Example 1:

Input:
8 8 8 8 0 0 0 0 0 8 8 0 0
8 0 0 0 0 8 2 2 0 0 0 0 0
0 8 0 0 8 8 0 0 0 0 0 0 0
0 0 8 0 0 0 0 0 8 0 0 0 8
0 0 8 0 0 0 8 0 0 0 0 0 8
0 0 0 8 0 0 0 0 8 0 8 0 0
0 0 0 0 0 0 0 0 0 0 8 0 0
8 0 8 3 3 0 0 0 0 0 8 0 0
0 8 8 0 0 8 0 0 0 0 8 0 0
0 0 0 0 0 0 8 8 0 0 0 0 0
0 8 8 0 0 0 8 0 0 0 0 0 0
0 0 0 8 0 0 0 0 0 0 0 0 0
0 0 0 0 0 0 0 0 0 0 0 8 0
Output:
8 8 8 8 0 0 0 0 0 8 8 0 0
8 0 0 0 0 8 2 2 3 3 0 0 0
0 8 0 0 8 8 0 0 0 3 0 0 0
0 0 8 0 0 0 0 0 8 3 0 0 8
0 0 8 0 0 0 8 0 0 3 0 0 8
0 0 0 8 0 0 0 0 8 3 8 0 0
0 0 0 0 0 0 0 0 0 3 8 0 0
8 0 8 3 3 3 3 3 3 3 8 0 0
0 8 8 0 0 8 0 0 0 0 8 0 0
0 0 0 0 0 0 8 8 0 0 0 0 0
0 8 8 0 0 0 8 0 0 0 0 0 0
0 0 0 8 0 0 0 0 0 0 0 0 0
0 0 0 0 0 0 0 0 0 0 0 8 0

Example 1:

Input:
0 0 8 0 0 8 8 8 0 0 8 0 8 0 8 0 0 8
0 0 8 0 0 0 0 0 8 0 8 0 0 0 8 0 0 8
8 0 0 0 8 0 0 0 0 0 0 0 0 0 0 0 0 8
0 0 0 8 0 0 0 0 0 0 0 0 0 0 0 0 0 0
8 0 0 0 0 0 0 0 8 0 0 0 0 0 0 0 0 0
0 0 0 0 0 0 8 0 0 0 8 0 0 0 0 0 0 0
0 0 0 8 8 0 0 0 0 0 0 0 0 0 0 0 0 0
0 0 0 0 8 0 0 0 0 0 0 0 0 8 0 0 0 0
0 0 0 0 8 0 0 0 0 0 0 0 0 0 0 0 8 0
0 0 0 8 0 0 0 0 0 0 8 8 0 0 0 0 8 8
0 8 0 0 0 0 0 0 0 8 2 8 0 0 0 0 0 0
0 3 0 0 0 8 0 8 0 0 2 0 0 8 0 0 0 0
8 3 0 8 8 0 0 0 0 0 0 0 8 0 0 0 8 0
0 0 0 8 0 0 0 8 0 8 0 0 0 0 8 8 8 0
0 0 8 0 0 0 0 0 0 0 0 0 0 0 0 8 0 0
0 0 0 0 0 8 0 0 0 8 0 0 0 8 0 0 0 0
0 0 0 0 0 0 0 0 0 0 0 8 0 0 8 0 0 0
0 8 8 0 8 0 8 0 0 0 0 0 0 0 8 0 8 0
Output:
0 0 8 0 0 8 8 8 0 0 8 0 8 0 8 0 0 8
0 0 8 0 0 0 0 0 8 0 8 0 0 0 8 0 0 8
8 0 0 0 8 0 0 0 0 0 0 0 0 0 0 0 0 8
0 0 0 8 0 0 0 0 0 0 0 0 0 0 0 0 0 0
8 0 0 0 0 0 0 0 8 0 0 0 0 0 0 0 0 0
0 0 0 0 0 0 8 0 0 0 8 0 0 0 0 0 0 0
0 0 0 8 8 0 0 0 0 0 0 0 0 0 0 0 0 0
0 0 0 0 8 0 0 0 0 0 0 0 0 8 0 0 0 0
0 0 0 0 8 0 0 0 0 0 0 0 0 0 0 0 8 0
0 0 0 8 0 0 0 0 0 0 8 8 0 0 0 0 8 8
0 8 0 0 0 0 0 0 0 8 2 8 0 0 0 0 0 0
0 3 0 0 0 8 0 8 0 0 2 0 0 8 0 0 0 0
8 3 0 8 8 0 0 0 0 0 3 0 8 0 0 0 8 0
0 3 0 8 0 0 0 8 0 8 3 0 0 0 8 8 8 0
0 3 8 0 0 0 0 0 0 0 3 0 0 0 0 8 0 0
0 3 0 0 0 8 0 0 0 8 3 0 0 8 0 0 0 0
0 3 3 3 3 3 3 3 3 3 3 8 0 0 8 0 0 0
0 8 8 0 8 0 8 0 0 0 0 0 0 0 8 0 8 0

Example 1:

Input:
0 0 0 0 0 0 8 0 0 0 8
0 0 0 0 0 0 0 0 0 0 0
8 0 0 8 0 8 0 0 0 0 0
0 0 0 0 0 0 0 0 0 8 0
8 0 0 0 0 8 8 0 3 3 8
8 0 0 0 0 0 0 0 0 0 0
0 0 0 0 0 0 0 0 0 0 0
8 0 0 8 0 0 0 0 0 0 0
0 8 8 0 0 0 0 0 0 0 0
8 0 2 2 0 0 0 0 0 0 8
0 8 0 0 0 0 0 8 8 0 8
Output:
0 0 0 0 0 0 8 0 0 0 8
0 0 0 0 0 0 0 0 0 0 0
8 0 0 8 0 8 0 0 0 0 0
0 0 0 0 0 0 0 0 0 8 0
8 0 0 0 0 8 8 3 3 3 8
8 0 0 0 0 0 0 3 0 0 0
0 0 0 0 0 0 0 3 0 0 0
8 0 0 8 0 0 0 3 0 0 0
0 8 8 0 0 0 0 3 0 0 0
8 0 2 2 3 3 3 3 0 0 8
0 8 0 0 0 0 0 8 8 0 8

Example 1:

Input:
0 0 0 0 0 0 0 0 0 8 0
0 8 0 0 0 8 0 0 0 8 0
0 0 0 0 8 8 0 0 8 0 0
0 0 0 0 8 0 0 0 0 0 0
0 0 0 8 0 0 8 0 3 3 0
0 0 0 0 0 0 0 0 0 0 0
0 0 0 0 0 8 8 0 0 0 0
0 0 0 0 0 0 8 0 0 0 0
0 0 2 2 0 0 0 0 0 0 8
8 0 0 8 0 0 0 8 0 0 0
0 0 8 0 0 8 0 0 0 0 0
Output:
0 0 0 0 0 0 0 0 0 8 0
0 8 0 0 0 8 0 0 0 8 0
0 0 0 0 8 8 0 0 8 0 0
0 0 0 0 8 0 0 0 0 0 0
0 0 0 8 0 0 8 3 3 3 0
0 0 0 0 0 0 0 3 0 0 0
0 0 0 0 0 8 8 3 0 0 0
0 0 0 0 0 0 8 3 0 0 0
0 0 2 2 3 3 3 3 0 0 8
8 0 0 8 0 0 0 8 0 0 0
0 0 8 0 0 8 0 0 0 0 0

Example 1:

Input:
0 0 0 0 0 0 0 8 0 0 0 0 0 8 8
0 0 0 0 8 8 0 0 0 0 0 0 0 0 8
0 0 0 0 0 8 0 8 0 8 8 0 0 0 0
0 0 8 0 0 0 0 0 0 8 0 0 8 0 0
0 0 0 8 0 0 0 0 0 0 8 0 0 0 0
8 0 0 0 0 0 0 0 0 0 0 0 8 8 0
0 8 8 0 0 0 8 0 0 0 0 0 0 0 8
0 0 8 0 0 0 0 0 8 8 0 0 0 0 0
0 0 8 0 0 0 0 0 0 0 0 0 0 0 0
8 0 8 0 0 0 8 8 0 0 0 2 0 8 8
0 0 0 3 0 0 0 0 0 0 8 2 0 0 0
0 0 0 3 0 0 0 0 0 0 8 8 0 0 0
0 0 0 0 0 0 0 0 0 0 0 8 0 0 0
8 0 0 0 0 0 0 0 0 0 0 8 0 0 0
0 0 0 0 0 0 8 0 0 0 0 8 0 0 8
Output:
0 0 0 0 0 0 0 8 0 0 0 0 0 8 8
0 0 0 0 8 8 0 0 0 0 0 0 0 0 8
0 0 0 0 0 8 0 8 0 8 8 0 0 0 0
0 0 8 0 0 0 0 0 0 8 0 0 8 0 0
0 0 0 8 0 0 0 0 0 0 8 0 0 0 0
8 0 0 3 3 3 3 3 3 3 3 3 8 8 0
0 8 8 3 0 0 8 0 0 0 0 3 0 0 8
0 0 8 3 0 0 0 0 8 8 0 3 0 0 0
0 0 8 3 0 0 0 0 0 0 0 3 0 0 0
8 0 8 3 0 0 8 8 0 0 0 2 0 8 8
0 0 0 3 0 0 0 0 0 0 8 2 0 0 0
0 0 0 3 0 0 0 0 0 0 8 8 0 0 0
0 0 0 0 0 0 0 0 0 0 0 8 0 0 0
8 0 0 0 0 0 0 0 0 0 0 8 0 0 0
0 0 0 0 0 0 8 0 0 0 0 8 0 0 8


Write Python code that performs the transformation according to the rule in following format: `def p(g): ...`. Note that input and output are passed by 2D arrays.