Find the common rule that maps an input grid to an output grid, given the examples below.

Example 1:

Input:
0 0 0 0 0 0 0 0 0 0 0 0 0 0 0
0 0 2 2 2 2 2 0 0 0 1 1 1 0 0
0 0 2 2 2 2 2 0 0 0 1 1 1 0 0
0 0 2 2 2 2 2 0 0 0 1 1 1 0 0
0 0 2 2 2 2 2 0 0 0 0 0 0 0 0
0 0 2 2 2 2 2 0 0 0 0 0 0 0 0
0 0 2 2 2 2 2 0 0 0 0 0 0 0 0
0 0 0 0 0 0 0 0 0 0 0 0 0 0 0
0 0 0 0 0 0 0 0 3 3 3 3 3 3 3
0 0 0 0 0 0 0 0 3 3 3 3 3 3 3
0 0 0 0 0 0 0 0 3 3 3 3 3 3 3
0 0 0 0 0 0 0 0 3 3 3 3 3 3 3
0 0 0 0 0 0 0 0 3 3 3 3 3 3 3
Output:
0 0 0 0 0 0 0 0 0 0 0 0 0 0 0
0 0 2 2 2 2 2 0 0 0 1 1 1 0 0
0 0 2 8 8 8 2 0 0 0 1 8 1 0 0
0 0 2 8 8 8 2 0 0 0 1 1 1 0 0
0 0 2 8 8 8 2 0 0 0 0 0 0 0 0
0 0 2 8 8 8 2 0 0 0 0 0 0 0 0
0 0 2 2 2 2 2 0 0 0 0 0 0 0 0
0 0 0 0 0 0 0 0 0 0 0 0 0 0 0
0 0 0 0 0 0 0 0 3 3 3 3 3 3 3
0 0 0 0 0 0 0 0 3 8 8 8 8 8 3
0 0 0 0 0 0 0 0 3 8 8 8 8 8 3
0 0 0 0 0 0 0 0 3 8 8 8 8 8 3
0 0 0 0 0 0 0 0 3 3 3 3 3 3 3

Example 1:

Input:
0 0 0 0 0 0 0 0 0 0 0
0 2 2 2 2 0 0 0 0 0 0
0 2 2 2 2 0 0 0 0 0 0
0 2 2 2 2 0 0 0 0 0 0
0 2 2 2 2 0 0 0 0 0 0
0 0 0 0 0 0 0 0 0 0 0
0 0 0 0 0 0 0 0 0 0 0
0 0 1 1 1 1 1 1 0 0 0
0 0 1 1 1 1 1 1 0 0 0
0 0 1 1 1 1 1 1 0 0 0
0 0 0 0 0 0 0 0 0 0 0
0 0 0 0 0 0 0 0 0 0 0
Output:
0 0 0 0 0 0 0 0 0 0 0
0 2 2 2 2 0 0 0 0 0 0
0 2 8 8 2 0 0 0 0 0 0
0 2 8 8 2 0 0 0 0 0 0
0 2 2 2 2 0 0 0 0 0 0
0 0 0 0 0 0 0 0 0 0 0
0 0 0 0 0 0 0 0 0 0 0
0 0 1 1 1 1 1 1 0 0 0
0 0 1 8 8 8 8 1 0 0 0
0 0 1 1 1 1 1 1 0 0 0
0 0 0 0 0 0 0 0 0 0 0
0 0 0 0 0 0 0 0 0 0 0

Example 1:

Input:
0 0 0 0 0 0 0 0 0 0 0 0 0
0 0 0 0 0 0 2 2 2 2 0 0 0
3 3 3 3 0 0 2 2 2 2 0 0 0
3 3 3 3 0 0 2 2 2 2 0 0 0
3 3 3 3 0 0 2 2 2 2 0 0 0
3 3 3 3 0 0 2 2 2 2 0 0 0
0 0 0 0 0 0 2 2 2 2 0 0 0
0 0 0 0 0 0 0 0 0 0 0 0 0
0 0 1 1 1 1 1 1 1 1 0 0 0
0 0 1 1 1 1 1 1 1 1 0 0 0
0 0 1 1 1 1 1 1 1 1 0 0 0
0 0 1 1 1 1 1 1 1 1 0 0 0
Output:
0 0 0 0 0 0 0 0 0 0 0 0 0
0 0 0 0 0 0 2 2 2 2 0 0 0
3 3 3 3 0 0 2 8 8 2 0 0 0
3 8 8 3 0 0 2 8 8 2 0 0 0
3 8 8 3 0 0 2 8 8 2 0 0 0
3 3 3 3 0 0 2 8 8 2 0 0 0
0 0 0 0 0 0 2 2 2 2 0 0 0
0 0 0 0 0 0 0 0 0 0 0 0 0
0 0 1 1 1 1 1 1 1 1 0 0 0
0 0 1 8 8 8 8 8 8 1 0 0 0
0 0 1 8 8 8 8 8 8 1 0 0 0
0 0 1 1 1 1 1 1 1 1 0 0 0

Example 1:

Input:
0 1 1 1 1 1 0 0 0 0 0 0 0
0 1 1 1 1 1 0 0 1 1 1 0 0
0 1 1 1 1 1 0 0 1 1 1 0 0
0 1 1 1 1 1 0 0 1 1 1 0 0
0 0 0 0 0 0 0 0 0 0 0 0 0
0 0 2 2 2 2 2 2 0 0 0 0 0
0 0 2 2 2 2 2 2 0 0 0 0 0
0 0 2 2 2 2 2 2 0 3 3 3 3
0 0 2 2 2 2 2 2 0 3 3 3 3
0 0 2 2 2 2 2 2 0 3 3 3 3
0 0 2 2 2 2 2 2 0 3 3 3 3
0 0 0 0 0 0 0 0 0 3 3 3 3
0 0 0 0 0 0 0 0 0 3 3 3 3
0 0 0 0 0 0 0 0 0 3 3 3 3
Output:
0 1 1 1 1 1 0 0 0 0 0 0 0
0 1 8 8 8 1 0 0 1 1 1 0 0
0 1 8 8 8 1 0 0 1 8 1 0 0
0 1 1 1 1 1 0 0 1 1 1 0 0
0 0 0 0 0 0 0 0 0 0 0 0 0
0 0 2 2 2 2 2 2 0 0 0 0 0
0 0 2 8 8 8 8 2 0 0 0 0 0
0 0 2 8 8 8 8 2 0 3 3 3 3
0 0 2 8 8 8 8 2 0 3 8 8 3
0 0 2 8 8 8 8 2 0 3 8 8 3
0 0 2 2 2 2 2 2 0 3 8 8 3
0 0 0 0 0 0 0 0 0 3 8 8 3
0 0 0 0 0 0 0 0 0 3 8 8 3
0 0 0 0 0 0 0 0 0 3 3 3 3

Example 1:

Input:
0 1 1 1 1 1 1 0 0 3 3 3 0 0
0 1 1 1 1 1 1 0 0 3 3 3 0 0
0 1 1 1 1 1 1 0 0 3 3 3 0 0
0 1 1 1 1 1 1 0 0 3 3 3 0 0
0 1 1 1 1 1 1 0 0 3 3 3 0 0
0 0 0 0 0 0 0 0 0 3 3 3 0 0
0 0 0 0 0 2 2 2 0 0 0 0 0 0
0 0 0 0 0 2 2 2 0 0 0 0 0 0
0 0 0 0 0 2 2 2 0 0 0 0 0 0
0 0 0 0 0 2 2 2 0 3 3 3 3 3
0 0 0 0 0 0 0 0 0 3 3 3 3 3
0 0 0 0 0 0 0 0 0 3 3 3 3 3
Output:
0 1 1 1 1 1 1 0 0 3 3 3 0 0
0 1 8 8 8 8 1 0 0 3 8 3 0 0
0 1 8 8 8 8 1 0 0 3 8 3 0 0
0 1 8 8 8 8 1 0 0 3 8 3 0 0
0 1 1 1 1 1 1 0 0 3 8 3 0 0
0 0 0 0 0 0 0 0 0 3 3 3 0 0
0 0 0 0 0 2 2 2 0 0 0 0 0 0
0 0 0 0 0 2 8 2 0 0 0 0 0 0
0 0 0 0 0 2 8 2 0 0 0 0 0 0
0 0 0 0 0 2 2 2 0 3 3 3 3 3
0 0 0 0 0 0 0 0 0 3 8 8 8 3
0 0 0 0 0 0 0 0 0 3 3 3 3 3

Example 1:

Input:
0 0 0 0 0 0 0 0 0 0 0 0
0 3 3 3 0 0 3 3 3 3 3 0
0 3 3 3 0 0 3 3 3 3 3 0
0 3 3 3 0 0 3 3 3 3 3 0
0 0 0 0 0 0 3 3 3 3 3 0
0 0 0 0 0 0 0 0 0 0 0 0
0 0 1 1 1 0 0 0 0 3 3 3
0 0 1 1 1 0 0 0 0 3 3 3
0 0 1 1 1 0 0 0 0 3 3 3
0 0 0 0 0 0 0 0 0 3 3 3
0 0 0 0 0 0 0 0 0 3 3 3
0 0 0 0 0 0 0 0 0 0 0 0
Output:
0 0 0 0 0 0 0 0 0 0 0 0
0 3 3 3 0 0 3 3 3 3 3 0
0 3 8 3 0 0 3 8 8 8 3 0
0 3 3 3 0 0 3 8 8 8 3 0
0 0 0 0 0 0 3 3 3 3 3 0
0 0 0 0 0 0 0 0 0 0 0 0
0 0 1 1 1 0 0 0 0 3 3 3
0 0 1 8 1 0 0 0 0 3 8 3
0 0 1 1 1 0 0 0 0 3 8 3
0 0 0 0 0 0 0 0 0 3 8 3
0 0 0 0 0 0 0 0 0 3 3 3
0 0 0 0 0 0 0 0 0 0 0 0

Example 1:

Input:
0 0 0 0 0 0 0 0 1 1 1 1
0 0 0 0 0 0 0 0 1 1 1 1
0 0 0 0 0 0 0 0 1 1 1 1
0 0 0 0 0 0 0 0 1 1 1 1
0 0 0 0 0 0 0 0 1 1 1 1
0 0 0 0 0 0 0 0 1 1 1 1
0 0 0 0 0 0 0 0 1 1 1 1
0 0 0 0 0 0 0 0 0 0 0 0
0 0 0 0 0 0 0 0 0 0 0 0
0 0 0 0 0 0 0 0 0 0 0 0
0 0 0 0 0 0 2 2 2 2 2 0
0 0 0 0 0 0 2 2 2 2 2 0
0 0 0 0 0 0 2 2 2 2 2 0
Output:
0 0 0 0 0 0 0 0 1 1 1 1
0 0 0 0 0 0 0 0 1 8 8 1
0 0 0 0 0 0 0 0 1 8 8 1
0 0 0 0 0 0 0 0 1 8 8 1
0 0 0 0 0 0 0 0 1 8 8 1
0 0 0 0 0 0 0 0 1 8 8 1
0 0 0 0 0 0 0 0 1 1 1 1
0 0 0 0 0 0 0 0 0 0 0 0
0 0 0 0 0 0 0 0 0 0 0 0
0 0 0 0 0 0 0 0 0 0 0 0
0 0 0 0 0 0 2 2 2 2 2 0
0 0 0 0 0 0 2 8 8 8 2 0
0 0 0 0 0 0 2 2 2 2 2 0

Example 1:

Input:
0 0 0 2 2 2 0 0 0 0 0 0 0
0 0 0 2 2 2 0 0 2 2 2 0 0
0 0 0 2 2 2 0 0 2 2 2 0 0
0 0 0 0 0 0 0 0 2 2 2 0 0
0 0 0 0 0 0 0 0 0 0 0 0 0
0 0 0 0 0 0 0 0 0 0 0 0 0
0 0 0 0 0 0 0 0 0 0 0 0 0
0 0 0 0 0 0 0 0 0 1 1 1 1
0 3 3 3 0 0 0 0 0 1 1 1 1
0 3 3 3 0 0 0 0 0 1 1 1 1
0 3 3 3 0 0 0 0 0 1 1 1 1
0 3 3 3 0 0 0 0 0 1 1 1 1
Output:
0 0 0 2 2 2 0 0 0 0 0 0 0
0 0 0 2 8 2 0 0 2 2 2 0 0
0 0 0 2 2 2 0 0 2 8 2 0 0
0 0 0 0 0 0 0 0 2 2 2 0 0
0 0 0 0 0 0 0 0 0 0 0 0 0
0 0 0 0 0 0 0 0 0 0 0 0 0
0 0 0 0 0 0 0 0 0 0 0 0 0
0 0 0 0 0 0 0 0 0 1 1 1 1
0 3 3 3 0 0 0 0 0 1 8 8 1
0 3 8 3 0 0 0 0 0 1 8 8 1
0 3 8 3 0 0 0 0 0 1 8 8 1
0 3 3 3 0 0 0 0 0 1 1 1 1


Write the **short** Python code in code golf manners that performs the transformation according to the rule in following format: `def p(g): ...`. Note that input and output are passed by 2D arrays.