ARCのケースに対して、list[list[int]] -> list[list[int]] のシグネチャを持つ関数`p`をPythonで実装してください。つまり、`def p(g):...` か `p=lambda g:...`というコードが期待されます。
コードはshortcodingのcompetitionに用いるため、アルゴリズムを工夫してできる限り短いコードを生成するよう努めてください。

Example 0:

Input:
0 0 0 0 0 0 0 0 0 0 0 0 0 5 0 0 0 5 5
5 5 0 0 0 5 5 5 5 0 0 0 0 5 0 0 0 5 0
0 5 5 5 5 5 0 0 5 5 5 5 5 5 5 5 5 5 0
5 5 0 0 0 5 0 0 5 0 0 0 0 5 0 0 0 5 0
0 0 0 0 0 5 0 0 5 0 0 0 0 5 0 0 0 5 5
0 0 0 0 0 5 0 0 5 0 0 5 5 5 5 0 0 0 0
0 0 0 0 0 5 0 0 5 0 0 5 0 0 5 0 0 0 0
0 0 0 0 0 5 5 5 5 0 0 5 0 0 5 5 5 5 5
0 0 0 0 0 0 5 0 0 0 0 5 5 5 5 0 0 0 0
0 0 0 0 0 0 5 0 0 0 0 0 0 5 0 0 0 0 0
0 0 0 0 0 0 5 0 0 0 0 0 0 5 0 0 0 0 0
0 0 0 0 0 0 5 0 0 0 0 0 0 5 0 0 0 0 0
Output:
0 0 0 0 0 0 0 0 0 0 0 0 0 5 0 0 0 5 5
5 5 0 0 0 5 5 5 5 0 0 0 0 5 0 0 0 5 4
4 5 5 5 5 5 4 4 5 5 5 5 5 5 5 5 5 5 4
5 5 0 0 0 5 4 4 5 0 0 0 0 5 0 0 0 5 4
0 0 0 0 0 5 4 4 5 0 0 0 0 5 0 0 0 5 5
0 0 0 0 0 5 4 4 5 0 0 5 5 5 5 0 0 0 0
0 0 0 0 0 5 4 4 5 0 0 5 4 4 5 0 0 0 0
0 0 0 0 0 5 5 5 5 0 0 5 4 4 5 5 5 5 5
0 0 0 0 0 0 5 0 0 0 0 5 5 5 5 0 0 0 0
0 0 0 0 0 0 5 0 0 0 0 0 0 5 0 0 0 0 0
0 0 0 0 0 0 5 0 0 0 0 0 0 5 0 0 0 0 0
0 0 0 0 0 0 5 0 0 0 0 0 0 5 0 0 0 0 0

Example 1:

Input:
0 0 0 0 0 5 0 0 0 0 0 5 0 0 0 0
0 0 0 0 0 5 0 0 0 0 0 5 0 0 0 0
0 0 0 0 0 5 0 0 0 0 0 5 0 0 0 0
0 0 0 0 0 5 0 0 0 0 0 5 0 0 0 0
0 0 0 5 5 5 5 5 0 0 0 5 0 0 5 5
0 0 0 5 0 0 0 5 0 0 0 5 0 0 5 0
0 0 0 5 0 0 0 5 5 5 5 5 5 5 5 0
0 0 0 5 0 0 0 5 0 0 0 0 0 0 5 0
0 0 0 5 5 5 5 5 0 0 0 0 0 0 5 5
0 0 0 0 0 5 0 0 0 0 0 0 0 0 0 0
0 0 0 0 0 5 0 0 0 0 0 0 0 0 0 0
5 5 5 5 5 5 0 0 0 0 0 0 0 0 0 0
0 0 0 0 0 5 0 0 0 0 0 0 0 0 0 0
Output:
0 0 0 0 0 5 0 0 0 0 0 5 0 0 0 0
0 0 0 0 0 5 0 0 0 0 0 5 0 0 0 0
0 0 0 0 0 5 0 0 0 0 0 5 0 0 0 0
0 0 0 0 0 5 0 0 0 0 0 5 0 0 0 0
0 0 0 5 5 5 5 5 0 0 0 5 0 0 5 5
0 0 0 5 4 4 4 5 0 0 0 5 0 0 5 4
0 0 0 5 4 4 4 5 5 5 5 5 5 5 5 4
0 0 0 5 4 4 4 5 0 0 0 0 0 0 5 4
0 0 0 5 5 5 5 5 0 0 0 0 0 0 5 5
0 0 0 0 0 5 0 0 0 0 0 0 0 0 0 0
0 0 0 0 0 5 0 0 0 0 0 0 0 0 0 0
5 5 5 5 5 5 0 0 0 0 0 0 0 0 0 0
0 0 0 0 0 5 0 0 0 0 0 0 0 0 0 0

Example 2:

Input:
0 0 0 0 0 5 0 0 0 0 0 0 0 0 0 0 0
0 0 0 0 0 5 0 0 0 0 0 5 5 5 5 5 0
5 5 5 5 5 5 5 5 5 5 5 5 0 0 0 5 0
0 0 0 0 0 5 0 0 0 0 0 5 0 0 0 5 5
0 0 0 5 5 5 5 0 0 0 0 5 0 0 0 5 0
5 5 5 5 0 0 5 0 0 0 0 5 5 5 5 5 0
0 0 0 5 0 0 5 0 0 0 0 0 5 0 0 0 0
0 0 0 5 0 0 5 0 0 0 0 0 5 0 0 0 0
0 0 0 5 5 5 5 0 0 0 0 0 5 0 0 0 0
0 0 0 0 0 5 0 0 0 0 0 0 5 0 0 0 0
0 0 0 0 0 5 0 0 0 0 5 5 5 5 0 0 0
5 5 5 5 5 5 5 5 5 5 5 0 0 5 0 0 0
0 0 0 0 0 5 0 0 0 0 5 0 0 5 0 0 0
0 0 0 0 0 5 0 0 0 0 5 5 5 5 0 0 0
0 0 0 0 0 5 0 0 0 0 0 0 5 0 0 0 0
Output:
0 0 0 0 0 5 0 0 0 0 0 0 0 0 0 0 0
0 0 0 0 0 5 0 0 0 0 0 5 5 5 5 5 0
5 5 5 5 5 5 5 5 5 5 5 5 4 4 4 5 0
0 0 0 0 0 5 0 0 0 0 0 5 4 4 4 5 5
0 0 0 5 5 5 5 0 0 0 0 5 4 4 4 5 0
5 5 5 5 4 4 5 0 0 0 0 5 5 5 5 5 0
0 0 0 5 4 4 5 0 0 0 0 0 5 0 0 0 0
0 0 0 5 4 4 5 0 0 0 0 0 5 0 0 0 0
0 0 0 5 5 5 5 0 0 0 0 0 5 0 0 0 0
0 0 0 0 0 5 0 0 0 0 0 0 5 0 0 0 0
0 0 0 0 0 5 0 0 0 0 5 5 5 5 0 0 0
5 5 5 5 5 5 5 5 5 5 5 4 4 5 0 0 0
0 0 0 0 0 5 0 0 0 0 5 4 4 5 0 0 0
0 0 0 0 0 5 0 0 0 0 5 5 5 5 0 0 0
0 0 0 0 0 5 0 0 0 0 0 0 5 0 0 0 0

Example 3:

Input:
0 0 0 0 0 0 0 5 0 0 0 0 0 0 0 0 0 0
0 0 0 0 0 0 0 5 0 0 0 0 0 0 0 0 0 0
5 5 5 0 0 0 0 5 0 0 0 0 0 0 0 0 0 0
0 0 5 5 5 5 5 5 5 5 5 5 5 5 5 5 5 5
5 5 5 0 0 0 0 5 0 0 0 0 0 0 5 0 0 0
0 0 0 0 0 0 0 5 0 0 0 0 0 0 5 0 0 0
0 0 0 0 0 0 0 5 0 0 0 0 0 0 5 0 0 0
0 0 0 0 0 0 0 5 0 0 0 0 0 5 5 5 5 0
0 0 0 0 0 5 5 5 5 5 0 0 0 5 0 0 5 0
5 5 5 5 5 5 0 0 0 5 5 5 5 5 0 0 5 5
0 5 0 0 0 5 0 0 0 5 0 0 0 5 0 0 5 0
0 5 0 0 0 5 5 5 5 5 0 0 0 5 5 5 5 0
0 5 0 0 0 0 0 5 0 0 0 0 0 0 0 0 0 0
5 5 5 0 0 0 0 5 0 0 0 0 0 0 0 0 0 0
5 0 5 0 0 0 0 5 0 0 0 0 0 0 0 0 0 0
5 5 5 0 0 0 0 5 0 0 0 0 0 0 0 0 0 0
Output:
0 0 0 0 0 0 0 5 0 0 0 0 0 0 0 0 0 0
0 0 0 0 0 0 0 5 0 0 0 0 0 0 0 0 0 0
5 5 5 0 0 0 0 5 0 0 0 0 0 0 0 0 0 0
4 4 5 5 5 5 5 5 5 5 5 5 5 5 5 5 5 5
5 5 5 0 0 0 0 5 0 0 0 0 0 0 5 0 0 0
0 0 0 0 0 0 0 5 0 0 0 0 0 0 5 0 0 0
0 0 0 0 0 0 0 5 0 0 0 0 0 0 5 0 0 0
0 0 0 0 0 0 0 5 0 0 0 0 0 5 5 5 5 0
0 0 0 0 0 5 5 5 5 5 0 0 0 5 4 4 5 0
5 5 5 5 5 5 4 4 4 5 5 5 5 5 4 4 5 5
0 5 0 0 0 5 4 4 4 5 0 0 0 5 4 4 5 0
0 5 0 0 0 5 5 5 5 5 0 0 0 5 5 5 5 0
0 5 0 0 0 0 0 5 0 0 0 0 0 0 0 0 0 0
5 5 5 0 0 0 0 5 0 0 0 0 0 0 0 0 0 0
5 4 5 0 0 0 0 5 0 0 0 0 0 0 0 0 0 0
5 5 5 0 0 0 0 5 0 0 0 0 0 0 0 0 0 0

Example 4:

Input:
0 0 5 5 5 5 5 5 5 0 5 0 0 0 0 0 0 0
0 0 5 0 0 0 0 0 5 0 5 0 0 0 0 0 0 0
5 5 5 0 0 0 0 0 5 0 5 0 0 0 0 0 0 0
0 0 5 0 0 0 0 0 5 0 5 0 0 0 0 0 0 0
0 0 5 5 5 5 5 5 5 0 5 0 0 5 5 5 5 5
0 0 0 0 5 0 0 0 0 0 5 0 0 5 0 0 0 0
0 0 0 0 5 0 0 0 0 0 5 0 0 5 5 5 5 5
0 0 0 0 5 0 0 0 0 5 5 5 0 0 0 0 0 0
0 0 5 5 5 5 5 0 0 5 0 5 0 0 0 0 0 0
0 0 5 0 0 0 5 5 5 5 0 5 0 0 0 0 0 0
0 0 5 5 5 5 5 0 0 5 5 5 0 0 0 0 0 0
Output:
0 0 5 5 5 5 5 5 5 0 5 0 0 0 0 0 0 0
0 0 5 4 4 4 4 4 5 0 5 0 0 0 0 0 0 0
5 5 5 4 4 4 4 4 5 0 5 0 0 0 0 0 0 0
0 0 5 4 4 4 4 4 5 0 5 0 0 0 0 0 0 0
0 0 5 5 5 5 5 5 5 0 5 0 0 5 5 5 5 5
0 0 0 0 5 0 0 0 0 0 5 0 0 5 4 4 4 4
0 0 0 0 5 0 0 0 0 0 5 0 0 5 5 5 5 5
0 0 0 0 5 0 0 0 0 5 5 5 0 0 0 0 0 0
0 0 5 5 5 5 5 0 0 5 4 5 0 0 0 0 0 0
0 0 5 4 4 4 5 5 5 5 4 5 0 0 0 0 0 0
0 0 5 5 5 5 5 0 0 5 5 5 0 0 0 0 0 0

Example 5:

Input:
5 5 5 0 0 0 0 0 0 0 0
0 0 5 5 5 5 5 5 5 5 5
5 5 5 0 0 0 0 0 0 0 0
0 5 0 0 0 0 0 0 0 0 0
0 5 0 0 0 0 0 0 0 0 0
5 5 5 5 5 5 0 5 5 5 5
0 0 0 0 0 5 5 5 0 0 5
5 5 5 5 5 5 0 5 0 0 5
0 0 0 0 0 0 0 5 0 0 5
0 0 0 0 0 0 0 5 0 0 5
0 0 0 0 0 0 0 5 5 5 5
0 0 0 0 0 0 0 0 5 0 0
0 0 0 0 0 0 5 5 5 5 5
0 0 0 0 0 0 5 0 0 0 0
0 0 0 0 0 0 5 5 5 5 5
Output:
5 5 5 0 0 0 0 0 0 0 0
4 4 5 5 5 5 5 5 5 5 5
5 5 5 0 0 0 0 0 0 0 0
0 5 0 0 0 0 0 0 0 0 0
0 5 0 0 0 0 0 0 0 0 0
5 5 5 5 5 5 0 5 5 5 5
4 4 4 4 4 5 5 5 4 4 5
5 5 5 5 5 5 0 5 4 4 5
0 0 0 0 0 0 0 5 4 4 5
0 0 0 0 0 0 0 5 4 4 5
0 0 0 0 0 0 0 5 5 5 5
0 0 0 0 0 0 0 0 5 0 0
0 0 0 0 0 0 5 5 5 5 5
0 0 0 0 0 0 5 4 4 4 4
0 0 0 0 0 0 5 5 5 5 5

Example 6:

Input:
0 0 0 0 0 0 0 0 0 0 0
0 0 0 0 0 0 0 0 0 0 0
0 0 0 0 0 0 0 0 0 0 0
0 0 0 0 0 0 0 0 0 0 0
0 0 0 0 0 5 5 5 5 5 5
0 0 0 0 0 5 0 0 0 0 5
5 5 5 5 5 5 0 0 0 0 5
0 0 0 0 0 5 0 0 0 0 5
0 0 0 0 0 5 0 0 0 0 5
0 0 0 0 0 5 0 0 0 0 5
0 0 0 0 0 5 5 5 5 5 5
0 0 0 0 0 0 0 0 0 0 0
0 0 0 0 0 5 5 5 5 5 0
0 0 0 0 0 5 0 0 0 5 0
0 0 0 0 0 5 5 5 5 5 0
0 0 0 0 0 0 0 0 0 0 0
0 0 0 0 0 0 0 0 0 0 0
Output:
0 0 0 0 0 0 0 0 0 0 0
0 0 0 0 0 0 0 0 0 0 0
0 0 0 0 0 0 0 0 0 0 0
0 0 0 0 0 0 0 0 0 0 0
0 0 0 0 0 5 5 5 5 5 5
0 0 0 0 0 5 4 4 4 4 5
5 5 5 5 5 5 4 4 4 4 5
0 0 0 0 0 5 4 4 4 4 5
0 0 0 0 0 5 4 4 4 4 5
0 0 0 0 0 5 4 4 4 4 5
0 0 0 0 0 5 5 5 5 5 5
0 0 0 0 0 0 0 0 0 0 0
0 0 0 0 0 5 5 5 5 5 0
0 0 0 0 0 5 4 4 4 5 0
0 0 0 0 0 5 5 5 5 5 0
0 0 0 0 0 0 0 0 0 0 0
0 0 0 0 0 0 0 0 0 0 0

Example 7:

Input:
0 0 0 0 0 0 5 5 5 5 0 0 5 5 5
0 0 0 0 0 0 5 0 0 5 5 5 5 0 5
5 5 5 0 0 0 5 0 0 5 0 0 5 0 5
0 0 5 5 5 5 5 0 0 5 0 0 5 5 5
5 5 5 0 0 0 5 0 0 5 0 0 0 0 0
0 0 0 0 0 0 5 0 0 5 0 0 0 0 0
0 0 0 0 0 0 5 5 5 5 0 0 0 0 0
0 0 0 0 0 0 0 0 0 0 0 0 0 0 0
5 5 5 5 5 5 0 0 0 0 0 0 0 0 0
0 0 0 0 0 5 5 5 5 5 5 5 5 5 5
5 5 5 5 5 5 0 0 0 0 0 0 0 0 0
0 0 0 0 0 0 0 0 0 0 0 0 0 0 0
Output:
0 0 0 0 0 0 5 5 5 5 0 0 5 5 5
0 0 0 0 0 0 5 4 4 5 5 5 5 4 5
5 5 5 0 0 0 5 4 4 5 0 0 5 4 5
4 4 5 5 5 5 5 4 4 5 0 0 5 5 5
5 5 5 0 0 0 5 4 4 5 0 0 0 0 0
0 0 0 0 0 0 5 4 4 5 0 0 0 0 0
0 0 0 0 0 0 5 5 5 5 0 0 0 0 0
0 0 0 0 0 0 0 0 0 0 0 0 0 0 0
5 5 5 5 5 5 0 0 0 0 0 0 0 0 0
4 4 4 4 4 5 5 5 5 5 5 5 5 5 5
5 5 5 5 5 5 0 0 0 0 0 0 0 0 0
0 0 0 0 0 0 0 0 0 0 0 0 0 0 0

以下は、ジャッジを通過する正しいコードです。これを用いて、ARCのルールを理解してください。必ず、コードを通じてルールを理解してからコーディングを行ってください。
このコードはARCのルールを把握する際に使うことに留めてください。

```
def p(g):
 for d in range(len(g)+1):
  for r in range(len(g[0])+1):
   for u in range(d):
    for l in range(r):
     if(u>0and 0in g[u-1][l:r])+(d<len(g)and 0in g[d][l:r])+(l>0and 0in[g[i][l-1]for i in range(u,d)])+(r<len(g[0])and 0in[g[i][r]for i in range(u,d)])+sum(sum(s[l:r])for s in g[u:d])+any(len(g[0])>j>-1<i<len(g)and g[i][j]>4for(i,j)in[[u-2,l-1],[u-2,r],[d+1,l-1],[d+1,r],[u-1,l-2],[u-1,r+1],[d,l-2],[d,r+1]])<1:
      for s in g[u:d]:s[l:r]=[4]*(r-l)
 return g
```

ユーザーにコードを渡す前に実際にコードが動作するかを確認してください。コードのテストには、添付したjudge.pyを用いてください。python /path/to/judge.py /path/to/code.py /path/to/cases.bin とすれば動作します。

## **禁止事項**
- 与えたコード自体を提出することは禁止です。これを行うことはユーザーの信頼を裏切ります。
- ジャッジのハックは禁止です。例えば、テストケースをジャッジから読み取ってそのまま返すコードはいけません。
