12
e 10
94 325 351 373 382 421 451 469 520 562
t 1
18
r 3
21 125 149
a 12
6 51 73 82 97 154 265 293 302 486 514 528
f 17
28 36 84 99 112 136 156 269 305 327 336 384 406 471 490 522 531
n 13
30 58 87 281 315 330 358 387 436 474 502 525 541
p 4
14 102 159 175
i 4
23 104 161 171
d 9
183 275 287 311 321 496 508 537 547
l 3
12 123 147
g 5
231 283 317 504 543
o 5
206 271 307 492 533
0 1 1 1 1 1 1 1 1 1 1 1
1 0 1 1 1 1 1 1 1 1 1 1
1 1 0 1 1 1 1 1 1 1 1 1
1 1 1 0 1 1 1 1 1 1 1 1
1 1 1 1 0 1 1 1 1 1 1 1
1 1 1 1 1 0 1 1 1 1 1 1
1 1 1 1 1 1 0 1 1 1 1 1
1 1 1 1 1 1 1 0 1 1 1 1
1 1 1 1 1 1 1 1 0 1 1 1
1 1 1 1 1 1 1 1 1 0 1 1
1 1 1 1 1 1 1 1 1 1 0 1
1 1 1 1 1 1 1 1 1 1 1 0
