12
A 7
6 117 144 204 220 265 289
B 7
0 125 152 206 222 267 291
d 2
86 363
g 6
20 47 69 184 327 375
i 5
112 186 235 313 329
j 5
139 191 242 320 334
k 8
175 188 199 237 260 315 331 341
l 8
178 193 215 244 284 322 336 344
s 3
49 64 78
t 2
35 58
u 11
25 127 154 173 208 224 269 293 339 349 359
v 2
29 37
0 1 1 1 1 1 1 1 0 0 1 0
1 0 1 1 1 1 1 1 0 0 1 0
1 1 0 1 1 1 1 1 0 0 1 0
1 1 1 0 1 1 1 1 1 1 1 1
1 1 1 1 0 1 1 1 0 0 1 0
1 1 1 1 1 0 1 1 0 0 1 0
1 1 1 1 1 1 0 1 0 0 1 0
1 1 1 1 1 1 1 0 0 0 1 0
0 0 0 1 0 0 0 0 0 1 0 1
0 0 0 1 0 0 0 0 1 0 0 1
1 1 1 1 1 1 1 1 0 0 0 0
0 0 0 1 0 0 0 0 1 1 0 0
