11
f 15
12 97 120 166 182 201 214 246 267 342 348 368 399 405 425
o 5
6 168 184 248 269
e 8
0 45 58 149 177 226 256 298
s 5
32 83 155 209 262
d 6
34 146 196 241 323 380
n 6
78 230 331 363 388 420
r 16
135 140 161 188 223 235 273 288 292 312 325 328 337 382 385 394
i 13
26 47 60 138 170 186 221 250 271 300 318 358 415
key 1
54
g 3
115 153 260
t 3
92 144 239
0 1 1 1 1 1 1 1 0 1 1
1 0 1 1 1 1 1 1 0 1 1
1 1 0 1 1 1 1 1 0 1 1
1 1 1 0 1 1 1 1 0 1 1
1 1 1 1 0 1 1 1 0 1 1
1 1 1 1 1 0 1 1 0 1 1
1 1 1 1 1 1 0 1 0 1 1
1 1 1 1 1 1 1 0 0 1 1
0 0 0 0 0 0 0 0 0 0 0
1 1 1 1 1 1 1 1 0 0 1
1 1 1 1 1 1 1 1 0 1 0
