ARCのケースに対して、list[list[int]] -> list[list[int]] のシグネチャを持つ関数`p`をPythonで実装してください。つまり、`def p(g):...` か `p=lambda g:...`というコードが期待されます。
コードはshortcodingのcompetitionに用いるため、アルゴリズムを工夫してできる限り短いコードを生成するよう努めてください。

Example 0:

Input:
8 8 8 2 2 2 2 8 8 8 8 8
8 8 8 2 2 2 2 8 8 8 8 8
2 2 2 2 2 2 2 2 2 2 2 2
2 2 2 2 2 2 2 2 2 2 2 2
2 2 2 2 2 2 2 2 2 2 2 2
8 8 8 2 4 2 2 8 8 8 8 8
8 8 8 2 2 2 2 8 8 8 8 8
8 8 8 2 2 2 2 8 8 8 8 8
8 1 8 2 2 2 2 8 8 8 8 8
8 8 8 2 2 2 2 8 8 8 8 8
8 8 8 2 2 2 2 8 8 8 8 8
8 8 8 2 2 2 2 8 8 8 8 8
2 2 2 2 2 2 2 2 2 2 2 2
2 2 2 2 2 2 2 2 2 2 2 2
2 2 2 2 2 2 2 2 2 2 2 2
2 2 2 2 2 2 2 2 2 2 2 2
8 8 8 2 2 2 2 8 8 8 8 8
8 8 8 2 2 2 2 8 8 8 8 8
8 8 8 2 2 2 2 8 8 8 8 8
Output:
8 8 8 2 2 2 2 8 8 1 8 8
1 8 8 2 2 2 2 8 1 8 8 8
2 4 2 2 2 2 2 4 2 2 2 2
2 2 4 2 2 2 4 2 2 2 2 2
2 2 2 4 2 4 2 2 2 2 2 2
8 8 8 2 4 2 2 8 8 8 8 8
8 8 8 4 2 4 2 8 8 8 8 8
1 8 1 2 2 2 4 8 8 8 8 8
8 1 8 2 2 2 2 1 8 8 8 8
1 8 1 2 2 2 2 8 1 8 8 8
8 8 8 4 2 2 2 8 8 1 8 8
8 8 8 2 4 2 2 8 8 8 1 8
2 2 2 2 2 4 2 2 2 2 2 4
2 2 2 2 2 2 4 2 2 2 2 2
2 2 2 2 2 2 2 4 2 2 2 2
2 2 2 2 2 2 2 2 4 2 2 2
8 8 8 2 2 2 2 8 8 1 8 8
8 8 8 2 2 2 2 8 8 8 1 8
8 8 8 2 2 2 2 8 8 8 8 1

Example 1:

Input:
3 3 3 1 1 1 1 1 1 3 3 3 3 3
3 3 3 1 1 1 1 1 1 3 3 3 3 3
3 3 3 1 1 1 1 1 1 3 3 3 3 3
3 3 3 1 1 1 2 1 1 3 3 3 3 3
3 3 3 1 1 1 1 1 1 3 3 3 3 3
1 1 1 1 1 1 1 1 1 1 1 1 1 1
1 1 1 1 1 1 1 1 1 1 1 1 1 1
1 1 1 1 1 1 1 1 1 1 1 1 1 1
3 3 3 1 1 1 1 1 1 3 3 8 3 3
3 3 3 1 1 1 1 1 1 3 3 3 3 3
3 3 3 1 1 1 1 1 1 3 3 3 3 3
3 3 3 1 1 1 1 1 1 3 3 3 3 3
Output:
3 3 3 2 1 1 1 1 1 8 3 3 3 3
3 3 3 1 2 1 1 1 2 3 3 3 3 3
3 3 3 1 1 2 1 2 1 3 3 3 3 3
3 3 3 1 1 1 2 1 1 3 3 3 3 3
3 3 3 1 1 2 1 2 1 3 3 3 3 3
1 1 1 1 2 1 1 1 2 1 1 1 1 1
1 1 1 2 1 1 1 1 1 2 1 1 1 2
1 1 2 1 1 1 1 1 1 1 2 1 2 1
3 8 3 1 1 1 1 1 1 3 3 8 3 3
8 3 3 1 1 1 1 1 1 3 8 3 8 3
3 3 3 1 1 1 1 1 1 8 3 3 3 8
3 3 3 1 1 1 1 1 2 3 3 3 3 3

Example 2:

Input:
1 1 6 6 6 6 1 1 1 1 6 6 6 6 6
1 1 6 6 6 6 1 1 1 1 6 6 6 6 6
1 1 6 6 6 6 1 1 1 1 6 6 6 6 6
1 1 6 6 6 6 1 1 1 1 6 6 6 6 6
1 1 6 6 6 6 1 1 1 1 6 6 6 6 6
1 1 6 6 6 6 1 8 1 1 6 6 6 6 6
1 1 6 6 6 6 1 1 1 1 6 6 6 6 6
1 1 6 6 6 6 1 1 1 1 6 6 6 6 6
1 1 6 6 3 6 1 1 1 1 6 6 6 6 6
1 1 6 6 6 6 1 1 1 1 6 6 6 6 6
1 1 6 6 6 6 1 1 1 1 6 6 3 6 6
1 1 6 6 6 6 1 1 1 1 6 6 6 6 6
1 1 6 6 6 6 1 1 1 1 6 6 6 6 6
1 1 6 6 6 6 1 1 1 1 6 6 6 6 6
1 1 6 6 6 6 1 1 1 1 6 6 6 6 6
Output:
1 1 3 6 6 6 1 1 1 1 6 6 3 6 6
1 1 6 3 6 6 1 1 1 1 6 3 6 6 6
1 1 6 6 3 6 1 1 1 1 3 6 6 6 6
1 1 6 6 6 3 1 1 1 8 6 6 6 6 6
8 1 6 6 6 6 8 1 8 1 6 6 6 6 6
1 8 6 6 6 6 1 8 1 1 6 6 6 6 6
1 1 3 6 6 6 8 1 8 1 6 6 6 6 6
1 1 6 3 6 3 1 1 1 8 6 6 6 6 6
1 1 6 6 3 6 1 1 1 1 3 6 6 6 3
1 1 6 3 6 3 1 1 1 1 6 3 6 3 6
1 1 3 6 6 6 8 1 1 1 6 6 3 6 6
1 8 6 6 6 6 1 8 1 1 6 3 6 3 6
8 1 6 6 6 6 1 1 8 1 3 6 6 6 3
1 1 6 6 6 6 1 1 1 8 6 6 6 6 6
1 1 6 6 6 6 1 1 8 1 3 6 6 6 6

Example 3:

Input:
8 8 8 3 3 3 3 3 3 8 4 8 8 8 8 8 8 8 8
8 8 8 3 3 3 3 3 3 8 8 8 8 8 8 8 8 8 8
8 8 8 3 3 3 3 3 3 8 8 8 8 8 8 8 8 8 8
8 8 8 3 3 3 3 3 3 8 8 8 8 8 8 8 8 8 8
3 3 3 3 3 3 1 3 3 3 3 3 3 3 3 3 3 3 3
3 3 3 3 3 3 3 3 3 3 3 3 3 3 3 3 3 3 3
3 3 3 3 3 3 3 3 3 3 3 3 3 3 3 3 3 3 3
8 8 8 3 3 3 3 3 3 8 8 8 8 8 8 8 8 8 8
8 8 8 3 3 3 3 3 3 8 8 8 8 8 8 8 8 8 8
8 8 8 3 3 3 3 3 3 8 8 8 8 8 8 8 8 8 8
8 8 8 3 3 3 3 3 3 8 8 8 8 8 8 8 8 8 8
3 3 3 3 3 3 3 3 3 3 3 3 3 3 3 3 3 3 3
3 3 3 3 3 3 3 3 3 3 3 3 3 3 1 3 3 3 3
3 3 3 3 3 3 3 3 3 3 3 3 3 3 3 3 3 3 3
3 3 3 3 3 3 3 3 3 3 3 3 3 3 3 3 3 3 3
8 8 8 3 3 3 3 3 3 8 8 8 8 8 8 8 8 8 8
8 8 8 3 3 3 3 3 3 8 8 8 8 8 8 8 8 8 8
Output:
8 8 4 3 3 3 3 3 3 8 4 8 8 8 8 8 8 8 8
8 8 8 1 3 3 3 3 3 4 8 4 8 8 8 8 8 8 8
8 8 8 3 1 3 3 3 1 8 8 8 4 8 8 8 8 8 8
8 8 8 3 3 1 3 1 3 8 8 8 8 4 8 8 8 8 8
3 3 3 3 3 3 1 3 3 3 3 3 3 3 1 3 3 3 3
3 3 3 3 3 1 3 1 3 3 3 3 3 3 3 1 3 3 3
3 3 3 3 1 3 3 3 1 3 3 3 3 3 3 3 1 3 3
8 8 8 1 3 3 3 3 3 4 8 8 8 8 8 8 8 4 8
8 8 4 3 3 3 3 3 3 8 4 8 8 8 8 8 8 8 4
8 4 8 3 3 3 3 3 3 8 8 4 8 8 8 8 8 4 8
4 8 8 3 3 3 3 3 3 8 8 8 4 8 8 8 4 8 8
3 3 3 3 3 3 3 3 3 3 3 3 3 1 3 1 3 3 3
3 3 3 3 3 3 3 3 3 3 3 3 3 3 1 3 3 3 3
3 3 3 3 3 3 3 3 3 3 3 3 3 1 3 1 3 3 3
3 3 3 3 3 3 3 3 3 3 3 3 1 3 3 3 1 3 3
8 8 8 3 3 3 3 3 3 8 8 4 8 8 8 8 8 4 8
8 8 8 3 3 3 3 3 3 8 4 8 8 8 8 8 8 8 4

Example 4:

Input:
8 8 8 8 8 3 3 3 3 3 8 8 6 8 3 3 8 8
8 8 8 8 8 3 3 1 3 3 8 8 8 8 3 3 8 8
8 8 8 8 8 3 3 3 3 3 8 8 8 8 3 3 8 8
8 8 8 8 8 3 3 3 3 3 8 8 8 8 3 3 8 8
3 3 3 3 3 3 3 3 3 3 3 3 3 3 3 3 3 3
3 3 3 3 3 3 3 3 3 3 3 3 3 3 3 1 3 3
3 3 3 3 3 3 3 3 3 3 3 3 3 3 3 3 3 3
8 8 8 8 8 3 3 3 3 3 8 8 8 8 3 3 8 8
8 8 8 8 8 3 3 3 3 3 8 8 8 8 3 3 8 8
8 8 8 8 8 3 3 3 3 3 8 8 8 8 3 3 8 8
8 8 8 8 8 3 3 3 3 3 8 8 8 8 3 3 8 8
Output:
8 8 8 8 8 3 1 3 1 3 6 8 6 8 3 3 8 8
8 8 8 8 8 3 3 1 3 3 8 6 8 6 3 3 8 8
8 8 8 8 8 3 1 3 1 3 6 8 6 8 1 3 8 8
8 8 8 8 8 1 3 3 3 1 8 8 8 6 3 1 8 6
3 3 3 3 1 3 3 3 1 3 1 3 3 3 1 3 1 3
3 3 3 1 3 3 3 1 3 3 3 1 3 3 3 1 3 1
3 3 1 3 3 3 1 3 3 3 3 3 1 3 1 3 1 3
8 6 8 8 8 1 3 3 3 3 8 8 8 6 3 3 8 6
6 8 8 8 6 3 3 3 3 3 8 8 6 8 1 3 8 8
8 8 8 6 8 3 3 3 3 3 8 6 8 8 3 1 8 8
8 8 6 8 8 3 3 3 3 3 6 8 8 8 3 3 6 8

Example 5:

Input:
9 9 9 9 9 9 2 2 2 9 9
9 9 9 9 9 9 2 2 2 9 9
9 9 9 3 9 9 2 2 2 9 9
9 9 9 9 9 9 2 2 2 9 9
9 9 9 9 9 9 2 2 2 9 9
9 9 9 9 9 9 2 2 2 9 9
2 2 2 2 2 2 2 6 2 2 2
2 2 2 2 2 2 2 2 2 2 2
2 2 2 2 2 2 2 2 2 2 2
2 2 2 2 2 2 2 2 2 2 2
2 2 2 2 2 2 2 2 2 2 2
9 9 9 9 9 9 2 2 2 9 9
9 9 9 9 9 9 2 2 2 9 9
9 9 9 9 9 9 2 2 2 9 9
9 9 9 9 9 9 2 2 2 9 9
Output:
9 3 9 9 9 3 2 2 2 9 9
9 9 3 9 3 9 2 2 2 9 9
9 9 9 3 9 9 2 2 2 9 9
9 9 3 9 3 9 2 2 2 9 3
9 3 9 9 9 3 2 2 2 3 9
3 9 9 9 9 9 6 2 6 9 9
2 2 2 2 2 2 2 6 2 2 2
2 2 2 2 2 2 6 2 6 2 2
2 2 2 2 2 6 2 2 2 6 2
2 2 2 2 6 2 2 2 2 2 6
2 2 2 6 2 2 2 2 2 2 2
9 9 3 9 9 9 2 2 2 9 9
9 3 9 9 9 9 2 2 2 9 9
3 9 9 9 9 9 2 2 2 9 9
9 9 9 9 9 9 2 2 2 9 9

Example 6:

Input:
2 2 2 2 2 2 2 1 1 1 1
2 2 2 2 2 2 8 1 1 1 1
2 2 2 2 2 2 2 1 1 1 1
2 2 2 2 2 2 2 1 1 1 1
2 2 2 2 2 2 2 1 1 1 1
1 1 1 1 1 1 1 1 1 1 5
1 1 1 1 1 1 1 1 1 1 1
5 1 1 1 1 1 1 1 1 1 1
2 2 2 2 2 2 2 1 1 1 1
2 2 2 2 2 2 2 1 1 1 1
2 2 2 2 2 2 2 1 1 1 1
2 2 2 2 2 2 2 1 1 1 1
2 2 2 2 2 2 2 1 1 1 1
1 1 1 1 1 1 1 1 1 1 1
1 1 1 1 1 1 1 1 1 1 1
1 1 1 1 1 1 1 1 1 1 1
2 2 2 2 2 2 2 1 1 1 1
Output:
2 2 2 2 2 8 2 5 1 1 1
2 2 2 2 2 2 8 1 1 1 1
2 2 2 2 2 8 2 5 1 1 1
2 2 2 2 8 2 2 1 5 1 1
2 2 2 8 2 2 2 1 1 5 1
1 1 5 1 1 1 1 1 1 1 5
1 5 1 1 1 1 1 1 1 5 1
5 1 1 1 1 1 1 1 5 1 1
2 8 2 2 2 2 2 5 1 1 1
2 2 8 2 2 2 8 1 1 1 1
2 2 2 8 2 8 2 1 1 1 1
2 2 2 2 8 2 2 1 1 1 1
2 2 2 8 2 8 2 1 1 1 1
1 1 5 1 1 1 5 1 1 1 1
1 5 1 1 1 1 1 5 1 1 1
5 1 1 1 1 1 1 1 5 1 1
2 2 2 2 2 2 2 1 1 5 1

Example 7:

Input:
1 1 1 1 1 1 1 6 6 6 6 1 1 1 1
1 1 1 1 1 1 1 6 6 6 6 1 1 1 1
1 1 1 1 1 1 1 6 6 6 6 1 1 1 1
6 6 6 6 6 6 6 6 6 6 6 6 6 9 6
6 6 6 6 6 6 6 6 6 6 6 6 6 6 6
1 1 1 1 1 1 1 6 6 6 6 1 1 1 1
1 1 1 1 1 1 1 6 6 6 6 1 1 1 1
1 4 1 1 1 1 1 6 6 6 6 1 1 1 1
1 1 1 1 1 1 1 6 6 6 6 1 1 1 1
1 1 1 1 1 1 1 6 6 6 6 1 1 1 1
1 1 1 1 1 1 1 6 6 6 6 1 1 1 1
1 1 1 1 4 1 1 6 6 6 6 1 1 1 1
Output:
1 1 1 1 1 1 1 6 9 6 9 1 1 1 1
1 1 1 1 1 1 1 9 6 6 6 4 1 1 4
1 1 1 1 1 1 4 6 6 6 6 1 4 4 4
6 6 6 6 6 9 6 6 6 6 6 6 9 9 6
6 6 6 6 9 6 6 6 6 6 6 9 9 6 9
1 1 1 4 1 1 1 6 6 6 9 4 1 1 1
4 1 4 1 1 1 1 6 6 9 9 1 1 1 1
4 4 1 1 1 1 1 6 9 9 6 1 1 1 1
4 4 4 1 1 1 1 9 9 6 6 1 1 1 1
1 1 4 4 1 1 4 9 6 6 6 1 1 1 1
1 1 1 4 4 4 4 6 6 6 6 1 1 1 1
1 1 1 1 4 4 1 6 6 6 6 1 1 1 1

以下は、ジャッジを通過する正しいコードです。これを用いて、ARCのルールを理解してください。必ず、コードを通じてルールを理解してからコーディングを行ってください。
このコードはARCのルールを把握する際に使うことに留めてください。

```
def p(g):
 c=sorted({*sum(g,[])},key=sum(g,[]).count);m={};a=set();b=set();k=0
 for i in range(len(g)):
  for j in range(len(g[0])):
   if g[i][j]in(c[0],c[1]):
    f,*r={g[k][j]for k in range(len(g))if k!=i}-{g[i][j]};A,*B={g[i][k]for k in range(len(g[0]))if k!=j}-{g[i][j]}
    if r and B:k=g[i][j]
    else:m[g[i][j]]=m[u:=[A,f][not r]]=g[i][j]
    a|={i-j};b|={i+j}
 if k:m[k]=m[c[2]^c[3]^u]=k
 for i in range(len(g)):
  for j in range(len(g[0])):
   if i-j in a or i+j in b:g[i][j]=m[g[i][j]]
 return g
```

ユーザーにコードを渡す前に実際にコードが動作するかを確認してください。コードのテストには、添付したjudge.pyを用いてください。python /path/to/judge.py /path/to/code.py /path/to/cases.bin とすれば動作します。

## **禁止事項**
- 与えたコード自体を提出することは禁止です。これを行うことはユーザーの信頼を裏切ります。
- ジャッジのハックは禁止です。例えば、テストケースをジャッジから読み取ってそのまま返すコードはいけません。
