ARCのケースに対して、list[list[int]] -> list[list[int]] のシグネチャを持つ関数`p`をPythonで実装してください。つまり、`def p(g):...` か `p=lambda g:...`というコードが期待されます。
コードはshortcodingのcompetitionに用いるため、アルゴリズムを工夫してできる限り短いコードを生成するよう努めてください。

Example 0:

Input:
0 0 4 0 0 0 0 0 0 0 0 0 0 0 0 4 0
0 0 0 0 0 0 0 0 0 0 0 0 0 0 0 0 0
0 0 0 3 3 0 0 0 0 0 0 2 2 0 0 0 0
0 0 0 3 3 0 0 0 0 0 0 2 2 0 0 0 0
0 0 0 0 0 0 0 0 0 0 0 0 0 0 0 0 0
0 0 0 0 0 0 0 0 0 0 0 0 0 0 0 0 0
0 0 0 0 0 0 0 1 1 0 0 0 0 0 0 0 0
0 0 0 0 0 0 0 1 1 0 0 0 0 0 0 0 0
0 0 4 0 0 0 0 0 0 0 0 0 0 0 0 4 0
0 0 0 0 0 0 0 0 0 0 0 0 0 0 0 0 0
0 0 0 0 0 0 0 0 0 0 0 0 0 0 0 0 0
0 0 0 0 0 0 0 0 0 0 0 0 0 0 0 0 0
0 0 3 0 0 0 2 0 0 0 0 0 0 0 0 0 0
0 0 1 1 0 1 1 0 0 0 0 0 0 0 0 0 0
0 0 0 1 1 1 0 0 0 0 0 0 0 0 0 0 0
0 0 0 0 0 0 0 0 0 0 0 0 0 0 0 0 0
0 0 0 0 0 0 0 0 0 0 0 0 0 0 0 0 0
Output:
4 0 0 0 0 0 0 0 0 0 0 0 0 4
0 0 0 0 0 0 0 0 0 0 0 0 0 0
0 3 3 0 0 0 0 0 0 2 2 0 0 0
0 3 3 0 0 0 0 0 0 2 2 0 0 0
0 1 1 1 1 0 0 1 1 1 1 0 0 0
0 1 1 1 1 0 0 1 1 1 1 0 0 0
0 0 0 1 1 1 1 1 1 0 0 0 0 0
0 0 0 1 1 1 1 1 1 0 0 0 0 0
4 0 0 0 0 0 0 0 0 0 0 0 0 4

Example 1:

Input:
0 0 0 0 0 0 0 0 0 0 0 0 0 0 0 0 0 0
0 0 4 0 0 0 0 0 4 0 0 0 0 0 0 0 0 0
0 0 0 2 2 0 0 0 0 0 0 0 0 0 0 0 0 0
0 0 0 2 2 0 0 0 0 0 0 0 0 0 0 0 0 0
0 0 0 0 0 8 8 0 0 0 0 0 0 0 0 0 0 0
0 0 0 0 0 8 8 0 0 0 0 0 0 0 0 0 0 0
0 0 0 0 0 0 0 0 0 0 0 0 0 0 0 0 0 0
0 0 4 0 0 0 0 0 4 0 0 0 0 0 0 0 0 0
0 0 0 0 0 0 0 0 0 0 0 0 0 0 0 0 0 0
0 0 0 0 0 0 0 0 0 0 0 0 0 0 0 0 0 0
0 0 0 0 0 0 0 0 0 0 0 0 0 0 0 0 0 0
0 0 0 0 0 0 0 0 0 0 0 0 0 0 0 0 0 0
0 0 0 0 0 0 0 0 0 0 0 0 0 0 0 0 0 0
0 0 0 0 0 0 0 0 0 0 2 3 0 0 0 0 0 0
0 0 0 0 0 0 0 0 0 0 3 8 0 0 0 0 0 0
0 0 0 0 0 0 0 0 0 0 0 0 0 0 0 0 0 0
0 0 0 0 0 0 0 0 0 0 0 0 0 0 0 0 0 0
Output:
4 0 0 0 0 0 4
0 2 2 3 3 0 0
0 2 2 3 3 0 0
0 3 3 8 8 0 0
0 3 3 8 8 0 0
0 0 0 0 0 0 0
4 0 0 0 0 0 4

Example 2:

Input:
0 0 0 4 0 0 0 0 0 0 0 0 0 4 0 0 0 0
0 0 0 0 0 0 0 0 0 0 0 0 0 0 0 0 0 0
0 0 0 0 0 0 0 0 0 0 0 0 0 0 0 0 0 0
0 0 0 0 2 2 2 0 0 0 1 1 1 0 0 0 0 0
0 0 0 0 2 2 2 0 0 0 1 1 1 0 0 0 0 0
0 0 0 0 2 2 2 0 0 0 1 1 1 0 0 0 0 0
0 0 0 0 0 0 0 3 3 3 0 0 0 0 0 0 0 0
0 0 0 0 0 0 0 3 3 3 0 0 0 0 0 0 0 0
0 0 0 0 0 0 0 3 3 3 0 0 0 0 0 0 0 0
0 0 0 0 0 0 0 0 0 0 0 0 0 0 0 0 0 0
0 0 0 4 0 0 0 0 0 0 0 0 0 4 0 0 0 0
0 0 0 0 0 0 0 0 0 0 0 0 0 0 0 0 0 0
0 0 0 0 0 0 0 0 0 0 0 0 0 0 0 0 0 0
0 0 0 0 0 0 2 1 1 0 0 0 0 0 0 0 0 0
0 0 0 0 0 0 0 3 1 0 0 0 0 0 0 0 0 0
0 0 0 0 0 0 0 0 0 0 0 0 0 0 0 0 0 0
Output:
4 0 0 0 0 0 0 0 0 0 4
0 0 0 0 0 0 0 0 0 0 0
0 0 0 0 0 0 0 0 0 0 0
0 2 2 2 1 1 1 1 1 1 0
0 2 2 2 1 1 1 1 1 1 0
0 2 2 2 1 1 1 1 1 1 0
0 0 0 0 3 3 3 1 1 1 0
0 0 0 0 3 3 3 1 1 1 0
0 0 0 0 3 3 3 1 1 1 0
0 0 0 0 0 0 0 0 0 0 0
4 0 0 0 0 0 0 0 0 0 4

Example 3:

Input:
4 0 0 0 0 0 0 0 0 0 0 0 0 0 0 0 0 4
0 0 0 0 0 0 0 0 0 0 0 0 0 0 0 0 0 0
0 0 0 0 8 8 8 8 0 0 0 0 3 3 3 3 0 0
0 0 0 0 8 8 8 8 0 0 0 0 3 3 3 3 0 0
0 0 0 0 8 8 8 8 0 0 0 0 3 3 3 3 0 0
0 0 0 0 8 8 8 8 0 0 0 0 3 3 3 3 0 0
0 0 0 0 0 0 0 0 0 0 0 0 0 0 0 0 0 0
0 0 0 0 0 0 0 0 0 0 0 0 0 0 0 0 0 0
0 0 0 0 0 0 0 0 0 0 0 0 0 0 0 0 0 0
0 0 0 0 0 0 0 0 0 0 0 0 0 0 0 0 0 0
0 0 0 0 0 0 0 0 0 0 0 0 0 0 0 0 0 0
0 0 0 0 0 0 0 0 0 0 0 0 0 0 0 0 0 0
0 0 0 0 0 0 0 0 0 0 0 0 0 0 0 0 0 0
4 0 0 0 0 0 0 0 0 0 0 0 0 0 0 0 0 4
0 0 0 0 0 0 0 0 0 0 0 0 0 0 0 0 0 0
0 0 0 0 0 0 0 0 8 0 3 0 0 0 0 0 0 0
0 0 0 0 0 0 0 0 1 1 1 0 0 0 0 0 0 0
0 0 0 0 0 0 0 0 0 1 0 0 0 0 0 0 0 0
0 0 0 0 0 0 0 0 0 0 0 0 0 0 0 0 0 0
Output:
4 0 0 0 0 0 0 0 0 0 0 0 0 0 0 0 0 4
0 0 0 0 0 0 0 0 0 0 0 0 0 0 0 0 0 0
0 0 0 0 8 8 8 8 0 0 0 0 3 3 3 3 0 0
0 0 0 0 8 8 8 8 0 0 0 0 3 3 3 3 0 0
0 0 0 0 8 8 8 8 0 0 0 0 3 3 3 3 0 0
0 0 0 0 8 8 8 8 0 0 0 0 3 3 3 3 0 0
0 0 0 0 1 1 1 1 1 1 1 1 1 1 1 1 0 0
0 0 0 0 1 1 1 1 1 1 1 1 1 1 1 1 0 0
0 0 0 0 1 1 1 1 1 1 1 1 1 1 1 1 0 0
0 0 0 0 1 1 1 1 1 1 1 1 1 1 1 1 0 0
0 0 0 0 0 0 0 0 1 1 1 1 0 0 0 0 0 0
0 0 0 0 0 0 0 0 1 1 1 1 0 0 0 0 0 0
0 0 0 0 0 0 0 0 1 1 1 1 0 0 0 0 0 0
4 0 0 0 0 0 0 0 1 1 1 1 0 0 0 0 0 4

Example 4:

Input:
0 0 0 0 4 0 0 0 0 0 0 0 0 0 0 0 0 4 0
0 0 0 0 0 0 0 0 0 0 0 8 8 8 0 0 0 0 0
0 0 0 0 0 0 0 0 0 0 0 8 8 8 0 0 0 0 0
0 0 0 0 0 0 0 0 0 0 0 8 8 8 0 0 0 0 0
0 0 0 0 0 0 0 0 0 0 0 0 0 0 1 1 1 0 0
0 0 0 0 0 0 0 0 0 0 0 0 0 0 1 1 1 0 0
0 0 0 0 0 0 0 0 0 0 0 0 0 0 1 1 1 0 0
0 0 0 0 4 0 0 0 0 0 0 0 0 0 0 0 0 4 0
0 0 0 0 0 0 0 0 0 0 0 0 0 0 0 0 0 0 0
0 0 0 0 0 0 0 0 0 0 0 0 0 0 0 0 0 0 0
0 0 0 0 0 0 0 0 0 0 0 0 0 0 0 0 0 0 0
0 0 0 0 0 0 0 0 0 0 0 0 0 0 0 0 0 0 0
0 0 0 0 0 0 0 8 1 0 0 0 0 0 0 0 0 0 0
0 0 0 0 0 0 0 1 1 0 0 0 0 0 0 0 0 0 0
0 0 0 0 0 0 0 0 0 0 0 0 0 0 0 0 0 0 0
Output:
4 0 0 0 0 0 0 0 0 0 0 0 0 4
0 0 0 0 0 0 0 8 8 8 1 1 1 0
0 0 0 0 0 0 0 8 8 8 1 1 1 0
0 0 0 0 0 0 0 8 8 8 1 1 1 0
0 0 0 0 0 0 0 1 1 1 1 1 1 0
0 0 0 0 0 0 0 1 1 1 1 1 1 0
0 0 0 0 0 0 0 1 1 1 1 1 1 0
4 0 0 0 0 0 0 0 0 0 0 0 0 4

Example 5:

Input:
0 0 0 0 0 0 0 0 0 0 0 0 0 0 0 0 0 0 0 0
0 0 0 4 0 0 0 0 0 0 0 4 0 0 0 0 0 0 0 0
0 0 0 0 8 8 8 0 0 0 0 0 0 0 0 0 0 0 0 0
0 0 0 0 8 8 8 0 0 0 0 0 0 0 0 0 0 0 0 0
0 0 0 0 8 8 8 0 0 0 0 0 0 0 0 0 0 0 0 0
0 0 0 0 0 0 0 8 8 8 0 0 0 0 0 0 0 0 0 0
0 0 0 0 0 0 0 8 8 8 0 0 0 0 0 0 0 0 0 0
0 0 0 0 0 0 0 8 8 8 0 0 0 0 0 0 0 0 0 0
0 0 0 0 0 0 0 0 0 0 0 0 0 0 0 0 0 0 0 0
0 0 0 0 0 0 0 0 0 0 0 0 0 0 0 0 0 0 0 0
0 0 0 0 0 0 0 0 0 0 0 0 0 0 0 0 0 0 0 0
0 0 0 4 0 0 0 0 0 0 0 4 0 0 0 0 0 0 0 0
0 0 0 0 0 0 0 0 0 0 0 0 0 0 0 0 0 0 0 0
0 0 0 0 0 0 0 0 0 0 0 0 0 0 0 0 0 0 0 0
0 0 0 0 0 0 0 0 0 0 0 0 0 0 0 0 0 0 0 0
0 8 8 0 0 0 0 0 0 0 0 0 0 0 0 0 0 0 0 0
0 2 8 0 0 0 0 0 0 0 0 0 0 0 0 0 0 0 0 0
0 0 0 0 0 0 0 0 0 0 0 0 0 0 0 0 0 0 0 0
Output:
4 0 0 0 0 0 0 0 4
0 8 8 8 8 8 8 0 0
0 8 8 8 8 8 8 0 0
0 8 8 8 8 8 8 0 0
0 2 2 2 8 8 8 0 0
0 2 2 2 8 8 8 0 0
0 2 2 2 8 8 8 0 0
0 0 0 0 0 0 0 0 0
0 0 0 0 0 0 0 0 0
0 0 0 0 0 0 0 0 0
4 0 0 0 0 0 0 0 4

Example 6:

Input:
0 0 0 0 0 0 0 0 0 0 0 0 0 0 0 0 0 0
0 0 0 0 0 0 0 0 0 0 0 0 0 0 0 0 0 0
4 0 0 0 0 0 0 0 0 0 0 0 4 0 0 0 0 0
0 8 8 0 0 0 0 0 0 2 2 0 0 0 0 0 0 0
0 8 8 0 0 0 0 0 0 2 2 0 0 0 0 0 0 0
0 8 8 0 0 0 0 0 0 0 0 0 0 0 0 0 0 0
0 8 8 0 0 0 0 0 0 0 0 0 0 0 0 0 0 0
4 0 0 0 0 0 0 0 0 0 0 0 4 0 0 0 0 0
0 0 0 0 0 0 0 0 0 0 0 0 0 0 0 0 0 0
0 0 0 0 0 0 0 0 0 0 0 0 0 0 0 0 0 0
0 0 0 0 0 0 0 0 0 0 0 0 0 0 0 0 0 0
0 0 0 0 0 0 0 0 0 0 0 0 0 0 0 0 0 0
0 0 0 0 0 0 0 0 0 0 0 0 0 0 0 0 0 0
0 0 0 0 0 0 8 2 3 1 2 0 0 0 0 0 0 0
0 0 0 0 0 0 8 1 8 0 0 0 0 0 0 0 0 0
0 0 0 0 0 0 0 0 0 0 0 0 0 0 0 0 0 0
Output:
4 0 0 0 0 0 0 0 0 0 0 0 4
0 8 8 2 2 3 3 1 1 2 2 0 0
0 8 8 2 2 3 3 1 1 2 2 0 0
0 8 8 1 1 8 8 0 0 0 0 0 0
0 8 8 1 1 8 8 0 0 0 0 0 0
4 0 0 0 0 0 0 0 0 0 0 0 4

Example 7:

Input:
0 0 0 0 0 0 0 0 0 4 0 0 0 0 0 0 0 4 0 0
0 0 0 0 0 0 0 0 0 0 0 0 0 0 0 0 0 0 0 0
0 0 0 0 0 0 0 0 0 0 3 3 3 2 2 2 0 0 0 0
0 0 0 0 0 0 0 0 0 0 3 3 3 2 2 2 0 0 0 0
0 0 0 0 0 0 0 0 0 0 3 3 3 2 2 2 0 0 0 0
0 0 0 0 0 0 0 0 0 0 0 0 0 0 0 0 0 0 0 0
0 0 0 0 0 0 0 0 0 0 0 0 0 0 0 0 0 0 0 0
0 0 0 0 0 0 0 0 0 0 0 0 0 0 0 0 0 0 0 0
0 0 0 0 0 0 0 0 0 0 0 0 0 0 0 0 0 0 0 0
0 0 0 0 0 0 0 0 0 0 0 0 0 0 0 0 0 0 0 0
0 0 0 0 0 0 0 0 0 0 0 0 0 0 0 0 0 0 0 0
0 0 0 0 0 0 0 0 0 4 0 0 0 0 0 0 0 4 0 0
0 0 0 0 0 0 0 0 0 0 0 0 0 0 0 3 2 0 0 0
0 0 0 0 0 0 0 0 0 0 0 0 0 0 0 2 8 0 0 0
0 0 0 0 0 0 0 0 0 0 0 0 0 0 0 0 0 0 0 0
0 0 0 0 0 0 0 0 0 0 0 0 0 0 0 0 0 0 0 0
Output:
4 0 0 0 0 0 0 0 4
0 0 0 0 0 0 0 0 0
0 3 3 3 2 2 2 0 0
0 3 3 3 2 2 2 0 0
0 3 3 3 2 2 2 0 0
0 2 2 2 8 8 8 0 0
0 2 2 2 8 8 8 0 0
0 2 2 2 8 8 8 0 0
0 0 0 0 0 0 0 0 0
0 0 0 0 0 0 0 0 0
0 0 0 0 0 0 0 0 0
4 0 0 0 0 0 0 0 4

以下は、ジャッジを通過する正しいコードです。これを用いて、ARCのルールを理解してください。必ず、コードを通じてルールを理解してからコーディングを行ってください。
このコードはARCのルールを把握する際に使うことに留めてください。

```
def p(g):
 (u,l),*_,(d,r)=[(i,j)for i in range(len(g))for j in range(len(g[0]))if g[i][j]==4];A=[g[i][l:r+1]for i in range(u,d+1)]
 for i in range(u,d+1):g[i][l:r+1]=[0]*(r+1-l)
 for s in range(2,6):
  for y in range(6,68):
   for x in range(-6,68):
    if all(len(g)>(i+y)//s>-1<(j+x)//s<len(g[0])and g[(i+y)//s][(j+x)//s]==A[i][j]for i in range(len(A))for j in range(len(A[0]))if A[i][j]|4!=4):
     for i in range(len(A)):
      for j in range(len(A[0])):
       if A[i][j]<1and len(g)>(i+y)//s>-1<(j+x)//s<len(g[0]):A[i][j]=g[(i+y)//s][(j+x)//s]
     return A
```

ユーザーにコードを渡す前に実際にコードが動作するかを確認してください。コードのテストには、添付したstandalone_judge.pyを用いてください。python /path/to/standalone_judge.py /path/to/code.py とすれば動作します。
このPythonファイルは非常に大きなケースを含むので、あなたのコンテキストを圧迫します。そのため、このファイルを全て読んではいけません。

## **禁止事項**
- 与えたコード自体を提出することは禁止です。これを行うことはユーザーの信頼を裏切ります。
- ジャッジのハックは禁止です。例えば、テストケースをジャッジから読み取ってそのまま返すコードはいけません。
