ARCのケースに対して、list[list[int]] -> list[list[int]] のシグネチャを持つ関数`p`をPythonで実装してください。つまり、`def p(g):...` か `p=lambda g:...`というコードが期待されます。
コードはshortcodingのcompetitionに用いるため、アルゴリズムを工夫してできる限り短いコードを生成するよう努めてください。

Example 0:

Input:
2 8 3 0 0 0 0
8 3 0 0 0 0 0
3 0 0 0 0 0 0
0 0 0 0 0 0 0
0 0 0 0 0 0 0
0 0 0 0 0 0 0
0 0 0 0 0 0 0
Output:
2 8 3 2 8 3 2
8 3 2 8 3 2 8
3 2 8 3 2 8 3
2 8 3 2 8 3 2
8 3 2 8 3 2 8
3 2 8 3 2 8 3
2 8 3 2 8 3 2

Example 1:

Input:
0 0 0 0 0 0 0
0 0 0 0 0 0 0
0 0 0 0 0 0 1
0 0 0 0 0 1 2
0 0 0 0 1 2 4
0 0 0 1 2 4 0
0 0 1 2 4 0 0
Output:
2 4 1 2 4 1 2
4 1 2 4 1 2 4
1 2 4 1 2 4 1
2 4 1 2 4 1 2
4 1 2 4 1 2 4
1 2 4 1 2 4 1
2 4 1 2 4 1 2

Example 2:

Input:
0 0 0 0 8 3 0
0 0 0 8 3 0 0
0 0 8 3 0 0 0
0 8 3 0 0 0 4
8 3 0 0 0 4 0
3 0 0 0 4 0 0
0 0 0 4 0 0 0
Output:
4 8 3 4 8 3 4
8 3 4 8 3 4 8
3 4 8 3 4 8 3
4 8 3 4 8 3 4
8 3 4 8 3 4 8
3 4 8 3 4 8 3
4 8 3 4 8 3 4

Example 3:

Input:
0 1 0 0 0 0 2
1 0 0 0 0 2 0
0 0 0 0 2 0 0
0 0 0 2 0 0 0
0 0 2 0 0 0 0
0 2 0 0 0 0 4
2 0 0 0 0 4 0
Output:
2 1 4 2 1 4 2
1 4 2 1 4 2 1
4 2 1 4 2 1 4
2 1 4 2 1 4 2
1 4 2 1 4 2 1
4 2 1 4 2 1 4
2 1 4 2 1 4 2

Example 4:

Input:
0 1 0 0 0 0 0
1 0 0 0 0 0 0
0 0 0 0 0 0 0
0 0 0 0 0 0 0
0 0 0 0 0 0 0
0 0 0 0 0 0 9
0 0 0 0 0 9 3
Output:
3 1 9 3 1 9 3
1 9 3 1 9 3 1
9 3 1 9 3 1 9
3 1 9 3 1 9 3
1 9 3 1 9 3 1
9 3 1 9 3 1 9
3 1 9 3 1 9 3

Example 5:

Input:
4 0 8 0 0 0 0
0 8 0 0 0 0 7
8 0 0 0 0 7 0
0 0 0 0 7 0 0
0 0 0 7 0 0 0
0 0 7 0 0 0 0
0 7 0 0 0 0 0
Output:
4 7 8 4 7 8 4
7 8 4 7 8 4 7
8 4 7 8 4 7 8
4 7 8 4 7 8 4
7 8 4 7 8 4 7
8 4 7 8 4 7 8
4 7 8 4 7 8 4

Example 6:

Input:
1 0 7 0 0 0 0
0 7 0 0 0 0 0
7 0 0 0 0 0 0
0 0 0 0 0 0 0
0 0 0 0 0 0 6
0 0 0 0 0 6 0
0 0 0 0 6 0 0
Output:
1 6 7 1 6 7 1
6 7 1 6 7 1 6
7 1 6 7 1 6 7
1 6 7 1 6 7 1
6 7 1 6 7 1 6
7 1 6 7 1 6 7
1 6 7 1 6 7 1

Example 7:

Input:
0 0 3 0 9 0 6
0 3 0 9 0 6 0
3 0 9 0 6 0 0
0 9 0 6 0 0 0
9 0 6 0 0 0 0
0 6 0 0 0 0 0
6 0 0 0 0 0 0
Output:
6 9 3 6 9 3 6
9 3 6 9 3 6 9
3 6 9 3 6 9 3
6 9 3 6 9 3 6
9 3 6 9 3 6 9
3 6 9 3 6 9 3
6 9 3 6 9 3 6

以下は、ジャッジを通過する正しいコードです。これを用いて、ARCのルールを理解してください。必ず、コードを通じてルールを理解してからコーディングを行ってください。
このコードはARCのルールを把握する際に使うことに留めてください。

```
p=lambda g,R=range(7):[[max(sum(g,[])[(i+j)%3::3])for j in R]for i in R]
```

ユーザーにコードを渡す前に実際にコードが動作するかを確認してください。コードのテストには、添付したjudge.pyを用いてください。python /path/to/judge.py /path/to/code.py /path/to/cases.bin とすれば動作します。

## **禁止事項**
- 与えたコード自体を提出することは禁止です。これを行うことはユーザーの信頼を裏切ります。
- ジャッジのハックは禁止です。例えば、テストケースをジャッジから読み取ってそのまま返すコードはいけません。
