ARCのケースに対して、list[list[int]] -> list[list[int]] のシグネチャを持つ関数`p`をPythonで実装してください。つまり、`def p(g):...` か `p=lambda g:...`というコードが期待されます。
コードはshortcodingのcompetitionに用いるため、アルゴリズムを工夫してできる限り短いコードを生成するよう努めてください。

Example 0:

Input:
0 0 0 0 0 0 0 0 0 0 0 0 0 0 0
0 0 2 2 2 2 2 0 0 0 1 1 1 0 0
0 0 2 2 2 2 2 0 0 0 1 1 1 0 0
0 0 2 2 2 2 2 0 0 0 1 1 1 0 0
0 0 2 2 2 2 2 0 0 0 0 0 0 0 0
0 0 2 2 2 2 2 0 0 0 0 0 0 0 0
0 0 2 2 2 2 2 0 0 0 0 0 0 0 0
0 0 0 0 0 0 0 0 0 0 0 0 0 0 0
0 0 0 0 0 0 0 0 3 3 3 3 3 3 3
0 0 0 0 0 0 0 0 3 3 3 3 3 3 3
0 0 0 0 0 0 0 0 3 3 3 3 3 3 3
0 0 0 0 0 0 0 0 3 3 3 3 3 3 3
0 0 0 0 0 0 0 0 3 3 3 3 3 3 3
Output:
0 0 0 0 0 0 0 0 0 0 0 0 0 0 0
0 0 2 2 2 2 2 0 0 0 1 1 1 0 0
0 0 2 8 8 8 2 0 0 0 1 8 1 0 0
0 0 2 8 8 8 2 0 0 0 1 1 1 0 0
0 0 2 8 8 8 2 0 0 0 0 0 0 0 0
0 0 2 8 8 8 2 0 0 0 0 0 0 0 0
0 0 2 2 2 2 2 0 0 0 0 0 0 0 0
0 0 0 0 0 0 0 0 0 0 0 0 0 0 0
0 0 0 0 0 0 0 0 3 3 3 3 3 3 3
0 0 0 0 0 0 0 0 3 8 8 8 8 8 3
0 0 0 0 0 0 0 0 3 8 8 8 8 8 3
0 0 0 0 0 0 0 0 3 8 8 8 8 8 3
0 0 0 0 0 0 0 0 3 3 3 3 3 3 3

Example 1:

Input:
0 0 0 0 0 0 0 0 0 0 0
0 2 2 2 2 0 0 0 0 0 0
0 2 2 2 2 0 0 0 0 0 0
0 2 2 2 2 0 0 0 0 0 0
0 2 2 2 2 0 0 0 0 0 0
0 0 0 0 0 0 0 0 0 0 0
0 0 0 0 0 0 0 0 0 0 0
0 0 1 1 1 1 1 1 0 0 0
0 0 1 1 1 1 1 1 0 0 0
0 0 1 1 1 1 1 1 0 0 0
0 0 0 0 0 0 0 0 0 0 0
0 0 0 0 0 0 0 0 0 0 0
Output:
0 0 0 0 0 0 0 0 0 0 0
0 2 2 2 2 0 0 0 0 0 0
0 2 8 8 2 0 0 0 0 0 0
0 2 8 8 2 0 0 0 0 0 0
0 2 2 2 2 0 0 0 0 0 0
0 0 0 0 0 0 0 0 0 0 0
0 0 0 0 0 0 0 0 0 0 0
0 0 1 1 1 1 1 1 0 0 0
0 0 1 8 8 8 8 1 0 0 0
0 0 1 1 1 1 1 1 0 0 0
0 0 0 0 0 0 0 0 0 0 0
0 0 0 0 0 0 0 0 0 0 0

Example 2:

Input:
0 0 0 0 0 0 0 0 0 0 0 0 0
0 0 0 0 0 0 2 2 2 2 0 0 0
3 3 3 3 0 0 2 2 2 2 0 0 0
3 3 3 3 0 0 2 2 2 2 0 0 0
3 3 3 3 0 0 2 2 2 2 0 0 0
3 3 3 3 0 0 2 2 2 2 0 0 0
0 0 0 0 0 0 2 2 2 2 0 0 0
0 0 0 0 0 0 0 0 0 0 0 0 0
0 0 1 1 1 1 1 1 1 1 0 0 0
0 0 1 1 1 1 1 1 1 1 0 0 0
0 0 1 1 1 1 1 1 1 1 0 0 0
0 0 1 1 1 1 1 1 1 1 0 0 0
Output:
0 0 0 0 0 0 0 0 0 0 0 0 0
0 0 0 0 0 0 2 2 2 2 0 0 0
3 3 3 3 0 0 2 8 8 2 0 0 0
3 8 8 3 0 0 2 8 8 2 0 0 0
3 8 8 3 0 0 2 8 8 2 0 0 0
3 3 3 3 0 0 2 8 8 2 0 0 0
0 0 0 0 0 0 2 2 2 2 0 0 0
0 0 0 0 0 0 0 0 0 0 0 0 0
0 0 1 1 1 1 1 1 1 1 0 0 0
0 0 1 8 8 8 8 8 8 1 0 0 0
0 0 1 8 8 8 8 8 8 1 0 0 0
0 0 1 1 1 1 1 1 1 1 0 0 0

Example 3:

Input:
0 1 1 1 1 1 0 0 0 0 0 0 0
0 1 1 1 1 1 0 0 1 1 1 0 0
0 1 1 1 1 1 0 0 1 1 1 0 0
0 1 1 1 1 1 0 0 1 1 1 0 0
0 0 0 0 0 0 0 0 0 0 0 0 0
0 0 2 2 2 2 2 2 0 0 0 0 0
0 0 2 2 2 2 2 2 0 0 0 0 0
0 0 2 2 2 2 2 2 0 3 3 3 3
0 0 2 2 2 2 2 2 0 3 3 3 3
0 0 2 2 2 2 2 2 0 3 3 3 3
0 0 2 2 2 2 2 2 0 3 3 3 3
0 0 0 0 0 0 0 0 0 3 3 3 3
0 0 0 0 0 0 0 0 0 3 3 3 3
0 0 0 0 0 0 0 0 0 3 3 3 3
Output:
0 1 1 1 1 1 0 0 0 0 0 0 0
0 1 8 8 8 1 0 0 1 1 1 0 0
0 1 8 8 8 1 0 0 1 8 1 0 0
0 1 1 1 1 1 0 0 1 1 1 0 0
0 0 0 0 0 0 0 0 0 0 0 0 0
0 0 2 2 2 2 2 2 0 0 0 0 0
0 0 2 8 8 8 8 2 0 0 0 0 0
0 0 2 8 8 8 8 2 0 3 3 3 3
0 0 2 8 8 8 8 2 0 3 8 8 3
0 0 2 8 8 8 8 2 0 3 8 8 3
0 0 2 2 2 2 2 2 0 3 8 8 3
0 0 0 0 0 0 0 0 0 3 8 8 3
0 0 0 0 0 0 0 0 0 3 8 8 3
0 0 0 0 0 0 0 0 0 3 3 3 3

Example 4:

Input:
0 1 1 1 1 1 1 0 0 3 3 3 0 0
0 1 1 1 1 1 1 0 0 3 3 3 0 0
0 1 1 1 1 1 1 0 0 3 3 3 0 0
0 1 1 1 1 1 1 0 0 3 3 3 0 0
0 1 1 1 1 1 1 0 0 3 3 3 0 0
0 0 0 0 0 0 0 0 0 3 3 3 0 0
0 0 0 0 0 2 2 2 0 0 0 0 0 0
0 0 0 0 0 2 2 2 0 0 0 0 0 0
0 0 0 0 0 2 2 2 0 0 0 0 0 0
0 0 0 0 0 2 2 2 0 3 3 3 3 3
0 0 0 0 0 0 0 0 0 3 3 3 3 3
0 0 0 0 0 0 0 0 0 3 3 3 3 3
Output:
0 1 1 1 1 1 1 0 0 3 3 3 0 0
0 1 8 8 8 8 1 0 0 3 8 3 0 0
0 1 8 8 8 8 1 0 0 3 8 3 0 0
0 1 8 8 8 8 1 0 0 3 8 3 0 0
0 1 1 1 1 1 1 0 0 3 8 3 0 0
0 0 0 0 0 0 0 0 0 3 3 3 0 0
0 0 0 0 0 2 2 2 0 0 0 0 0 0
0 0 0 0 0 2 8 2 0 0 0 0 0 0
0 0 0 0 0 2 8 2 0 0 0 0 0 0
0 0 0 0 0 2 2 2 0 3 3 3 3 3
0 0 0 0 0 0 0 0 0 3 8 8 8 3
0 0 0 0 0 0 0 0 0 3 3 3 3 3

Example 5:

Input:
0 0 0 0 0 0 0 0 0 0 0 0
0 3 3 3 0 0 3 3 3 3 3 0
0 3 3 3 0 0 3 3 3 3 3 0
0 3 3 3 0 0 3 3 3 3 3 0
0 0 0 0 0 0 3 3 3 3 3 0
0 0 0 0 0 0 0 0 0 0 0 0
0 0 1 1 1 0 0 0 0 3 3 3
0 0 1 1 1 0 0 0 0 3 3 3
0 0 1 1 1 0 0 0 0 3 3 3
0 0 0 0 0 0 0 0 0 3 3 3
0 0 0 0 0 0 0 0 0 3 3 3
0 0 0 0 0 0 0 0 0 0 0 0
Output:
0 0 0 0 0 0 0 0 0 0 0 0
0 3 3 3 0 0 3 3 3 3 3 0
0 3 8 3 0 0 3 8 8 8 3 0
0 3 3 3 0 0 3 8 8 8 3 0
0 0 0 0 0 0 3 3 3 3 3 0
0 0 0 0 0 0 0 0 0 0 0 0
0 0 1 1 1 0 0 0 0 3 3 3
0 0 1 8 1 0 0 0 0 3 8 3
0 0 1 1 1 0 0 0 0 3 8 3
0 0 0 0 0 0 0 0 0 3 8 3
0 0 0 0 0 0 0 0 0 3 3 3
0 0 0 0 0 0 0 0 0 0 0 0

Example 6:

Input:
0 0 0 0 0 0 0 0 1 1 1 1
0 0 0 0 0 0 0 0 1 1 1 1
0 0 0 0 0 0 0 0 1 1 1 1
0 0 0 0 0 0 0 0 1 1 1 1
0 0 0 0 0 0 0 0 1 1 1 1
0 0 0 0 0 0 0 0 1 1 1 1
0 0 0 0 0 0 0 0 1 1 1 1
0 0 0 0 0 0 0 0 0 0 0 0
0 0 0 0 0 0 0 0 0 0 0 0
0 0 0 0 0 0 0 0 0 0 0 0
0 0 0 0 0 0 2 2 2 2 2 0
0 0 0 0 0 0 2 2 2 2 2 0
0 0 0 0 0 0 2 2 2 2 2 0
Output:
0 0 0 0 0 0 0 0 1 1 1 1
0 0 0 0 0 0 0 0 1 8 8 1
0 0 0 0 0 0 0 0 1 8 8 1
0 0 0 0 0 0 0 0 1 8 8 1
0 0 0 0 0 0 0 0 1 8 8 1
0 0 0 0 0 0 0 0 1 8 8 1
0 0 0 0 0 0 0 0 1 1 1 1
0 0 0 0 0 0 0 0 0 0 0 0
0 0 0 0 0 0 0 0 0 0 0 0
0 0 0 0 0 0 0 0 0 0 0 0
0 0 0 0 0 0 2 2 2 2 2 0
0 0 0 0 0 0 2 8 8 8 2 0
0 0 0 0 0 0 2 2 2 2 2 0

Example 7:

Input:
0 0 0 2 2 2 0 0 0 0 0 0 0
0 0 0 2 2 2 0 0 2 2 2 0 0
0 0 0 2 2 2 0 0 2 2 2 0 0
0 0 0 0 0 0 0 0 2 2 2 0 0
0 0 0 0 0 0 0 0 0 0 0 0 0
0 0 0 0 0 0 0 0 0 0 0 0 0
0 0 0 0 0 0 0 0 0 0 0 0 0
0 0 0 0 0 0 0 0 0 1 1 1 1
0 3 3 3 0 0 0 0 0 1 1 1 1
0 3 3 3 0 0 0 0 0 1 1 1 1
0 3 3 3 0 0 0 0 0 1 1 1 1
0 3 3 3 0 0 0 0 0 1 1 1 1
Output:
0 0 0 2 2 2 0 0 0 0 0 0 0
0 0 0 2 8 2 0 0 2 2 2 0 0
0 0 0 2 2 2 0 0 2 8 2 0 0
0 0 0 0 0 0 0 0 2 2 2 0 0
0 0 0 0 0 0 0 0 0 0 0 0 0
0 0 0 0 0 0 0 0 0 0 0 0 0
0 0 0 0 0 0 0 0 0 0 0 0 0
0 0 0 0 0 0 0 0 0 1 1 1 1
0 3 3 3 0 0 0 0 0 1 8 8 1
0 3 8 3 0 0 0 0 0 1 8 8 1
0 3 8 3 0 0 0 0 0 1 8 8 1
0 3 3 3 0 0 0 0 0 1 1 1 1

以下は、ジャッジを通過する正しいコードです。これを用いて、ARCのルールを理解してください。必ず、コードを通じてルールを理解してからコーディングを行ってください。
このコードはARCのルールを把握する際に使うことに留めてください。

```
def p(g):
 q=range;l=len;r=[o[:]for o in g];v=set()
 for i in q(l(g)):
  for j in q(l(g[0])):
   if g[i][j]and(i,j)not in v:
    c,w=[(i,j)],[(i,j)];v.add((i,j));A=g[i][j]
    while w:
     x,y=w.pop()
     for(f,h)in[(0,1),(1,0),(0,-1),(-1,0)]:
      m,n=x+f,y+h
      if 0<=m<l(g)and 0<=n<l(g[0])and g[m][n]==A and(m,n)not in v:v.add((m,n));c.append((m,n));w.append((m,n))
    s=min(p[0]for p in c);t=max(p[0]for p in c);d=min(p[1]for p in c);e=max(p[1]for p in c)
    for x in q(s+1,t):
     for y in q(d+1,e):r[x][y]=8
 return r
```

ユーザーにコードを渡す前に実際にコードが動作するかを確認してください。コードのテストには、添付したstandalone_judge.pyを用いてください。python /path/to/standalone_judge.py /path/to/code.py とすれば動作します。
このPythonファイルは非常に大きなケースを含むので、あなたのコンテキストを圧迫します。そのため、このファイルを全て読んではいけません。

## **禁止事項**
- 与えたコード自体を提出することは禁止です。これを行うことはユーザーの信頼を裏切ります。
- ジャッジのハックは禁止です。例えば、テストケースをジャッジから読み取ってそのまま返すコードはいけません。
