9
_ 2
15 161
d 11
287 316 329 345 354 373 384 405 414 431 439
g 16
6 53 82 101 109 119 129 227 242 252 267 367 393 450 469 487
i 11
36 103 111 121 131 229 244 254 269 369 395
j 11
65 106 116 124 136 234 247 261 274 380 398
q 5
186 207 223 225 424
u 4
149 176 341 401
x 8
219 238 263 327 352 382 412 437
y 8
217 231 258 314 343 371 403 429
0 1 1 1 1 1 1 1 1
1 0 1 1 1 1 1 1 1
1 1 0 1 1 1 1 1 1
1 1 1 0 1 1 1 1 1
1 1 1 1 0 1 1 1 1
1 1 1 1 1 0 1 1 1
1 1 1 1 1 1 0 1 1
1 1 1 1 1 1 1 0 1
1 1 1 1 1 1 1 1 0
