ARCのケースに対して、list[list[int]] -> list[list[int]] のシグネチャを持つ関数`p`をPythonで実装してください。つまり、`def p(g):...` か `p=lambda g:...`というコードが期待されます。
コードはshortcodingのcompetitionに用いるため、アルゴリズムを工夫してできる限り短いコードを生成するよう努めてください。

Example 0:

Input:
8 9 8
9 8 8
8 8 8
2 2 1
2 2 1
1 1 2
4 4 4
4 4 3
3 3 3
Output:
4 4 4
4 4 3
3 3 3

Example 1:

Input:
1 5 5
5 1 1
5 1 1
3 3 3
3 6 3
3 6 6
7 7 7
7 2 2
7 2 2
Output:
3 3 3
3 6 3
3 6 6

Example 2:

Input:
2 2 2
2 2 3
2 3 3
5 7 7
7 5 5
7 5 5
8 8 1
1 8 1
1 8 1
Output:
8 8 1
1 8 1
1 8 1

Example 3:

Input:
8 8 4
4 4 4
4 4 8
1 1 3
1 3 3
3 3 1
6 2 2
2 2 2
2 2 6
Output:
8 8 4
4 4 4
4 4 8

Example 4:

Input:
5 4 4
4 5 4
4 5 4
3 3 2
3 3 2
2 2 3
1 1 1
1 8 8
1 8 8
Output:
5 4 4
4 5 4
4 5 4

Example 5:

Input:
8 2 2
2 8 2
2 2 2
5 9 5
9 9 9
5 9 9
1 3 3
3 1 1
1 1 1
Output:
1 3 3
3 1 1
1 1 1

Example 6:

Input:
2 2 6
6 6 6
2 6 2
8 5 5
5 5 5
5 5 5
9 4 9
4 4 4
9 4 9
Output:
2 2 6
6 6 6
2 6 2

Example 7:

Input:
8 2 8
2 8 2
2 8 2
6 1 6
1 6 1
6 1 6
3 4 4
4 3 4
4 4 3
Output:
8 2 8
2 8 2
2 8 2

以下は、ジャッジを通過する正しいコードです。これを用いて、ARCのルールを理解してください。必ず、コードを通じてルールを理解してからコーディングを行ってください。
このコードはARCのルールを把握する際に使うことに留めてください。

```
p=lambda g:(a:=g[:3])!=[*map(list,zip(*a))]and a or p(g[3:])
```

ユーザーにコードを渡す前に実際にコードが動作するかを確認してください。コードのテストには、添付したjudge.pyを用いてください。python /path/to/judge.py /path/to/code.py /path/to/cases.bin とすれば動作します。

## **禁止事項**
- 与えたコード自体を提出することは禁止です。これを行うことはユーザーの信頼を裏切ります。
- ジャッジのハックは禁止です。例えば、テストケースをジャッジから読み取ってそのまま返すコードはいけません。
