12
o 4
196 908 992 1017
f 11
330 464 553 600 689 736 825 879 936 1003 1028
l 3
15 114 254
a 7
37 184 388 522 658 794 1039
p 24
6 83 105 117 153 175 187 223 245 257 357 379 391 491 513 525 627 649 661 763 785 797 987 1049
d 28
60 68 119 130 138 189 200 208 259 274 334 342 393 408 468 476 527 542 604 612 663 678 740 748 799 814 894 990
n 28
62 90 122 132 160 192 202 230 262 278 336 364 396 412 470 498 530 546 606 634 666 682 742 770 802 818 896 1015
e 12
276 291 410 425 544 561 680 697 816 833 949 1011
i 12
280 311 414 445 548 581 684 717 820 853 973 1036
t 5
872 960 984 1001 1026
r 4
56 285 901 918
g 6
126 419 555 691 827 928
0 1 1 1 1 1 1 1 1 1 1 1
1 0 1 1 1 1 1 1 1 1 1 1
1 1 0 1 1 1 1 1 1 1 1 1
1 1 1 0 1 1 1 1 1 1 1 1
1 1 1 1 0 1 1 1 1 1 1 1
1 1 1 1 1 0 1 1 1 1 1 1
1 1 1 1 1 1 0 1 1 1 1 1
1 1 1 1 1 1 1 0 1 1 1 1
1 1 1 1 1 1 1 1 0 1 1 1
1 1 1 1 1 1 1 1 1 0 1 1
1 1 1 1 1 1 1 1 1 1 0 1
1 1 1 1 1 1 1 1 1 1 1 0
