ARCのケースに対して、list[list[int]] -> list[list[int]] のシグネチャを持つ関数`p`をPythonで実装してください。つまり、`def p(g):...` か `p=lambda g:...`というコードが期待されます。
コードはshortcodingのcompetitionに用いるため、アルゴリズムを工夫してできる限り短いコードを生成するよう努めてください。

Example 0:

Input:
0 3 0 0
2 2 2 2
0 3 0 0
0 3 0 0
Output:
4 4 4 0
4 2 4 2
4 4 4 0
0 3 0 0

Example 1:

Input:
0 0 0 0 6 0 0 0
0 0 0 0 6 0 0 0
0 0 0 0 6 0 0 0
0 0 0 0 6 0 0 0
8 8 8 8 6 8 8 8
0 0 0 0 6 0 0 0
0 0 0 0 6 0 0 0
0 0 0 0 6 0 0 0
Output:
0 0 0 0 6 0 0 0
0 0 0 0 6 0 0 0
0 0 0 0 6 0 0 0
0 0 0 4 4 4 0 0
8 8 8 4 6 4 8 8
0 0 0 4 4 4 0 0
0 0 0 0 6 0 0 0
0 0 0 0 6 0 0 0

Example 2:

Input:
0 0 1 0 0 0
0 0 1 0 0 0
9 9 1 9 9 9
0 0 1 0 0 0
0 0 1 0 0 0
0 0 1 0 0 0
Output:
0 0 1 0 0 0
0 4 4 4 0 0
9 4 1 4 9 9
0 4 4 4 0 0
0 0 1 0 0 0
0 0 1 0 0 0

Example 3:

Input:
0 0 0 0 0 0 0 0 5 0 0 0
0 0 0 0 0 0 0 0 5 0 0 0
0 0 0 0 0 0 0 0 5 0 0 0
0 0 0 0 0 0 0 0 5 0 0 0
0 0 0 0 0 0 0 0 5 0 0 0
0 0 0 0 0 0 0 0 5 0 0 0
3 3 3 3 3 3 3 3 5 3 3 3
0 0 0 0 0 0 0 0 5 0 0 0
0 0 0 0 0 0 0 0 5 0 0 0
0 0 0 0 0 0 0 0 5 0 0 0
0 0 0 0 0 0 0 0 5 0 0 0
0 0 0 0 0 0 0 0 5 0 0 0
Output:
0 0 0 0 0 0 0 0 5 0 0 0
0 0 0 0 0 0 0 0 5 0 0 0
0 0 0 0 0 0 0 0 5 0 0 0
0 0 0 0 0 0 0 0 5 0 0 0
0 0 0 0 0 0 0 0 5 0 0 0
0 0 0 0 0 0 0 4 4 4 0 0
3 3 3 3 3 3 3 4 5 4 3 3
0 0 0 0 0 0 0 4 4 4 0 0
0 0 0 0 0 0 0 0 5 0 0 0
0 0 0 0 0 0 0 0 5 0 0 0
0 0 0 0 0 0 0 0 5 0 0 0
0 0 0 0 0 0 0 0 5 0 0 0

Example 4:

Input:
0 0 0 0 0 0 0 0 6 0 0 0
0 0 0 0 0 0 0 0 6 0 0 0
3 3 3 3 3 3 3 3 3 3 3 3
0 0 0 0 0 0 0 0 6 0 0 0
0 0 0 0 0 0 0 0 6 0 0 0
0 0 0 0 0 0 0 0 6 0 0 0
0 0 0 0 0 0 0 0 6 0 0 0
0 0 0 0 0 0 0 0 6 0 0 0
0 0 0 0 0 0 0 0 6 0 0 0
0 0 0 0 0 0 0 0 6 0 0 0
0 0 0 0 0 0 0 0 6 0 0 0
0 0 0 0 0 0 0 0 6 0 0 0
Output:
0 0 0 0 0 0 0 0 6 0 0 0
0 0 0 0 0 0 0 4 4 4 0 0
3 3 3 3 3 3 3 4 3 4 3 3
0 0 0 0 0 0 0 4 4 4 0 0
0 0 0 0 0 0 0 0 6 0 0 0
0 0 0 0 0 0 0 0 6 0 0 0
0 0 0 0 0 0 0 0 6 0 0 0
0 0 0 0 0 0 0 0 6 0 0 0
0 0 0 0 0 0 0 0 6 0 0 0
0 0 0 0 0 0 0 0 6 0 0 0
0 0 0 0 0 0 0 0 6 0 0 0
0 0 0 0 0 0 0 0 6 0 0 0

Example 5:

Input:
0 0 2 0 0
0 0 2 0 0
0 0 2 0 0
9 9 2 9 9
0 0 2 0 0
Output:
0 0 2 0 0
0 0 2 0 0
0 4 4 4 0
9 4 2 4 9
0 4 4 4 0

Example 6:

Input:
0 0 1 0 0
7 7 1 7 7
0 0 1 0 0
0 0 1 0 0
0 0 1 0 0
Output:
0 4 4 4 0
7 4 1 4 7
0 4 4 4 0
0 0 1 0 0
0 0 1 0 0

Example 7:

Input:
0 0 0 0 0 0 0 1 0
0 0 0 0 0 0 0 1 0
3 3 3 3 3 3 3 1 3
0 0 0 0 0 0 0 1 0
0 0 0 0 0 0 0 1 0
0 0 0 0 0 0 0 1 0
0 0 0 0 0 0 0 1 0
0 0 0 0 0 0 0 1 0
0 0 0 0 0 0 0 1 0
Output:
0 0 0 0 0 0 0 1 0
0 0 0 0 0 0 4 4 4
3 3 3 3 3 3 4 1 4
0 0 0 0 0 0 4 4 4
0 0 0 0 0 0 0 1 0
0 0 0 0 0 0 0 1 0
0 0 0 0 0 0 0 1 0
0 0 0 0 0 0 0 1 0
0 0 0 0 0 0 0 1 0

以下は、ジャッジを通過する正しいコードです。これを用いて、ARCのルールを理解してください。必ず、コードを通じてルールを理解してからコーディングを行ってください。
このコードはARCのルールを把握する際に使うことに留めてください。

```
def p(j):B=lambda c:list(map(all,c)).index(1);A,k=B(j),B(zip(*j));j[A-1][k-1:k+2]=j[A+1][k-1:k+2]=[4]*3;j[A][k-1]=j[A][k+1]=4;return j
```

ユーザーにコードを渡す前に実際にコードが動作するかを確認してください。コードのテストには、添付したjudge.pyを用いてください。python /path/to/judge.py /path/to/code.py /path/to/cases.bin とすれば動作します。

## **禁止事項**
- 与えたコード自体を提出することは禁止です。これを行うことはユーザーの信頼を裏切ります。
- ジャッジのハックは禁止です。例えば、テストケースをジャッジから読み取ってそのまま返すコードはいけません。
