13
A 6
27 67 79 81 119 165
B 3
281 334 381
a 2
207 235
b 2
210 237
f 4
76 262 387 401
g 10
6 53 130 246 258 311 383 397 413 432
i 7
30 36 55 160 264 389 403
j 9
15 58 216 248 260 354 385 399 415
k 5
94 114 132 229 365
l 7
182 255 267 292 329 392 406
u 4
85 111 167 170
x 4
376 394 408 418
y 3
83 136 147
0 1 0 0 1 1 1 1 1 1 1 1 1
1 0 0 0 1 1 1 1 1 1 1 1 1
0 0 0 1 1 1 1 1 1 1 0 0 0
0 0 1 0 1 1 1 1 1 1 0 0 0
1 1 1 1 0 1 1 1 1 1 1 1 1
1 1 1 1 1 0 1 1 1 1 1 1 1
1 1 1 1 1 1 0 1 1 1 1 1 1
1 1 1 1 1 1 1 0 1 1 1 1 1
1 1 1 1 1 1 1 1 0 1 1 1 1
1 1 1 1 1 1 1 1 1 0 1 1 1
1 1 0 0 1 1 1 1 1 1 0 1 1
1 1 0 0 1 1 1 1 1 1 1 0 1
1 1 0 0 1 1 1 1 1 1 1 1 0
