ARCのケースに対して、list[list[int]] -> list[list[int]] のシグネチャを持つ関数`p`をPythonで実装してください。つまり、`def p(g):...` か `p=lambda g:...`というコードが期待されます。
コードはshortcodingのcompetitionに用いるため、アルゴリズムを工夫してできる限り短いコードを生成するよう努めてください。

Example 0:

Input:
0 0 0 0 0 0 0 5 0 0 5 5 5 5 5 5 0 0 5 0 0 0
0 5 0 0 5 5 5 5 0 0 5 0 5 0 5 0 0 5 0 0 5 5
5 0 5 5 0 5 5 5 0 0 5 5 2 0 0 0 0 0 0 0 5 0
5 0 0 5 5 0 0 0 5 0 0 0 2 5 5 5 0 5 5 5 0 0
0 0 0 0 0 5 0 0 0 5 0 0 2 5 5 0 0 5 0 5 5 0
0 5 0 0 5 0 0 0 5 2 5 2 5 5 5 2 5 0 5 0 0 0
0 5 5 0 5 0 0 0 0 0 5 0 2 5 0 0 5 0 0 5 5 5
0 0 0 0 0 5 0 0 0 5 5 0 2 5 0 5 5 0 5 0 0 0
5 0 0 0 0 0 5 0 5 0 0 0 2 0 0 0 0 0 0 5 0 5
5 0 0 5 0 0 0 0 0 5 5 0 5 5 0 0 0 0 0 5 0 0
0 5 0 5 0 5 5 5 5 5 0 0 0 0 5 0 5 5 5 0 5 5
0 5 5 0 0 5 0 0 5 0 5 5 0 5 5 0 5 5 0 0 5 5
0 0 5 5 0 2 5 5 5 0 0 5 0 0 0 0 0 5 5 0 0 0
5 0 5 0 0 5 5 5 0 0 0 0 0 5 0 0 5 5 0 0 0 5
0 0 2 5 5 2 2 2 2 0 0 0 5 5 0 5 0 0 5 0 5 0
0 5 5 0 0 5 5 0 5 0 0 5 0 0 5 5 5 0 0 0 0 0
5 0 0 0 5 2 0 5 5 0 5 0 0 5 0 0 5 5 5 0 0 0
0 0 5 5 0 2 5 0 0 0 5 0 0 0 5 5 0 0 0 5 5 5
0 5 5 5 0 0 0 5 5 5 5 0 0 5 5 0 5 0 0 0 5 5
0 0 0 0 0 0 0 0 0 0 0 0 0 5 0 5 0 5 0 0 0 5
Output:
0 0 0 0 0 0 0 5 0 0 5 5 5 5 5 5 0 0 5 0 0 0
0 5 0 0 5 5 5 5 0 0 5 0 5 0 5 0 0 5 0 0 5 5
5 0 5 5 0 5 5 5 0 0 5 5 2 0 0 0 0 0 0 0 5 0
5 0 0 5 5 0 0 0 5 0 0 0 2 5 5 5 0 5 5 5 0 0
0 0 0 0 0 5 0 0 0 5 0 0 2 5 5 0 0 5 0 5 5 0
0 5 0 0 5 0 0 0 5 2 8 2 8 8 8 2 5 0 5 0 0 0
0 5 5 0 5 0 0 0 0 0 5 0 2 5 0 0 5 0 0 5 5 5
0 0 0 0 0 5 0 0 0 5 5 0 2 5 0 5 5 0 5 0 0 0
5 0 0 0 0 0 5 0 5 0 0 0 2 0 0 0 0 0 0 5 0 5
5 0 0 5 0 0 0 0 0 5 5 0 5 5 0 0 0 0 0 5 0 0
0 5 0 5 0 5 5 5 5 5 0 0 0 0 5 0 5 5 5 0 5 5
0 5 5 0 0 8 0 0 5 0 5 5 0 5 5 0 5 5 0 0 5 5
0 0 5 5 0 2 5 5 5 0 0 5 0 0 0 0 0 5 5 0 0 0
5 0 5 0 0 8 5 5 0 0 0 0 0 5 0 0 5 5 0 0 0 5
0 0 2 8 8 2 2 2 2 0 0 0 5 5 0 5 0 0 5 0 5 0
0 5 5 0 0 8 5 0 5 0 0 5 0 0 5 5 5 0 0 0 0 0
5 0 0 0 5 2 0 5 5 0 5 0 0 5 0 0 5 5 5 0 0 0
0 0 5 5 0 2 5 0 0 0 5 0 0 0 5 5 0 0 0 5 5 5
0 5 5 5 0 0 0 5 5 5 5 0 0 5 5 0 5 0 0 0 5 5
0 0 0 0 0 0 0 0 0 0 0 0 0 5 0 5 0 5 0 0 0 5

Example 1:

Input:
0 5 0 5 0 0 0 5 5 0 5 5 0 0 0 5 5 0 5 5
5 5 0 5 5 5 0 5 5 0 5 0 0 5 0 0 0 5 5 0
0 5 0 5 5 0 5 5 0 5 0 0 5 0 0 5 0 0 5 5
5 0 0 5 5 0 2 5 0 5 0 5 0 0 0 5 5 5 5 5
0 5 0 5 2 5 2 2 2 0 5 5 0 5 0 5 5 0 0 0
5 5 0 0 5 5 2 5 5 5 0 5 0 0 5 5 0 0 0 0
0 0 5 5 0 0 5 5 0 0 5 5 0 0 5 0 0 5 0 5
0 0 0 5 0 5 0 5 5 5 0 5 5 5 0 0 5 5 0 5
5 0 0 0 5 0 0 5 5 5 5 0 5 5 5 0 0 5 0 5
5 0 0 5 0 5 5 5 0 5 5 0 5 0 5 5 5 5 5 5
5 0 5 5 0 5 5 5 5 5 0 5 2 5 2 2 2 0 0 5
0 0 5 0 0 0 0 0 0 5 5 5 0 0 5 0 0 5 0 5
0 0 5 0 0 5 0 5 5 0 5 5 5 5 5 5 5 5 5 0
5 5 0 0 5 5 0 5 0 0 5 5 5 0 0 0 0 0 0 0
5 5 0 0 0 5 5 5 0 5 5 0 5 5 5 5 0 0 5 5
0 0 5 0 5 5 5 2 2 5 5 0 0 5 0 0 5 5 0 0
0 5 5 0 0 5 5 2 5 0 5 5 0 0 5 0 5 5 0 0
0 0 5 0 5 0 5 5 0 5 5 5 0 0 5 0 0 0 5 0
0 0 5 0 5 5 0 5 5 5 0 5 5 5 0 5 0 0 5 5
5 5 5 0 5 0 5 0 5 5 0 0 5 5 0 0 0 0 0 5
Output:
0 5 0 5 0 0 0 5 5 0 5 5 0 0 0 5 5 0 5 5
5 5 0 5 5 5 0 5 5 0 5 0 0 5 0 0 0 5 5 0
0 5 0 5 5 0 8 5 0 5 0 0 5 0 0 5 0 0 5 5
5 0 0 5 5 0 2 5 0 5 0 5 0 0 0 5 5 5 5 5
0 5 0 5 2 8 2 2 2 0 5 5 0 5 0 5 5 0 0 0
5 5 0 0 5 5 2 5 5 5 0 5 0 0 5 5 0 0 0 0
0 0 5 5 0 0 8 5 0 0 5 5 0 0 5 0 0 5 0 5
0 0 0 5 0 5 0 5 5 5 0 5 5 5 0 0 5 5 0 5
5 0 0 0 5 0 0 5 5 5 5 0 5 5 8 0 0 5 0 5
5 0 0 5 0 5 5 5 0 5 5 0 5 0 8 5 5 5 5 5
5 0 5 5 0 5 5 5 5 5 0 5 2 8 2 2 2 0 0 5
0 0 5 0 0 0 0 0 0 5 5 5 0 0 8 0 0 5 0 5
0 0 5 0 0 5 0 5 5 0 5 5 5 5 8 5 5 5 5 0
5 5 0 0 5 5 0 8 0 0 5 5 5 0 0 0 0 0 0 0
5 5 0 0 0 5 5 8 0 5 5 0 5 5 5 5 0 0 5 5
0 0 5 0 5 8 8 2 2 8 5 0 0 5 0 0 5 5 0 0
0 5 5 0 0 5 5 2 5 0 5 5 0 0 5 0 5 5 0 0
0 0 5 0 5 0 5 8 0 5 5 5 0 0 5 0 0 0 5 0
0 0 5 0 5 5 0 5 5 5 0 5 5 5 0 5 0 0 5 5
5 5 5 0 5 0 5 0 5 5 0 0 5 5 0 0 0 0 0 5

Example 2:

Input:
0 0 5 0 5 0 5 5 5 5 0 5 5 0 0 0 5 5 0
0 0 5 5 5 0 5 5 5 5 0 0 5 5 5 5 5 0 5
0 5 5 5 0 5 0 5 5 0 0 0 5 5 5 0 5 0 0
5 5 5 5 5 0 0 0 5 5 5 5 5 5 0 0 5 0 0
5 5 0 0 0 5 5 5 0 5 5 5 5 0 0 0 5 0 0
5 0 0 0 0 0 5 0 5 0 5 2 5 0 0 5 0 5 5
5 0 5 0 0 5 5 0 5 2 2 5 2 2 5 5 0 5 0
0 5 0 5 5 5 5 5 0 5 0 5 5 5 5 0 5 5 5
5 5 5 0 5 5 5 5 0 0 5 2 5 5 5 0 0 0 0
5 2 2 5 0 0 5 0 0 5 5 5 5 5 5 5 5 0 0
5 2 5 5 5 0 0 5 5 5 5 0 0 5 5 5 5 0 5
0 2 5 0 5 5 0 0 5 5 5 5 5 0 5 5 5 5 0
0 5 0 0 5 5 0 0 5 5 0 0 5 0 0 5 0 0 0
5 0 0 5 5 5 5 5 0 0 5 5 5 0 5 5 5 0 5
0 5 5 5 0 0 5 0 0 0 5 0 5 5 5 5 0 0 0
5 5 0 0 5 5 5 5 0 5 5 0 5 0 5 0 0 0 0
5 0 5 0 5 0 0 0 0 0 0 5 0 0 5 0 5 0 5
0 5 5 0 5 0 0 0 0 0 5 0 0 5 0 5 5 5 5
Output:
0 0 5 0 5 0 5 5 5 5 0 5 5 0 0 0 5 5 0
0 0 5 5 5 0 5 5 5 5 0 0 5 5 5 5 5 0 5
0 5 5 5 0 5 0 5 5 0 0 0 5 5 5 0 5 0 0
5 5 5 5 5 0 0 0 5 5 5 5 5 5 0 0 5 0 0
5 5 0 0 0 5 5 5 0 5 5 8 5 0 0 0 5 0 0
5 0 0 0 0 0 5 0 5 0 5 2 5 0 0 5 0 5 5
5 0 5 0 0 5 5 0 5 2 2 8 2 2 5 5 0 5 0
0 8 0 5 5 5 5 5 0 5 0 8 5 5 5 0 5 5 5
5 8 5 0 5 5 5 5 0 0 5 2 5 5 5 0 0 0 0
8 2 2 8 0 0 5 0 0 5 5 5 5 5 5 5 5 0 0
5 2 5 5 5 0 0 5 5 5 5 0 0 5 5 5 5 0 5
0 2 5 0 5 5 0 0 5 5 5 5 5 0 5 5 5 5 0
0 5 0 0 5 5 0 0 5 5 0 0 5 0 0 5 0 0 0
5 0 0 5 5 5 5 5 0 0 5 5 5 0 5 5 5 0 5
0 5 5 5 0 0 5 0 0 0 5 0 5 5 5 5 0 0 0
5 5 0 0 5 5 5 5 0 5 5 0 5 0 5 0 0 0 0
5 0 5 0 5 0 0 0 0 0 0 5 0 0 5 0 5 0 5
0 5 5 0 5 0 0 0 0 0 5 0 0 5 0 5 5 5 5

Example 3:

Input:
0 5 0 0 0 0 5 0 0 0 0 5
5 0 5 0 0 0 0 0 5 0 0 5
5 0 5 0 0 5 5 0 2 0 5 0
5 5 0 0 5 0 5 0 2 5 0 5
5 0 0 5 5 5 2 5 2 2 2 0
5 5 5 0 5 5 0 5 2 0 0 5
5 5 5 0 5 0 0 5 5 0 0 0
5 0 0 0 0 5 0 0 0 0 0 0
0 5 5 0 5 0 0 0 0 5 0 0
5 0 0 0 5 5 5 5 5 0 0 0
5 0 0 0 0 5 0 0 5 5 5 5
Output:
0 5 0 0 0 0 5 0 0 0 0 5
5 0 5 0 0 0 0 0 5 0 0 5
5 0 5 0 0 5 5 0 2 0 5 0
5 5 0 0 5 0 5 0 2 5 0 5
5 0 0 5 5 5 2 8 2 2 2 0
5 5 5 0 5 5 0 5 2 0 0 5
5 5 5 0 5 0 0 5 8 0 0 0
5 0 0 0 0 5 0 0 0 0 0 0
0 5 5 0 5 0 0 0 0 5 0 0
5 0 0 0 5 5 5 5 5 0 0 0
5 0 0 0 0 5 0 0 5 5 5 5

Example 4:

Input:
0 5 0 5 0 0 5 5 0 5 0 0 0 5 0 5 0 0 0 5 5 0
0 5 0 5 5 0 0 0 5 5 0 0 5 5 0 0 0 0 0 5 5 5
0 0 0 0 5 5 5 0 0 0 0 5 5 0 0 5 5 0 0 5 5 5
0 0 5 5 0 5 5 5 0 5 0 5 0 5 0 5 5 0 5 5 5 0
0 5 0 5 2 2 5 2 2 5 0 0 5 0 5 5 5 0 0 5 5 0
0 0 0 5 0 5 2 5 5 5 0 5 0 0 0 0 5 5 5 5 0 0
5 5 0 0 5 5 2 0 5 5 0 0 0 5 0 0 0 5 5 5 5 5
5 0 0 0 0 0 0 0 0 0 0 5 5 5 0 5 0 0 5 0 5 0
5 5 5 5 5 0 0 5 5 0 5 2 5 2 5 5 0 0 5 5 5 0
0 0 0 5 5 5 0 0 5 0 0 0 5 5 0 5 5 5 0 0 0 0
0 0 0 5 5 5 0 5 0 5 0 5 5 2 5 0 5 0 0 5 5 0
0 5 5 5 0 0 0 5 5 5 5 0 0 5 0 5 5 0 0 0 5 5
5 5 0 0 5 5 5 0 0 5 5 0 5 0 5 5 0 0 5 5 0 5
0 0 5 5 5 5 5 5 5 5 0 0 5 5 5 5 5 0 0 5 0 5
5 5 0 5 5 2 2 2 5 5 5 0 5 5 5 0 5 0 0 5 5 0
5 0 0 0 5 2 5 0 5 0 5 0 5 5 5 5 0 0 0 0 5 5
5 5 5 0 0 2 0 5 5 0 0 2 2 2 2 2 5 0 5 0 5 5
5 0 5 0 0 5 0 5 0 0 0 0 0 5 0 5 5 5 0 5 5 0
5 5 5 5 5 0 5 0 5 5 5 5 0 5 0 0 5 5 0 5 0 5
Output:
0 5 0 5 0 0 5 5 0 5 0 0 0 5 0 5 0 0 0 5 5 0
0 5 0 5 5 0 0 0 5 5 0 0 5 5 0 0 0 0 0 5 5 5
0 0 0 0 5 5 8 0 0 0 0 5 5 0 0 5 5 0 0 5 5 5
0 0 5 5 0 5 8 5 0 5 0 5 0 5 0 5 5 0 5 5 5 0
0 5 0 5 2 2 8 2 2 5 0 0 5 0 5 5 5 0 0 5 5 0
0 0 0 5 0 5 2 5 5 5 0 5 0 0 0 0 5 5 5 5 0 0
5 5 0 0 5 5 2 0 5 5 0 0 0 8 0 0 0 5 5 5 5 5
5 0 0 0 0 0 0 0 0 0 0 5 5 8 0 5 0 0 5 0 5 0
5 5 5 5 5 0 0 5 5 0 5 2 8 2 8 8 0 0 5 5 5 0
0 0 0 5 5 5 0 0 5 0 0 0 5 8 0 5 5 5 0 0 0 0
0 0 0 5 5 5 0 5 0 5 0 5 5 2 5 0 5 0 0 5 5 0
0 5 5 5 0 0 0 5 5 5 5 0 0 5 0 5 5 0 0 0 5 5
5 5 0 0 5 8 5 0 0 5 5 0 5 0 5 5 0 0 5 5 0 5
0 0 5 5 5 8 5 5 5 5 0 0 5 5 5 5 5 0 0 5 0 5
5 5 0 8 8 2 2 2 5 5 5 0 5 8 5 0 5 0 0 5 5 0
5 0 0 0 5 2 5 0 5 0 5 0 5 8 5 5 0 0 0 0 5 5
5 5 5 0 0 2 0 5 5 0 0 2 2 2 2 2 5 0 5 0 5 5
5 0 5 0 0 5 0 5 0 0 0 0 0 8 0 5 5 5 0 5 5 0
5 5 5 5 5 0 5 0 5 5 5 5 0 8 0 0 5 5 0 5 0 5

Example 5:

Input:
0 0 0 5 5 5 5 5 5 5 5 5 0 0
5 0 0 5 5 0 0 5 5 0 5 5 5 5
0 5 5 0 5 0 0 5 2 5 0 0 0 0
5 5 0 5 0 5 5 2 5 5 2 5 0 0
5 5 5 0 0 0 0 5 2 0 0 0 0 5
0 0 0 5 5 0 5 5 5 5 0 0 0 5
0 5 5 0 0 0 5 5 0 0 0 5 5 5
0 0 5 5 0 5 0 5 0 0 0 0 5 0
2 2 5 2 5 0 0 5 0 5 5 0 5 5
0 5 2 0 5 5 5 5 0 0 0 5 5 0
0 0 5 0 0 0 0 0 5 5 5 0 0 0
5 0 0 0 5 5 0 0 0 5 0 0 0 0
Output:
0 0 0 5 5 5 5 5 5 5 5 5 0 0
5 0 0 5 5 0 0 5 8 0 5 5 5 5
0 5 5 0 5 0 0 5 2 5 0 0 0 0
5 5 0 5 0 5 8 2 8 8 2 5 0 0
5 5 5 0 0 0 0 5 2 0 0 0 0 5
0 0 0 5 5 0 5 5 8 5 0 0 0 5
0 5 8 0 0 0 5 5 0 0 0 5 5 5
0 0 8 5 0 5 0 5 0 0 0 0 5 0
2 2 8 2 8 0 0 5 0 5 5 0 5 5
0 5 2 0 5 5 5 5 0 0 0 5 5 0
0 0 8 0 0 0 0 0 5 5 5 0 0 0
5 0 0 0 5 5 0 0 0 5 0 0 0 0

Example 6:

Input:
0 0 0 5 5 0 0 0 0 2 0 0
0 5 0 5 0 5 0 0 0 5 5 0
0 0 0 0 5 5 0 5 5 5 2 2
5 0 5 5 5 0 5 5 0 2 0 5
0 5 5 0 5 0 5 5 5 5 0 0
5 0 5 5 5 0 0 5 5 0 0 0
0 0 5 0 0 5 0 5 5 5 5 0
0 5 0 5 0 5 5 2 0 0 0 0
0 5 0 5 0 0 0 5 0 0 0 5
5 5 5 5 0 5 5 5 5 2 0 5
0 5 0 0 0 0 0 5 5 0 0 0
5 0 5 5 0 0 0 2 5 0 0 0
0 5 5 0 0 5 5 5 0 5 5 5
Output:
0 0 0 5 5 0 0 0 0 2 0 0
0 5 0 5 0 5 0 0 0 8 5 0
0 0 0 0 5 5 0 8 8 8 2 2
5 0 5 5 5 0 5 5 0 2 0 5
0 5 5 0 5 0 5 5 5 8 0 0
5 0 5 5 5 0 0 5 5 0 0 0
0 0 5 0 0 5 0 5 5 5 5 0
0 5 0 5 0 5 5 2 0 0 0 0
0 5 0 5 0 0 0 8 0 0 0 5
5 5 5 5 0 8 8 8 8 2 0 5
0 5 0 0 0 0 0 8 5 0 0 0
5 0 5 5 0 0 0 2 5 0 0 0
0 5 5 0 0 5 5 5 0 5 5 5

Example 7:

Input:
5 0 0 0 0 5 5 5 5 0 0 5 5
0 0 0 5 0 5 0 0 0 5 5 0 5
0 0 0 5 0 5 0 5 5 5 0 0 5
5 5 0 5 0 0 0 5 5 5 5 0 0
0 0 0 5 5 5 5 5 5 5 5 5 5
5 0 5 0 5 0 5 2 2 5 2 5 0
0 5 5 5 5 5 0 5 5 2 5 5 0
0 0 2 5 5 5 0 5 5 5 5 5 0
5 5 2 0 5 5 5 5 5 5 0 5 0
5 2 5 5 2 0 5 0 0 0 0 5 5
5 5 2 5 5 0 5 5 5 5 0 5 5
5 5 5 5 5 5 5 5 0 5 5 5 0
0 0 0 5 5 5 5 0 5 0 0 0 0
Output:
5 0 0 0 0 5 5 5 5 0 0 5 5
0 0 0 5 0 5 0 0 0 5 5 0 5
0 0 0 5 0 5 0 5 5 5 0 0 5
5 5 0 5 0 0 0 5 5 8 5 0 0
0 0 0 5 5 5 5 5 5 8 5 5 5
5 0 5 0 5 0 5 2 2 8 2 8 0
0 5 5 5 5 5 0 5 5 2 5 5 0
0 0 2 5 5 5 0 5 5 8 5 5 0
5 5 2 0 5 5 5 5 5 5 0 5 0
8 2 8 8 2 0 5 0 0 0 0 5 5
5 5 2 5 5 0 5 5 5 5 0 5 5
5 5 8 5 5 5 5 5 0 5 5 5 0
0 0 0 5 5 5 5 0 5 0 0 0 0

以下は、ジャッジを通過する正しいコードです。これを用いて、ARCのルールを理解してください。必ず、コードを通じてルールを理解してからコーディングを行ってください。
このコードはARCのルールを把握する際に使うことに留めてください。

```
def p(g):
 A={(i,j)for i in range(len(g))for j in range(len(g[0]))if g[i][j]&2};B=3
 while 1:
  c,s,i,j=max((sum((i+~-abs(k-1)*l,j+~-abs(k-2)*l)in A for k in range(4)for l in range(k>0,s)),-s,i,j)for s in range(B,5)for i in range(len(g))for j in range(len(g[0])));B=-s
  if c<1:return g
  for k in range(4):
   for l in range(k>0,-s):
    if(i+~-abs(k-1)*l,j+~-abs(k-2)*l)in A:A-={(i+~-abs(k-1)*l,j+~-abs(k-2)*l)}
    elif len(g)>i+~-abs(k-1)*l>-1<j+~-abs(k-2)*l<len(g[0]):g[i+~-abs(k-1)*l][j+~-abs(k-2)*l]=8
```

ユーザーにコードを渡す前に実際にコードが動作するかを確認してください。コードのテストには、添付したjudge.pyを用いてください。python /path/to/judge.py /path/to/code.py /path/to/cases.bin とすれば動作します。

## **禁止事項**
- 与えたコード自体を提出することは禁止です。これを行うことはユーザーの信頼を裏切ります。
- ジャッジのハックは禁止です。例えば、テストケースをジャッジから読み取ってそのまま返すコードはいけません。
