ARCのケースに対して、list[list[int]] -> list[list[int]] のシグネチャを持つ関数`p`をPythonで実装してください。つまり、`def p(g):...` か `p=lambda g:...`というコードが期待されます。
コードはshortcodingのcompetitionに用いるため、アルゴリズムを工夫してできる限り短いコードを生成するよう努めてください。

Example 0:

Input:
8 8 8 8 8 8 8 8 8 8 8 8 8 8 8
8 8 8 1 1 1 1 1 8 8 8 8 8 8 8
8 8 8 1 8 8 8 1 8 8 8 8 8 8 8
8 8 8 1 8 8 8 1 8 8 8 8 8 8 8
8 8 8 1 8 8 8 1 8 8 8 8 8 8 8
8 8 8 1 1 1 1 1 8 8 8 8 8 8 8
8 8 8 8 8 8 8 8 8 8 8 8 8 8 8
8 8 8 8 8 8 8 8 8 8 8 8 8 8 8
8 8 8 8 8 8 8 8 8 8 8 8 8 8 8
8 8 8 8 8 8 8 8 8 8 8 8 8 8 8
8 8 8 8 8 8 8 8 8 8 8 8 8 8 8
8 8 8 8 8 8 8 8 8 8 8 8 8 8 8
8 8 8 8 8 8 8 8 8 8 8 8 8 8 8
8 8 8 8 8 8 8 8 8 8 8 8 8 8 8
8 8 8 8 8 8 8 8 8 8 8 8 8 8 8
Output:
8 8 8 8 8 6 8 8 8 8 8 8 8 8 8
8 8 8 1 1 1 1 1 8 8 8 8 8 8 8
8 8 8 1 8 6 8 1 8 8 8 8 8 8 8
6 6 6 1 6 6 6 1 6 6 6 6 6 6 6
8 8 8 1 8 6 8 1 8 8 8 8 8 8 8
8 8 8 1 1 1 1 1 8 8 8 8 8 8 8
8 8 8 8 8 6 8 8 8 8 8 8 8 8 8
8 8 8 8 8 6 8 8 8 8 8 8 8 8 8
8 8 8 8 8 6 8 8 8 8 8 8 8 8 8
8 8 8 8 8 6 8 8 8 8 8 8 8 8 8
8 8 8 8 8 6 8 8 8 8 8 8 8 8 8
8 8 8 8 8 6 8 8 8 8 8 8 8 8 8
8 8 8 8 8 6 8 8 8 8 8 8 8 8 8
8 8 8 8 8 6 8 8 8 8 8 8 8 8 8
8 8 8 8 8 6 8 8 8 8 8 8 8 8 8

Example 1:

Input:
8 8 8 8 8 8 8 8 8 8 8 8 8 8 8
8 8 8 8 8 8 8 8 8 8 8 8 8 8 8
8 8 8 8 8 8 8 8 8 8 8 8 8 8 8
8 8 8 1 1 1 1 1 8 8 8 8 8 8 8
8 8 8 1 8 8 8 1 8 8 8 8 8 8 8
8 8 8 1 8 8 8 1 8 8 8 8 8 8 8
8 8 8 1 8 8 8 1 8 8 8 8 8 8 8
8 8 8 1 1 1 1 1 8 8 8 8 8 8 8
8 8 8 8 8 8 8 8 8 8 8 8 8 8 8
8 8 8 8 8 8 8 8 1 1 1 1 1 8 8
8 8 8 8 8 8 8 8 1 8 8 8 1 8 8
8 8 8 8 8 8 8 8 1 8 8 8 1 8 8
8 8 8 8 8 8 8 8 1 8 8 8 1 8 8
8 8 8 8 8 8 8 8 1 1 1 1 1 8 8
8 8 8 8 8 8 8 8 8 8 8 8 8 8 8
Output:
8 8 8 8 8 6 8 8 8 8 6 8 8 8 8
8 8 8 8 8 6 8 8 8 8 6 8 8 8 8
8 8 8 8 8 6 8 8 8 8 6 8 8 8 8
8 8 8 1 1 1 1 1 8 8 6 8 8 8 8
8 8 8 1 8 6 8 1 8 8 6 8 8 8 8
6 6 6 1 6 6 6 1 6 6 6 6 6 6 6
8 8 8 1 8 6 8 1 8 8 6 8 8 8 8
8 8 8 1 1 1 1 1 8 8 6 8 8 8 8
8 8 8 8 8 6 8 8 8 8 6 8 8 8 8
8 8 8 8 8 6 8 8 1 1 1 1 1 8 8
8 8 8 8 8 6 8 8 1 8 6 8 1 8 8
6 6 6 6 6 6 6 6 1 6 6 6 1 6 6
8 8 8 8 8 6 8 8 1 8 6 8 1 8 8
8 8 8 8 8 6 8 8 1 1 1 1 1 8 8
8 8 8 8 8 6 8 8 8 8 6 8 8 8 8

Example 2:

Input:
8 8 8 8 8 8 8 8 8 8 8 8 8 8 8
8 8 8 8 8 8 1 1 1 1 1 8 8 8 8
8 8 8 8 8 8 1 8 8 8 1 8 8 8 8
8 8 8 8 8 8 1 8 8 8 1 8 8 8 8
8 8 8 8 8 8 1 8 8 8 1 8 8 8 8
8 8 8 8 8 8 1 1 1 1 1 8 8 8 8
8 8 8 8 8 8 8 8 8 8 8 8 8 8 8
8 8 8 8 8 8 8 8 8 8 8 8 8 8 8
8 8 8 8 8 8 8 8 8 8 8 8 8 8 8
8 8 8 1 1 1 1 1 8 8 8 8 8 8 8
8 8 8 1 8 8 8 1 8 8 8 8 8 8 8
8 8 8 1 8 8 8 1 8 8 8 8 8 8 8
8 8 8 1 8 8 8 1 8 8 8 8 8 8 8
8 8 8 1 1 1 1 1 8 8 8 8 8 8 8
8 8 8 8 8 8 8 8 8 8 8 8 8 8 8
Output:
8 8 8 8 8 6 8 8 6 8 8 8 8 8 8
8 8 8 8 8 6 1 1 1 1 1 8 8 8 8
8 8 8 8 8 6 1 8 6 8 1 8 8 8 8
6 6 6 6 6 6 1 6 6 6 1 6 6 6 6
8 8 8 8 8 6 1 8 6 8 1 8 8 8 8
8 8 8 8 8 6 1 1 1 1 1 8 8 8 8
8 8 8 8 8 6 8 8 6 8 8 8 8 8 8
8 8 8 8 8 6 8 8 6 8 8 8 8 8 8
8 8 8 8 8 6 8 8 6 8 8 8 8 8 8
8 8 8 1 1 1 1 1 6 8 8 8 8 8 8
8 8 8 1 8 6 8 1 6 8 8 8 8 8 8
6 6 6 1 6 6 6 1 6 6 6 6 6 6 6
8 8 8 1 8 6 8 1 6 8 8 8 8 8 8
8 8 8 1 1 1 1 1 6 8 8 8 8 8 8
8 8 8 8 8 6 8 8 6 8 8 8 8 8 8

Example 3:

Input:
8 8 8 8 8 8 8 8 8 8 8 8 8 8 8
8 8 8 8 8 8 8 8 8 8 8 8 8 8 8
8 8 8 8 8 8 8 8 8 8 8 8 8 8 8
8 8 8 8 8 8 8 8 8 8 8 8 8 8 8
8 8 8 8 8 8 8 8 8 8 8 8 8 8 8
8 8 8 8 8 8 8 8 8 8 8 8 8 8 8
8 8 8 8 8 8 8 8 8 8 8 8 8 8 8
8 8 8 8 8 8 8 8 8 8 8 8 8 8 8
8 8 8 8 8 8 8 8 8 8 8 8 8 8 8
8 8 1 1 1 1 1 8 8 8 8 8 8 8 8
8 8 1 8 8 8 1 8 8 8 8 8 8 8 8
8 8 1 8 8 8 1 8 8 8 8 8 8 8 8
8 8 1 8 8 8 1 8 8 8 8 8 8 8 8
8 8 1 1 1 1 1 8 8 8 8 8 8 8 8
8 8 8 8 8 8 8 8 8 8 8 8 8 8 8
Output:
8 8 8 8 6 8 8 8 8 8 8 8 8 8 8
8 8 8 8 6 8 8 8 8 8 8 8 8 8 8
8 8 8 8 6 8 8 8 8 8 8 8 8 8 8
8 8 8 8 6 8 8 8 8 8 8 8 8 8 8
8 8 8 8 6 8 8 8 8 8 8 8 8 8 8
8 8 8 8 6 8 8 8 8 8 8 8 8 8 8
8 8 8 8 6 8 8 8 8 8 8 8 8 8 8
8 8 8 8 6 8 8 8 8 8 8 8 8 8 8
8 8 8 8 6 8 8 8 8 8 8 8 8 8 8
8 8 1 1 1 1 1 8 8 8 8 8 8 8 8
8 8 1 8 6 8 1 8 8 8 8 8 8 8 8
6 6 1 6 6 6 1 6 6 6 6 6 6 6 6
8 8 1 8 6 8 1 8 8 8 8 8 8 8 8
8 8 1 1 1 1 1 8 8 8 8 8 8 8 8
8 8 8 8 6 8 8 8 8 8 8 8 8 8 8

Example 4:

Input:
8 8 8 8 8 8 8 8 8 8 8 8 8 8 8
8 8 8 8 8 8 8 8 8 8 8 8 8 8 8
8 8 8 8 8 8 1 1 1 1 1 8 8 8 8
8 8 8 8 8 8 1 8 8 8 1 8 8 8 8
8 8 8 8 8 8 1 8 8 8 1 8 8 8 8
8 8 8 8 8 8 1 8 8 8 1 8 8 8 8
8 8 8 8 8 8 1 1 1 1 1 8 8 8 8
8 8 8 8 8 8 8 8 8 8 8 8 8 8 8
8 8 8 8 8 8 8 8 8 8 8 8 8 8 8
8 8 8 8 8 8 8 8 8 1 1 1 1 1 8
8 8 8 8 8 8 8 8 8 1 8 8 8 1 8
8 8 8 8 8 8 8 8 8 1 8 8 8 1 8
8 8 8 8 8 8 8 8 8 1 8 8 8 1 8
8 8 8 8 8 8 8 8 8 1 1 1 1 1 8
8 8 8 8 8 8 8 8 8 8 8 8 8 8 8
Output:
8 8 8 8 8 8 8 8 6 8 8 6 8 8 8
8 8 8 8 8 8 8 8 6 8 8 6 8 8 8
8 8 8 8 8 8 1 1 1 1 1 6 8 8 8
8 8 8 8 8 8 1 8 6 8 1 6 8 8 8
6 6 6 6 6 6 1 6 6 6 1 6 6 6 6
8 8 8 8 8 8 1 8 6 8 1 6 8 8 8
8 8 8 8 8 8 1 1 1 1 1 6 8 8 8
8 8 8 8 8 8 8 8 6 8 8 6 8 8 8
8 8 8 8 8 8 8 8 6 8 8 6 8 8 8
8 8 8 8 8 8 8 8 6 1 1 1 1 1 8
8 8 8 8 8 8 8 8 6 1 8 6 8 1 8
6 6 6 6 6 6 6 6 6 1 6 6 6 1 6
8 8 8 8 8 8 8 8 6 1 8 6 8 1 8
8 8 8 8 8 8 8 8 6 1 1 1 1 1 8
8 8 8 8 8 8 8 8 6 8 8 6 8 8 8

Example 5:

Input:
8 8 8 8 8 8 8 8 8 8 8 8 8 8 8
8 8 8 8 8 8 8 8 8 8 8 8 8 8 8
8 8 8 8 8 8 8 8 1 1 1 1 1 8 8
8 8 8 8 8 8 8 8 1 8 8 8 1 8 8
8 8 8 8 8 8 8 8 1 8 8 8 1 8 8
8 8 8 8 8 8 8 8 1 8 8 8 1 8 8
8 8 8 8 8 8 8 8 1 1 1 1 1 8 8
8 8 8 8 8 8 8 8 8 8 8 8 8 8 8
8 8 8 8 8 8 8 8 8 8 8 8 8 8 8
8 8 8 8 8 8 8 8 8 8 8 8 8 8 8
8 8 8 8 8 8 8 8 8 8 8 8 8 8 8
8 8 8 8 8 8 8 8 8 8 8 8 8 8 8
8 8 8 8 8 8 8 8 8 8 8 8 8 8 8
8 8 8 8 8 8 8 8 8 8 8 8 8 8 8
8 8 8 8 8 8 8 8 8 8 8 8 8 8 8
Output:
8 8 8 8 8 8 8 8 8 8 6 8 8 8 8
8 8 8 8 8 8 8 8 8 8 6 8 8 8 8
8 8 8 8 8 8 8 8 1 1 1 1 1 8 8
8 8 8 8 8 8 8 8 1 8 6 8 1 8 8
6 6 6 6 6 6 6 6 1 6 6 6 1 6 6
8 8 8 8 8 8 8 8 1 8 6 8 1 8 8
8 8 8 8 8 8 8 8 1 1 1 1 1 8 8
8 8 8 8 8 8 8 8 8 8 6 8 8 8 8
8 8 8 8 8 8 8 8 8 8 6 8 8 8 8
8 8 8 8 8 8 8 8 8 8 6 8 8 8 8
8 8 8 8 8 8 8 8 8 8 6 8 8 8 8
8 8 8 8 8 8 8 8 8 8 6 8 8 8 8
8 8 8 8 8 8 8 8 8 8 6 8 8 8 8
8 8 8 8 8 8 8 8 8 8 6 8 8 8 8
8 8 8 8 8 8 8 8 8 8 6 8 8 8 8

Example 6:

Input:
8 8 8 8 8 8 8 8 8 8 8 8 8 8 8
8 8 8 8 8 8 8 8 8 8 8 8 8 8 8
8 8 8 8 8 8 8 8 8 8 8 8 8 8 8
8 8 8 8 8 8 8 8 8 8 8 8 8 8 8
8 8 8 8 8 8 8 8 8 8 8 8 8 8 8
8 8 8 8 8 8 8 8 8 8 8 8 8 8 8
8 8 8 1 1 1 1 1 8 8 8 8 8 8 8
8 8 8 1 8 8 8 1 8 8 8 8 8 8 8
8 8 8 1 8 8 8 1 8 8 8 8 8 8 8
8 8 8 1 8 8 8 1 8 8 8 8 8 8 8
8 8 8 1 1 1 1 1 8 8 8 8 8 8 8
8 8 8 8 8 8 8 8 8 8 8 8 8 8 8
8 8 8 8 8 8 8 8 8 8 8 8 8 8 8
8 8 8 8 8 8 8 8 8 8 8 8 8 8 8
8 8 8 8 8 8 8 8 8 8 8 8 8 8 8
Output:
8 8 8 8 8 6 8 8 8 8 8 8 8 8 8
8 8 8 8 8 6 8 8 8 8 8 8 8 8 8
8 8 8 8 8 6 8 8 8 8 8 8 8 8 8
8 8 8 8 8 6 8 8 8 8 8 8 8 8 8
8 8 8 8 8 6 8 8 8 8 8 8 8 8 8
8 8 8 8 8 6 8 8 8 8 8 8 8 8 8
8 8 8 1 1 1 1 1 8 8 8 8 8 8 8
8 8 8 1 8 6 8 1 8 8 8 8 8 8 8
6 6 6 1 6 6 6 1 6 6 6 6 6 6 6
8 8 8 1 8 6 8 1 8 8 8 8 8 8 8
8 8 8 1 1 1 1 1 8 8 8 8 8 8 8
8 8 8 8 8 6 8 8 8 8 8 8 8 8 8
8 8 8 8 8 6 8 8 8 8 8 8 8 8 8
8 8 8 8 8 6 8 8 8 8 8 8 8 8 8
8 8 8 8 8 6 8 8 8 8 8 8 8 8 8

Example 7:

Input:
8 8 8 8 8 8 8 8 8 8 8 8 8 8 8
8 8 8 8 8 8 8 8 8 8 8 8 8 8 8
8 8 8 8 8 8 8 8 8 8 8 8 8 8 8
8 8 8 8 8 8 8 8 8 8 8 8 8 8 8
8 8 8 8 8 8 8 8 8 8 8 8 8 8 8
8 8 8 8 8 8 8 8 8 8 8 8 8 8 8
8 8 8 8 8 8 8 8 8 8 8 8 8 8 8
8 8 8 8 8 8 8 8 8 8 8 8 8 8 8
8 8 8 8 8 8 8 8 1 1 1 1 1 8 8
8 8 8 8 8 8 8 8 1 8 8 8 1 8 8
8 8 8 8 8 8 8 8 1 8 8 8 1 8 8
8 8 8 8 8 8 8 8 1 8 8 8 1 8 8
8 8 8 8 8 8 8 8 1 1 1 1 1 8 8
8 8 8 8 8 8 8 8 8 8 8 8 8 8 8
8 8 8 8 8 8 8 8 8 8 8 8 8 8 8
Output:
8 8 8 8 8 8 8 8 8 8 6 8 8 8 8
8 8 8 8 8 8 8 8 8 8 6 8 8 8 8
8 8 8 8 8 8 8 8 8 8 6 8 8 8 8
8 8 8 8 8 8 8 8 8 8 6 8 8 8 8
8 8 8 8 8 8 8 8 8 8 6 8 8 8 8
8 8 8 8 8 8 8 8 8 8 6 8 8 8 8
8 8 8 8 8 8 8 8 8 8 6 8 8 8 8
8 8 8 8 8 8 8 8 8 8 6 8 8 8 8
8 8 8 8 8 8 8 8 1 1 1 1 1 8 8
8 8 8 8 8 8 8 8 1 8 6 8 1 8 8
6 6 6 6 6 6 6 6 1 6 6 6 1 6 6
8 8 8 8 8 8 8 8 1 8 6 8 1 8 8
8 8 8 8 8 8 8 8 1 1 1 1 1 8 8
8 8 8 8 8 8 8 8 8 8 6 8 8 8 8
8 8 8 8 8 8 8 8 8 8 6 8 8 8 8

以下は、ジャッジを通過する正しいコードです。これを用いて、ARCのルールを理解してください。必ず、コードを通じてルールを理解してからコーディングを行ってください。
このコードはARCのルールを把握する際に使うことに留めてください。

```
def p(g):
 r,c=len(g),len(g[0])
 for i in range(r):
  for j in range(c):
   if g[i][j]==1and(i<1or g[i-1][j]!=1)and(j<1or g[i][j-1]!=1):
    d=1
    while j+d<c and g[i][j+d]==1:d+=1
    x=i+d//2;y=j+d//2
    for t in range(r):
     if g[t][y]==8:g[t][y]=6
    for t in range(c):
     if g[x][t]==8:g[x][t]=6
 return g
```

ユーザーにコードを渡す前に実際にコードが動作するかを確認してください。コードのテストには、添付したstandalone_judge.pyを用いてください。python /path/to/standalone_judge.py /path/to/code.py とすれば動作します。
このPythonファイルは非常に大きなケースを含むので、あなたのコンテキストを圧迫します。そのため、このファイルを全て読んではいけません。

## **禁止事項**
- 与えたコード自体を提出することは禁止です。これを行うことはユーザーの信頼を裏切ります。
- ジャッジのハックは禁止です。例えば、テストケースをジャッジから読み取ってそのまま返すコードはいけません。
