9
a 36
6 38 60 69 108 130 139 223 245 254 347 373 387 451 473 482 566 588 597 681 703 712 796 818 827 911 933 942 1034 1048 1068 1096 1124 1146 1191 1217
d 2
1078 1098
o 3
311 999 1088
r 46
15 23 71 85 93 141 157 163 200 208 256 272 278 332 389 401 418 428 436 484 500 506 543 551 599 615 621 658 666 714 730 736 773 781 829 845 851 888 896 944 960 966 1019 1050 1070 1109
n 46
17 45 74 87 115 144 169 175 202 230 259 284 290 358 392 403 420 430 458 487 512 518 545 573 602 627 633 660 688 717 742 748 775 803 832 857 863 890 918 947 972 978 1021 1053 1080 1131
f 16
414 424 535 539 650 654 765 769 880 884 995 1006 1073 1083 1090 1156
l 7
11 81 192 196 307 412 1103
i 24
171 177 187 286 292 302 514 520 530 629 635 645 744 750 760 859 865 875 974 980 990 1039 1075 1176
e 24
159 165 185 274 280 300 502 508 528 617 623 643 732 738 758 847 853 873 962 968 988 1036 1065 1202
0 1 1 1 1 1 1 1 1
1 0 1 1 1 1 1 1 1
1 1 0 1 1 1 1 1 1
1 1 1 0 1 1 1 1 1
1 1 1 1 0 1 1 1 1
1 1 1 1 1 0 1 1 1
1 1 1 1 1 1 0 1 1
1 1 1 1 1 1 1 0 1
1 1 1 1 1 1 1 1 0
