ARCのケースに対して、list[list[int]] -> list[list[int]] のシグネチャを持つ関数`p`をPythonで実装してください。つまり、`def p(g):...` か `p=lambda g:...`というコードが期待されます。
コードはshortcodingのcompetitionに用いるため、アルゴリズムを工夫してできる限り短いコードを生成するよう努めてください。

Example 0:

Input:
1 4 0 1 1 0 1 4
1 1 0 1 1 0 1 1
0 0 0 0 0 0 0 0
1 1 0 1 1 0 1 1
2 1 0 1 1 0 2 1
0 0 0 0 0 0 0 0
1 4 0 1 1 0 1 1
1 1 0 1 1 0 1 1
Output:
1 4 0 1 4 0 1 4
1 1 0 1 1 0 1 1
0 0 0 0 0 0 0 0
1 4 0 1 1 0 1 1
2 1 0 2 1 0 2 1
0 0 0 0 0 0 0 0
1 4 0 1 1 0 1 1
1 1 0 1 1 0 1 1

Example 1:

Input:
1 1 0 7 1 0 1 1
1 3 0 1 1 0 1 3
0 0 0 0 0 0 0 0
1 1 0 1 1 0 1 1
1 1 0 1 1 0 1 1
0 0 0 0 0 0 0 0
1 1 0 7 1 0 1 1
1 1 0 1 1 0 1 3
Output:
1 1 0 7 1 0 1 1
1 3 0 1 3 0 1 3
0 0 0 0 0 0 0 0
1 1 0 7 1 0 1 1
1 1 0 1 1 0 1 3
0 0 0 0 0 0 0 0
1 1 0 7 1 0 1 1
1 1 0 1 1 0 1 3

Example 2:

Input:
1 1 0 1 1 0 1 1
1 1 0 1 1 0 1 1
0 0 0 0 0 0 0 0
1 1 0 1 1 0 1 1
3 1 0 1 1 0 3 1
0 0 0 0 0 0 0 0
1 1 0 1 1 0 1 1
1 1 0 1 1 0 1 1
Output:
1 1 0 1 1 0 1 1
1 1 0 1 1 0 1 1
0 0 0 0 0 0 0 0
1 1 0 1 1 0 1 1
3 1 0 3 1 0 3 1
0 0 0 0 0 0 0 0
1 1 0 1 1 0 1 1
1 1 0 1 1 0 1 1

Example 3:

Input:
1 1 0 1 1 0 1 1
1 8 0 1 1 0 1 8
0 0 0 0 0 0 0 0
1 1 0 1 1 0 1 1
1 1 0 1 1 0 1 1
0 0 0 0 0 0 0 0
6 1 0 1 1 0 6 1
1 1 0 1 1 0 1 8
Output:
1 1 0 1 1 0 1 1
1 8 0 1 8 0 1 8
0 0 0 0 0 0 0 0
1 1 0 1 1 0 1 1
1 1 0 1 1 0 1 8
0 0 0 0 0 0 0 0
6 1 0 6 1 0 6 1
1 1 0 1 1 0 1 8

Example 4:

Input:
1 1 0 1 1 0 1 1
6 1 0 1 1 0 1 1
0 0 0 0 0 0 0 0
1 4 0 1 1 0 1 4
1 1 0 1 1 0 1 1
0 0 0 0 0 0 0 0
1 1 0 1 1 0 1 1
1 1 0 1 1 0 1 1
Output:
1 1 0 1 1 0 1 1
6 1 0 1 1 0 1 1
0 0 0 0 0 0 0 0
1 4 0 1 4 0 1 4
1 1 0 1 1 0 1 1
0 0 0 0 0 0 0 0
1 1 0 1 1 0 1 1
1 1 0 1 1 0 1 1

Example 5:

Input:
1 1 0 1 1 0 3 1
1 1 0 1 1 0 1 1
0 0 0 0 0 0 0 0
1 1 0 1 1 0 1 1
1 7 0 1 1 0 1 7
0 0 0 0 0 0 0 0
1 1 0 1 1 0 3 1
1 1 0 1 1 0 1 1
Output:
1 1 0 1 1 0 3 1
1 1 0 1 1 0 1 1
0 0 0 0 0 0 0 0
1 1 0 1 1 0 3 1
1 7 0 1 7 0 1 7
0 0 0 0 0 0 0 0
1 1 0 1 1 0 3 1
1 1 0 1 1 0 1 1

Example 6:

Input:
1 1 0 1 1 0 1 1
1 7 0 1 1 0 1 7
0 0 0 0 0 0 0 0
9 1 0 1 1 0 9 1
1 1 0 1 1 0 1 1
0 0 0 0 0 0 0 0
1 1 0 1 1 0 1 1
1 7 0 1 1 0 1 7
Output:
1 1 0 1 1 0 1 1
1 7 0 1 7 0 1 7
0 0 0 0 0 0 0 0
9 1 0 9 1 0 9 1
1 7 0 1 1 0 1 7
0 0 0 0 0 0 0 0
1 1 0 1 1 0 1 1
1 7 0 1 7 0 1 7

Example 7:

Input:
1 5 0 1 1 0 1 5
1 1 0 1 1 0 4 1
0 0 0 0 0 0 0 0
1 1 0 1 1 0 1 1
1 1 0 1 1 0 1 1
0 0 0 0 0 0 0 0
1 5 0 1 1 0 1 1
1 1 0 1 1 0 1 1
Output:
1 5 0 1 5 0 1 5
1 1 0 1 1 0 4 1
0 0 0 0 0 0 0 0
1 5 0 1 1 0 1 1
1 1 0 1 1 0 1 1
0 0 0 0 0 0 0 0
1 5 0 1 1 0 1 1
1 1 0 1 1 0 1 1

以下は、ジャッジを通過する正しいコードです。これを用いて、ARCのルールを理解してください。必ず、コードを通じてルールを理解してからコーディングを行ってください。
このコードはARCのルールを把握する際に使うことに留めてください。

```
p=lambda g,R=range(8):[[max(min((g[i]*3)[j+5:j+12:6]),min(g[i-3][j],g[i+3&7][j]),g[i][j])for j in R]for i in R]
```

ユーザーにコードを渡す前に実際にコードが動作するかを確認してください。コードのテストには、添付したjudge.pyを用いてください。python /path/to/judge.py /path/to/code.py /path/to/cases.bin とすれば動作します。

## **禁止事項**
- 与えたコード自体を提出することは禁止です。これを行うことはユーザーの信頼を裏切ります。
- ジャッジのハックは禁止です。例えば、テストケースをジャッジから読み取ってそのまま返すコードはいけません。
