11
A 5
6 87 109 163 225
B 4
0 40 62 129
a 5
144 147 171 261 273
b 4
149 173 266 275
d 8
104 188 194 236 248 255 290 296
g 13
20 42 64 131 182 200 230 242 284 302 322 328 369
i 7
25 44 50 66 89 202 304
k 9
82 121 133 184 232 244 286 330 357
l 8
158 186 204 220 234 246 288 306
v 3
29 123 355
w 7
27 68 72 91 165 227 359
0 1 1 1 1 1 1 1 1 1 1
1 0 0 0 1 1 1 1 1 1 1
1 0 0 1 1 1 1 1 1 0 1
1 0 1 0 1 1 1 1 1 0 1
1 1 1 1 0 1 1 1 1 1 1
1 1 1 1 1 0 1 1 1 1 1
1 1 1 1 1 1 0 1 1 1 1
1 1 1 1 1 1 1 0 1 1 1
1 1 1 1 1 1 1 1 0 1 1
1 1 0 0 1 1 1 1 1 0 1
1 1 1 1 1 1 1 1 1 1 0
