ARCのケースに対して、list[list[int]] -> list[list[int]] のシグネチャを持つ関数`p`をPythonで実装してください。つまり、`def p(g):...` か `p=lambda g:...`というコードが期待されます。
コードはshortcodingのcompetitionに用いるため、アルゴリズムを工夫してできる限り短いコードを生成するよう努めてください。

Example 0:

Input:
7 0 0 0 0 0 0 0 7 7
0 5 5 5 5 5 0 0 0 0
0 5 0 0 5 5 0 6 6 0
0 5 0 0 5 5 0 0 0 0
0 5 5 5 5 5 0 0 0 0
0 5 5 5 5 5 0 0 7 0
0 0 0 0 0 0 0 0 0 0
0 0 0 0 7 5 5 5 5 5
0 8 8 0 0 5 5 0 0 5
0 8 8 0 0 5 5 5 5 5
Output:
7 0 0 0 0 0 0 0 7 7
0 5 5 5 5 5 0 0 0 0
0 5 8 8 5 5 0 0 0 0
0 5 8 8 5 5 0 0 0 0
0 5 5 5 5 5 0 0 0 0
0 5 5 5 5 5 0 0 7 0
0 0 0 0 0 0 0 0 0 0
0 0 0 0 7 5 5 5 5 5
0 0 0 0 0 5 5 6 6 5
0 0 0 0 0 5 5 5 5 5

Example 1:

Input:
5 5 5 5 5 0 0 0 0 0
5 0 0 0 5 0 9 9 9 9
5 5 5 0 5 0 9 9 9 9
5 5 5 5 5 0 0 0 0 0
0 0 0 0 0 0 0 6 0 6
3 3 3 0 0 0 6 6 0 0
0 0 3 5 5 5 5 5 5 0
0 0 0 5 0 0 0 0 5 0
6 6 0 5 0 0 0 0 5 0
6 6 0 5 5 5 5 5 5 0
Output:
5 5 5 5 5 0 0 0 0 0
5 3 3 3 5 0 0 0 0 0
5 5 5 3 5 0 0 0 0 0
5 5 5 5 5 0 0 0 0 0
0 0 0 0 0 0 0 6 0 6
0 0 0 0 0 0 6 6 0 0
0 0 0 5 5 5 5 5 5 0
0 0 0 5 9 9 9 9 5 0
6 6 0 5 9 9 9 9 5 0
6 6 0 5 5 5 5 5 5 0

Example 2:

Input:
2 2 0 0 5 5 5 5 5 5
2 2 2 0 5 0 0 0 5 5
0 0 0 0 5 5 5 0 0 5
0 4 4 0 5 5 5 5 5 5
0 0 4 0 0 4 0 0 0 0
5 5 5 5 5 0 0 4 4 0
5 5 5 5 5 0 0 0 0 0
5 0 0 5 5 0 0 0 0 4
5 0 0 0 5 0 8 8 8 0
5 5 5 5 5 0 0 0 8 8
Output:
0 0 0 0 5 5 5 5 5 5
0 0 0 0 5 8 8 8 5 5
0 0 0 0 5 5 5 8 8 5
0 4 4 0 5 5 5 5 5 5
0 0 4 0 0 4 0 0 0 0
5 5 5 5 5 0 0 4 4 0
5 5 5 5 5 0 0 0 0 0
5 2 2 5 5 0 0 0 0 4
5 2 2 2 5 0 0 0 0 0
5 5 5 5 5 0 0 0 0 0

Example 3:

Input:
0 0 5 5 5 5 5 0 0 2
2 0 5 0 0 0 5 0 0 0
0 0 5 5 0 5 5 4 4 4
0 0 5 5 5 5 5 0 0 0
0 0 5 5 5 5 5 0 0 2
7 7 7 0 0 2 0 2 0 0
0 7 0 0 0 0 0 0 0 0
0 0 0 5 5 5 5 5 5 5
0 2 0 5 0 0 0 5 5 5
2 0 0 5 5 5 5 5 5 5
Output:
0 0 5 5 5 5 5 0 0 2
2 0 5 7 7 7 5 0 0 0
0 0 5 5 7 5 5 0 0 0
0 0 5 5 5 5 5 0 0 0
0 0 5 5 5 5 5 0 0 2
0 0 0 0 0 2 0 2 0 0
0 0 0 0 0 0 0 0 0 0
0 0 0 5 5 5 5 5 5 5
0 2 0 5 4 4 4 5 5 5
2 0 0 5 5 5 5 5 5 5

Example 4:

Input:
0 0 0 0 0 0 0 0 0 0
5 5 5 5 5 0 0 0 0 2
5 0 0 5 5 0 0 0 0 0
5 0 0 5 5 0 0 7 7 0
5 0 5 5 5 0 0 7 7 0
5 5 5 5 5 0 0 7 0 0
0 0 0 0 0 6 6 0 0 2
0 0 0 0 0 5 5 5 5 5
0 0 0 0 0 5 0 0 5 5
0 0 0 0 0 5 5 5 5 5
Output:
0 0 0 0 0 0 0 0 0 0
5 5 5 5 5 0 0 0 0 2
5 7 7 5 5 0 0 0 0 0
5 7 7 5 5 0 0 0 0 0
5 7 5 5 5 0 0 0 0 0
5 5 5 5 5 0 0 0 0 0
0 0 0 0 0 0 0 0 0 2
0 0 0 0 0 5 5 5 5 5
0 0 0 0 0 5 6 6 5 5
0 0 0 0 0 5 5 5 5 5

Example 5:

Input:
0 0 0 0 0 0 0 0 0 4
0 5 5 5 5 5 0 0 0 0
0 5 0 0 5 5 6 6 0 0
0 5 0 5 5 5 6 0 0 0
0 5 0 5 5 5 6 0 0 0
0 5 5 5 5 5 0 0 0 0
0 0 0 0 0 4 0 0 0 0
0 5 5 5 5 5 4 1 1 1
0 5 0 0 0 5 0 0 0 4
0 5 5 5 5 5 0 0 0 0
Output:
0 0 0 0 0 0 0 0 0 4
0 5 5 5 5 5 0 0 0 0
0 5 6 6 5 5 0 0 0 0
0 5 6 5 5 5 0 0 0 0
0 5 6 5 5 5 0 0 0 0
0 5 5 5 5 5 0 0 0 0
0 0 0 0 0 4 0 0 0 0
0 5 5 5 5 5 4 0 0 0
0 5 1 1 1 5 0 0 0 4
0 5 5 5 5 5 0 0 0 0

Example 6:

Input:
1 1 0 0 5 5 5 5 5 4
0 1 1 0 5 0 5 0 5 0
0 0 0 0 5 0 0 0 5 0
4 0 4 0 5 0 0 0 5 0
0 0 0 0 5 5 5 5 5 0
0 0 0 4 0 0 0 0 0 0
0 7 0 7 5 5 5 5 5 5
4 7 7 7 5 0 0 5 5 5
0 7 7 7 5 5 0 0 5 5
0 0 0 0 5 5 5 5 5 5
Output:
0 0 0 0 5 5 5 5 5 4
0 0 0 0 5 7 5 7 5 0
0 0 0 0 5 7 7 7 5 0
4 0 4 0 5 7 7 7 5 0
0 0 0 0 5 5 5 5 5 0
0 0 0 4 0 0 0 0 0 0
0 0 0 0 5 5 5 5 5 5
4 0 0 0 5 1 1 5 5 5
0 0 0 0 5 5 1 1 5 5
0 0 0 0 5 5 5 5 5 5

Example 7:

Input:
0 0 0 0 1 0 0 0 1 0
5 5 5 5 5 0 0 0 0 1
5 0 0 0 5 0 0 8 8 0
5 0 0 0 5 0 0 0 0 0
5 0 0 0 5 0 0 2 2 2
5 5 5 5 5 0 0 2 2 2
1 0 0 0 0 0 0 2 2 2
0 0 0 0 5 5 5 5 5 0
0 0 0 0 5 0 0 5 5 0
0 0 0 0 5 5 5 5 5 0
Output:
0 0 0 0 1 0 0 0 1 0
5 5 5 5 5 0 0 0 0 1
5 2 2 2 5 0 0 0 0 0
5 2 2 2 5 0 0 0 0 0
5 2 2 2 5 0 0 0 0 0
5 5 5 5 5 0 0 0 0 0
1 0 0 0 0 0 0 0 0 0
0 0 0 0 5 5 5 5 5 0
0 0 0 0 5 8 8 5 5 0
0 0 0 0 5 5 5 5 5 0

以下は、ジャッジを通過する正しいコードです。これを用いて、ARCのルールを理解してください。必ず、コードを通じてルールを理解してからコーディングを行ってください。
このコードはARCのルールを把握する際に使うことに留めてください。

```
def p(g):
 for l in range(10):
  for u in range(10):
   for r in range(l,10):
    if g[u][r]!=5:break
   for d in range(u,10):
    if g[d][l]!=5:break
   for c in range(10):
    A=[i*10+j for i in range(10)for j in range(10)if g[i][j]==c];B=[i*10+j for i in range(u,d)for j in range(l,r)if g[i][j]==0]
    if len(A)==len(B)and len({y-x for(x,y)in zip(A,B)})==1:
     for(x,y)in zip(A,B):g[y//10][y%10]=c;g[x//10][x%10]=0
 return g
```

ユーザーにコードを渡す前に実際にコードが動作するかを確認してください。コードのテストには、添付したjudge.pyを用いてください。python /path/to/judge.py /path/to/code.py /path/to/cases.bin とすれば動作します。

## **禁止事項**
- 与えたコード自体を提出することは禁止です。これを行うことはユーザーの信頼を裏切ります。
- ジャッジのハックは禁止です。例えば、テストケースをジャッジから読み取ってそのまま返すコードはいけません。
