ARCのケースに対して、list[list[int]] -> list[list[int]] のシグネチャを持つ関数`p`をPythonで実装してください。つまり、`def p(g):...` か `p=lambda g:...`というコードが期待されます。
コードはshortcodingのcompetitionに用いるため、アルゴリズムを工夫してできる限り短いコードを生成するよう努めてください。

Example 0:

Input:
0 0 0 1 0 0 0 5 0 0
0 0 0 0 0 0 0 0 0 0
2 0 0 0 0 2 0 0 0 1
0 0 1 0 0 0 0 0 0 5
0 0 8 0 0 0 0 0 0 0
0 0 0 0 0 0 0 0 0 0
0 4 0 0 0 0 0 0 0 0
0 5 1 0 1 0 0 0 0 0
0 8 1 0 0 0 1 0 3 0
0 0 0 0 0 0 0 3 0 0
Output:
0 0 0 0 0 0 0 0 0 0
0 0 0 0 0 0 0 0 0 0
0 0 0 0 0 0 0 0 0 0
0 0 0 0 0 0 0 0 0 0
0 0 0 0 0 0 0 0 0 0
2 2 2 0 0 0 0 0 0 0
2 4 2 0 0 0 0 0 0 0
2 2 2 0 0 0 0 0 0 0
0 0 0 0 0 0 0 0 0 0
0 0 0 0 0 0 0 0 0 0

Example 1:

Input:
2 7 7 1 0 3 0 0 0 3
0 0 0 9 0 0 0 0 3 7
0 0 0 1 0 0 0 6 0 9
0 0 0 0 0 0 0 1 0 0
9 0 0 0 0 0 0 0 0 0
0 0 0 0 2 0 0 0 3 0
0 5 0 7 3 0 0 0 1 0
4 4 0 0 0 1 0 0 0 5
0 0 0 0 0 0 0 5 3 0
0 0 0 0 4 5 0 0 0 0
Output:
0 0 0 0 0 0 0 0 0 0
0 0 0 0 0 0 2 2 2 0
0 0 0 0 0 0 2 6 2 0
0 0 0 0 0 0 2 2 2 0
0 0 0 0 0 0 0 0 0 0
0 0 0 0 0 0 0 0 0 0
0 0 0 0 0 0 0 0 0 0
0 0 0 0 0 0 0 0 0 0
0 0 0 0 0 0 0 0 0 0
0 0 0 0 0 0 0 0 0 0

Example 2:

Input:
6 0 0 0 8 0 0 0 0 0
0 0 0 0 0 0 0 0 2 8
0 7 0 0 2 0 5 0 2 0
0 9 0 1 0 0 0 0 0 0
0 9 0 0 0 0 0 0 0 1
0 0 0 0 0 6 0 0 0 0
0 1 0 7 0 0 0 0 0 0
0 0 0 0 0 0 0 0 0 0
0 0 0 0 0 0 3 0 0 0
0 0 5 0 0 0 0 0 0 0
Output:
0 0 0 0 0 0 0 0 0 0
0 0 0 0 0 0 0 0 0 0
0 0 0 0 0 0 0 0 0 0
0 0 0 0 0 0 0 0 0 0
0 0 0 0 0 0 0 0 0 0
0 0 0 0 0 0 0 0 0 0
0 0 0 0 0 0 0 0 0 0
0 0 0 0 0 2 2 2 0 0
0 0 0 0 0 2 3 2 0 0
0 0 0 0 0 2 2 2 0 0

Example 3:

Input:
0 0 0 0 2 5 7 0 0 0
0 0 0 5 6 0 2 0 0 0
0 0 0 0 0 0 3 0 0 0
0 0 8 0 3 0 0 0 0 8
7 4 7 7 4 0 0 0 0 4
0 0 0 8 0 0 7 0 0 0
0 0 0 0 0 9 0 4 0 0
5 5 0 3 0 0 6 7 0 7
0 0 3 0 0 0 0 0 0 2
1 0 1 0 0 0 0 0 6 7
Output:
0 0 0 0 0 0 0 0 0 0
0 0 0 0 0 0 0 0 0 0
0 0 0 0 0 0 0 0 0 0
0 0 0 0 0 0 0 0 0 0
0 0 0 0 0 0 0 0 0 0
0 0 0 0 2 2 2 0 0 0
0 0 0 0 2 9 2 0 0 0
0 0 0 0 2 2 2 0 0 0
0 0 0 0 0 0 0 0 0 0
0 0 0 0 0 0 0 0 0 0

Example 4:

Input:
0 3 0 1 0 0 0 0 0 3
0 0 4 5 0 0 3 0 0 0
0 0 0 0 0 0 0 0 0 0
0 0 0 0 0 0 3 0 0 0
0 0 8 0 0 0 0 0 0 0
0 0 0 0 0 0 0 0 1 0
0 3 0 0 0 0 0 1 0 0
0 0 0 0 0 0 0 0 0 0
0 0 0 9 0 4 0 0 5 0
4 9 0 0 0 0 0 0 0 0
Output:
0 0 0 0 0 0 0 0 0 0
0 0 0 0 0 0 0 0 0 0
0 0 0 0 0 0 0 0 0 0
0 2 2 2 0 0 0 0 0 0
0 2 8 2 0 0 0 0 0 0
0 2 2 2 0 0 0 0 0 0
0 0 0 0 0 0 0 0 0 0
0 0 0 0 0 0 0 0 0 0
0 0 0 0 0 0 0 0 0 0
0 0 0 0 0 0 0 0 0 0

Example 5:

Input:
0 0 0 0 0 0 0 8 0 2
0 2 0 0 0 5 0 0 5 0
0 0 0 0 0 0 0 0 0 5
0 0 0 0 0 0 0 0 0 0
5 2 0 0 0 0 4 5 0 0
0 0 0 8 0 8 0 0 0 0
0 0 0 0 8 0 0 0 8 9
0 0 0 0 0 0 5 0 0 0
0 0 0 0 5 0 0 9 6 0
0 0 0 0 0 0 0 4 0 0
Output:
0 0 0 0 0 0 0 0 0 0
0 0 0 0 0 0 0 0 0 0
0 0 0 0 0 0 0 0 0 0
0 0 0 0 0 0 0 0 0 0
0 0 0 0 0 0 0 0 0 0
0 0 0 0 0 0 0 0 0 0
0 0 0 0 0 0 0 0 0 0
0 0 0 0 0 0 0 2 2 2
0 0 0 0 0 0 0 2 6 2
0 0 0 0 0 0 0 2 2 2

Example 6:

Input:
0 4 0 0 0 3 0 0 0 0
0 3 3 3 1 0 0 4 0 0
0 0 0 0 2 6 0 0 0 0
0 0 0 4 0 0 0 8 0 0
0 0 0 0 0 0 6 0 0 2
0 0 0 6 1 0 0 0 0 2
0 0 6 0 0 0 0 6 0 3
0 0 0 0 3 6 0 0 0 0
4 3 0 6 0 0 4 0 0 0
0 4 0 0 0 0 0 0 4 0
Output:
0 0 0 0 0 0 0 0 0 0
0 0 0 0 0 0 0 0 0 0
0 0 0 0 0 0 2 2 2 0
0 0 0 0 0 0 2 8 2 0
0 0 0 0 0 0 2 2 2 0
0 0 0 0 0 0 0 0 0 0
0 0 0 0 0 0 0 0 0 0
0 0 0 0 0 0 0 0 0 0
0 0 0 0 0 0 0 0 0 0
0 0 0 0 0 0 0 0 0 0

Example 7:

Input:
0 0 0 0 1 0 0 0 0 1
2 0 0 0 0 0 0 9 0 8
0 0 0 0 0 0 0 0 5 2
1 0 0 0 8 0 0 0 0 0
6 0 0 9 0 3 5 0 0 0
0 0 0 7 0 0 0 2 0 7
0 0 0 0 0 0 7 0 9 0
0 0 0 0 0 5 8 0 6 2
1 0 6 2 0 0 0 0 0 0
0 0 9 0 0 1 8 9 1 0
Output:
0 0 0 0 0 0 0 0 0 0
0 0 0 0 0 0 0 0 0 0
0 0 0 0 0 0 0 0 0 0
0 0 0 0 2 2 2 0 0 0
0 0 0 0 2 3 2 0 0 0
0 0 0 0 2 2 2 0 0 0
0 0 0 0 0 0 0 0 0 0
0 0 0 0 0 0 0 0 0 0
0 0 0 0 0 0 0 0 0 0
0 0 0 0 0 0 0 0 0 0

以下は、ジャッジを通過する正しいコードです。これを用いて、ARCのルールを理解してください。必ず、コードを通じてルールを理解してからコーディングを行ってください。
このコードはARCのルールを把握する際に使うことに留めてください。

```
def p(g):
 u=next(v for r in g for v in r if v and sum(x==v for y in g for x in y)==1);x,y=next((i,j)for(i,r)in enumerate(g)for(j,v)in enumerate(r)if v==u);r,c=len(g),len(g[0]);h=[[0]*c for _ in g]
 for A in-1,0,1:
  for B in-1,0,1:
   a,b=x+A,y+B
   if 0<=a<r and 0<=b<c:h[a][b]=2
 h[x][y]=u;return h
```

ユーザーにコードを渡す前に実際にコードが動作するかを確認してください。コードのテストには、添付したstandalone_judge.pyを用いてください。python /path/to/standalone_judge.py /path/to/code.py とすれば動作します。
このPythonファイルは非常に大きなケースを含むので、あなたのコンテキストを圧迫します。そのため、このファイルを全て読んではいけません。

## **禁止事項**
- 与えたコード自体を提出することは禁止です。これを行うことはユーザーの信頼を裏切ります。
- ジャッジのハックは禁止です。例えば、テストケースをジャッジから読み取ってそのまま返すコードはいけません。
