ARCのケースに対して、list[list[int]] -> list[list[int]] のシグネチャを持つ関数`p`をPythonで実装してください。つまり、`def p(g):...` か `p=lambda g:...`というコードが期待されます。
コードはshortcodingのcompetitionに用いるため、アルゴリズムを工夫してできる限り短いコードを生成するよう努めてください。

Example 0:

Input:
2 2 2
2 2 2
3 3 3
0 0 0
0 0 0
0 0 0
0 0 0
0 0 0
0 0 0
0 0 0
Output:
2 2 2
2 2 2
3 3 3
0 0 0
0 0 0
0 0 0
0 0 0
3 3 3
2 2 2
2 2 2

Example 1:

Input:
2 2 2 2 2
8 8 8 8 8
0 0 0 0 0
0 0 0 0 0
0 0 0 0 0
0 0 0 0 0
0 0 0 0 0
0 0 0 0 0
0 0 0 0 0
0 0 0 0 0
Output:
2 2 2 2 2
8 8 8 8 8
0 0 0 0 0
0 0 0 0 0
0 0 0 0 0
0 0 0 0 0
0 0 0 0 0
0 0 0 0 0
8 8 8 8 8
2 2 2 2 2

Example 2:

Input:
3 3 3 3 3 3
5 5 5 5 5 5
5 5 5 5 5 5
0 0 0 0 0 0
0 0 0 0 0 0
0 0 0 0 0 0
0 0 0 0 0 0
0 0 0 0 0 0
0 0 0 0 0 0
0 0 0 0 0 0
Output:
3 3 3 3 3 3
5 5 5 5 5 5
5 5 5 5 5 5
0 0 0 0 0 0
0 0 0 0 0 0
0 0 0 0 0 0
0 0 0 0 0 0
5 5 5 5 5 5
5 5 5 5 5 5
3 3 3 3 3 3

Example 3:

Input:
8 8 8 8 8 8 8 8 8 8
3 3 3 3 3 3 3 3 3 3
0 0 0 0 0 0 0 0 0 0
0 0 0 0 0 0 0 0 0 0
0 0 0 0 0 0 0 0 0 0
0 0 0 0 0 0 0 0 0 0
0 0 0 0 0 0 0 0 0 0
0 0 0 0 0 0 0 0 0 0
0 0 0 0 0 0 0 0 0 0
0 0 0 0 0 0 0 0 0 0
Output:
8 8 8 8 8 8 8 8 8 8
3 3 3 3 3 3 3 3 3 3
0 0 0 0 0 0 0 0 0 0
0 0 0 0 0 0 0 0 0 0
0 0 0 0 0 0 0 0 0 0
0 0 0 0 0 0 0 0 0 0
0 0 0 0 0 0 0 0 0 0
0 0 0 0 0 0 0 0 0 0
3 3 3 3 3 3 3 3 3 3
8 8 8 8 8 8 8 8 8 8

Example 4:

Input:
9 9 9
9 9 9
2 2 2
0 0 0
0 0 0
0 0 0
0 0 0
0 0 0
0 0 0
0 0 0
Output:
9 9 9
9 9 9
2 2 2
0 0 0
0 0 0
0 0 0
0 0 0
2 2 2
9 9 9
9 9 9

Example 5:

Input:
2 2 2
1 1 1
6 6 6
0 0 0
0 0 0
0 0 0
0 0 0
0 0 0
0 0 0
0 0 0
Output:
2 2 2
1 1 1
6 6 6
0 0 0
0 0 0
0 0 0
0 0 0
6 6 6
1 1 1
2 2 2

Example 6:

Input:
1 1 1 1 1 1 1
6 6 6 6 6 6 6
0 0 0 0 0 0 0
0 0 0 0 0 0 0
0 0 0 0 0 0 0
0 0 0 0 0 0 0
0 0 0 0 0 0 0
0 0 0 0 0 0 0
0 0 0 0 0 0 0
0 0 0 0 0 0 0
Output:
1 1 1 1 1 1 1
6 6 6 6 6 6 6
0 0 0 0 0 0 0
0 0 0 0 0 0 0
0 0 0 0 0 0 0
0 0 0 0 0 0 0
0 0 0 0 0 0 0
0 0 0 0 0 0 0
6 6 6 6 6 6 6
1 1 1 1 1 1 1

Example 7:

Input:
3 3 3 3 3 3 3 3 3
3 3 3 3 3 3 3 3 3
7 7 7 7 7 7 7 7 7
0 0 0 0 0 0 0 0 0
0 0 0 0 0 0 0 0 0
0 0 0 0 0 0 0 0 0
0 0 0 0 0 0 0 0 0
0 0 0 0 0 0 0 0 0
0 0 0 0 0 0 0 0 0
0 0 0 0 0 0 0 0 0
Output:
3 3 3 3 3 3 3 3 3
3 3 3 3 3 3 3 3 3
7 7 7 7 7 7 7 7 7
0 0 0 0 0 0 0 0 0
0 0 0 0 0 0 0 0 0
0 0 0 0 0 0 0 0 0
0 0 0 0 0 0 0 0 0
7 7 7 7 7 7 7 7 7
3 3 3 3 3 3 3 3 3
3 3 3 3 3 3 3 3 3

以下は、ジャッジを通過する正しいコードです。これを用いて、ARCのルールを理解してください。必ず、コードを通じてルールを理解してからコーディングを行ってください。
このコードはARCのルールを把握する際に使うことに留めてください。

```
p=lambda g:g[:5]+g[4::-1]
```

ユーザーにコードを渡す前に実際にコードが動作するかを確認してください。コードのテストには、添付したstandalone_judge.pyを用いてください。python /path/to/standalone_judge.py /path/to/code.py とすれば動作します。
このPythonファイルは非常に大きなケースを含むので、あなたのコンテキストを圧迫します。そのため、このファイルを全て読んではいけません。

## **禁止事項**
- 与えたコード自体を提出することは禁止です。これを行うことはユーザーの信頼を裏切ります。
- ジャッジのハックは禁止です。例えば、テストケースをジャッジから読み取ってそのまま返すコードはいけません。
