ARCのケースに対して、list[list[int]] -> list[list[int]] のシグネチャを持つ関数`p`をPythonで実装してください。つまり、`def p(g):...` か `p=lambda g:...`というコードが期待されます。
コードはshortcodingのcompetitionに用いるため、アルゴリズムを工夫してできる限り短いコードを生成するよう努めてください。

Example 0:

Input:
0 0 0 0
0 0 0 0
0 0 0 0
0 0 0 0
0 0 0 0
0 0 0 9
0 0 3 9
0 0 3 9
2 0 3 9
2 4 3 9
Output:
2 4 3 9
2 0 3 9
0 0 3 9
0 0 3 9
0 0 0 9
0 0 0 9
0 0 3 9
0 0 3 9
2 0 3 9
2 4 3 9

Example 1:

Input:
0 0 0 0
0 0 0 0
0 0 0 0
0 0 0 0
0 0 0 0
0 0 0 2
0 0 0 2
0 8 0 2
0 3 8 2
3 3 8 2
Output:
3 3 8 2
0 3 8 2
0 8 0 2
0 0 0 2
0 0 0 2
0 0 0 2
0 0 0 2
0 8 0 2
0 3 8 2
3 3 8 2

Example 2:

Input:
0 0 0 0
0 0 0 0
0 0 0 0
0 0 0 0
0 0 0 0
0 1 0 0
7 1 0 0
7 1 3 0
7 1 3 3
7 1 4 4
Output:
7 1 4 4
7 1 3 3
7 1 3 0
7 1 0 0
0 1 0 0
0 1 0 0
7 1 0 0
7 1 3 0
7 1 3 3
7 1 4 4

Example 3:

Input:
0 0 0 0
0 0 0 0
0 0 0 0
0 0 0 0
0 0 0 0
0 7 0 0
6 7 0 0
6 7 0 0
6 7 0 2
6 7 5 2
Output:
6 7 5 2
6 7 0 2
6 7 0 0
6 7 0 0
0 7 0 0
0 7 0 0
6 7 0 0
6 7 0 0
6 7 0 2
6 7 5 2

Example 4:

Input:
0 0 0 0
0 0 0 0
0 0 0 0
0 0 0 0
0 0 0 0
0 0 0 0
0 0 9 2
0 0 9 2
9 1 9 2
9 3 9 2
Output:
9 3 9 2
9 1 9 2
0 0 9 2
0 0 9 2
0 0 0 0
0 0 0 0
0 0 9 2
0 0 9 2
9 1 9 2
9 3 9 2

Example 5:

Input:
0 0 0 0
0 0 0 0
0 0 0 0
0 0 0 0
0 0 0 0
0 5 0 0
3 5 0 0
3 5 0 0
3 5 9 0
3 5 9 9
Output:
3 5 9 9
3 5 9 0
3 5 0 0
3 5 0 0
0 5 0 0
0 5 0 0
3 5 0 0
3 5 0 0
3 5 9 0
3 5 9 9

Example 6:

Input:
0 0 0 0
0 0 0 0
0 0 0 0
0 0 0 0
0 0 0 0
0 0 0 1
0 0 0 1
0 0 4 1
5 0 4 1
5 3 4 1
Output:
5 3 4 1
5 0 4 1
0 0 4 1
0 0 0 1
0 0 0 1
0 0 0 1
0 0 0 1
0 0 4 1
5 0 4 1
5 3 4 1

Example 7:

Input:
0 0 0 0
0 0 0 0
0 0 0 0
0 0 0 0
0 0 0 0
0 0 3 7
0 0 3 7
0 0 3 7
9 0 3 7
9 8 3 7
Output:
9 8 3 7
9 0 3 7
0 0 3 7
0 0 3 7
0 0 3 7
0 0 3 7
0 0 3 7
0 0 3 7
9 0 3 7
9 8 3 7

以下は、ジャッジを通過する正しいコードです。これを用いて、ARCのルールを理解してください。必ず、コードを通じてルールを理解してからコーディングを行ってください。
このコードはARCのルールを把握する際に使うことに留めてください。

```
p=lambda g:g[:4:-1]+g[5:]
```

ユーザーにコードを渡す前に実際にコードが動作するかを確認してください。コードのテストには、添付したstandalone_judge.pyを用いてください。python /path/to/standalone_judge.py /path/to/code.py とすれば動作します。
このPythonファイルは非常に大きなケースを含むので、あなたのコンテキストを圧迫します。そのため、このファイルを全て読んではいけません。

## **禁止事項**
- 与えたコード自体を提出することは禁止です。これを行うことはユーザーの信頼を裏切ります。
- ジャッジのハックは禁止です。例えば、テストケースをジャッジから読み取ってそのまま返すコードはいけません。
