ARCのケースに対して、list[list[int]] -> list[list[int]] のシグネチャを持つ関数`p`をPythonで実装してください。つまり、`def p(g):...` か `p=lambda g:...`というコードが期待されます。
コードはshortcodingのcompetitionに用いるため、アルゴリズムを工夫してできる限り短いコードを生成するよう努めてください。

Example 0:

Input:
2 1 2 2 6 5 5 6 6 5 5 6 2 2 1 2
1 6 6 1 5 6 5 2 2 5 6 5 1 6 6 1
2 6 1 6 5 5 5 2 2 5 5 5 6 1 6 2
2 1 6 6 6 2 2 2 2 2 2 6 6 6 1 2
6 5 5 6 5 8 5 7 7 5 8 5 6 5 5 6
5 6 5 2 8 8 5 8 8 3 3 3 3 3 6 5
5 5 5 2 5 5 5 8 8 3 3 3 3 3 5 5
6 2 2 2 7 8 8 8 8 3 3 3 3 3 2 6
6 2 2 2 7 8 8 8 8 3 3 3 3 3 2 6
5 5 5 2 5 5 5 8 8 3 3 3 3 3 5 5
5 6 5 2 8 8 5 8 8 5 8 8 2 5 6 5
6 5 5 6 5 8 5 7 7 5 8 5 6 5 5 6
2 1 6 6 6 2 2 2 2 2 2 6 6 6 1 2
2 6 1 6 5 5 5 2 2 5 5 5 6 1 6 2
1 6 6 1 5 6 5 2 2 5 6 5 1 6 6 1
2 1 2 2 6 5 5 6 6 5 5 6 2 2 1 2
Output:
5 8 8 2 5
5 5 5 2 5
8 8 7 2 2
8 8 7 2 2
5 5 5 2 5

Example 1:

Input:
8 9 9 3 3 3 3 3 2 2 7 7 8 9 9 8
9 8 9 3 3 3 3 3 2 7 1 7 9 9 8 9
9 9 8 3 3 3 3 3 7 2 7 2 2 8 9 9
8 9 2 3 3 3 3 3 1 7 2 2 9 2 9 8
7 7 2 3 3 3 3 3 7 8 7 2 2 2 7 7
7 1 7 2 7 2 7 7 7 7 2 7 2 7 1 7
2 7 2 7 8 7 2 8 8 2 7 8 7 2 7 2
2 2 7 1 7 7 8 2 2 8 7 7 1 7 2 2
2 2 7 1 7 7 8 2 2 8 7 7 1 7 2 2
2 7 2 7 8 7 2 8 8 2 7 8 7 2 7 2
7 1 7 2 7 2 7 7 7 7 2 7 2 7 1 7
7 7 2 2 2 7 8 7 7 8 7 2 2 2 7 7
8 9 2 9 2 2 7 1 1 7 2 2 9 2 9 8
9 9 8 2 2 7 2 7 7 2 7 2 2 8 9 9
9 8 9 9 7 1 7 2 2 7 1 7 9 9 8 9
8 9 9 8 7 7 2 2 2 2 7 7 8 9 9 8
Output:
8 7 7 2 2
9 7 1 7 2
2 2 7 2 7
9 2 2 7 1
2 2 7 8 7

Example 2:

Input:
2 2 5 2 9 9 9 3 3 3 3 3 2 5 2 2
2 5 4 4 9 5 2 3 3 3 3 3 4 4 5 2
5 4 5 4 9 2 5 3 3 3 3 3 4 5 4 5
2 4 4 4 5 9 5 3 3 3 3 3 4 4 4 2
9 9 9 5 9 6 9 3 3 3 3 3 5 9 9 9
9 5 2 9 6 6 9 9 9 9 6 6 9 2 5 9
9 2 5 5 9 9 7 9 9 7 9 9 5 5 2 9
5 9 5 2 9 9 9 6 6 9 9 9 2 5 9 5
5 9 5 2 9 9 9 6 6 9 9 9 2 5 9 5
9 2 5 5 9 9 7 9 9 7 9 9 5 5 2 9
9 5 2 9 6 6 9 9 9 9 6 6 9 2 5 9
9 9 9 5 9 6 9 9 9 9 6 9 5 9 9 9
2 4 4 4 5 9 5 2 2 5 9 5 4 4 4 2
5 4 5 4 9 2 5 5 5 5 2 9 4 5 4 5
2 5 4 4 9 5 2 9 9 2 5 9 4 4 5 2
2 2 5 2 9 9 9 5 5 9 9 9 2 5 2 2
Output:
5 5 9 9 9
9 9 2 5 9
5 5 5 2 9
2 2 5 9 5
9 9 9 6 9

Example 3:

Input:
5 5 2 5 2 5 5 5 5 5 5 2 5 2 5 5
5 2 2 5 5 5 2 2 2 2 5 5 5 2 2 5
2 2 5 8 5 2 2 5 5 2 2 5 8 5 2 2
5 5 8 5 5 2 5 5 5 5 2 5 5 8 5 5
2 5 5 5 4 6 6 9 3 3 3 3 3 5 5 2
5 5 2 2 6 6 9 9 3 3 3 3 3 2 5 5
5 2 2 5 6 9 6 9 3 3 3 3 3 2 2 5
5 2 5 5 9 9 9 9 3 3 3 3 3 5 2 5
5 2 5 5 9 9 9 9 3 3 3 3 3 5 2 5
5 2 2 5 6 9 6 9 9 6 9 6 5 2 2 5
5 5 2 2 6 6 9 9 9 9 6 6 2 2 5 5
2 5 5 5 4 6 6 9 9 6 6 4 5 5 5 2
5 5 8 5 5 2 5 5 5 5 2 5 5 8 5 5
2 2 5 8 5 2 2 5 5 2 2 5 8 5 2 2
5 2 2 5 5 5 2 2 2 2 5 5 5 2 2 5
5 5 2 5 2 5 5 5 5 5 5 2 5 2 5 5
Output:
9 6 6 4 5
9 9 6 6 2
9 6 9 6 5
9 9 9 9 5
9 9 9 9 5

Example 4:

Input:
4 1 8 3 3 3 3 3 5 5 1 2 8 8 1 4
1 7 5 3 3 3 3 3 2 8 1 5 8 5 7 1
8 5 2 3 3 3 3 3 5 9 2 8 2 2 5 8
8 8 2 3 3 3 3 3 1 7 5 2 1 2 8 8
2 5 8 3 3 3 3 3 2 1 5 8 2 8 5 2
1 1 2 5 5 1 2 4 4 2 1 5 5 2 1 1
5 8 9 7 1 2 5 7 7 5 2 1 7 9 8 5
5 2 5 1 2 4 7 2 2 7 4 2 1 5 2 5
5 2 5 1 2 4 7 2 2 7 4 2 1 5 2 5
5 8 9 7 1 2 5 7 7 5 2 1 7 9 8 5
1 1 2 5 5 1 2 4 4 2 1 5 5 2 1 1
2 5 8 2 8 5 1 2 2 1 5 8 2 8 5 2
8 8 2 1 2 5 7 1 1 7 5 2 1 2 8 8
8 5 2 2 8 2 9 5 5 9 2 8 2 2 5 8
1 7 5 8 5 1 8 2 2 8 1 5 8 5 7 1
4 1 8 8 2 1 5 5 5 5 1 2 8 8 1 4
Output:
8 2 1 5 5
8 5 1 8 2
2 8 2 9 5
1 2 5 7 1
2 8 5 1 2

Example 5:

Input:
2 5 3 3 3 3 3 6 6 2 5 2 1 9 5 2
5 8 3 3 3 3 3 1 1 7 8 9 2 9 8 5
9 9 3 3 3 3 3 7 7 2 6 1 2 5 9 9
1 2 3 3 3 3 3 7 7 6 7 9 6 2 2 1
2 9 3 3 3 3 3 9 9 6 7 7 9 1 9 2
5 8 6 7 7 8 9 8 8 9 8 7 7 6 8 5
2 7 2 6 6 9 4 2 2 4 9 6 6 2 7 2
6 1 7 7 9 8 2 8 8 2 8 9 7 7 1 6
6 1 7 7 9 8 2 8 8 2 8 9 7 7 1 6
2 7 2 6 6 9 4 2 2 4 9 6 6 2 7 2
5 8 6 7 7 8 9 8 8 9 8 7 7 6 8 5
2 9 1 9 7 7 6 9 9 6 7 7 9 1 9 2
1 2 2 6 9 7 6 7 7 6 7 9 6 2 2 1
9 9 5 2 1 6 2 7 7 2 6 1 2 5 9 9
5 8 9 2 9 8 7 1 1 7 8 9 2 9 8 5
2 5 9 1 2 5 2 6 6 2 5 2 1 9 5 2
Output:
9 1 2 5 2
9 2 9 8 7
5 2 1 6 2
2 6 9 7 6
1 9 7 7 6

Example 6:

Input:
2 1 8 3 3 3 3 3 7 7 6 6 4 8 1 2
1 7 4 3 3 3 3 3 7 5 6 2 7 4 7 1
8 4 8 3 3 3 3 3 2 8 8 7 4 8 4 8
4 7 4 3 3 3 3 3 5 9 5 6 6 4 7 4
6 2 7 3 3 3 3 3 1 8 4 2 6 7 2 6
6 6 8 5 4 7 4 7 7 4 7 4 5 8 6 6
7 5 8 9 8 4 9 9 9 9 4 8 9 8 5 7
7 7 2 5 1 7 9 6 6 9 7 1 5 2 7 7
7 7 2 5 1 7 9 6 6 9 7 1 5 2 7 7
7 5 8 9 8 4 9 9 9 9 4 8 9 8 5 7
6 6 8 5 4 7 4 7 7 4 7 4 5 8 6 6
6 2 7 6 2 4 8 1 1 8 4 2 6 7 2 6
4 7 4 6 6 5 9 5 5 9 5 6 6 4 7 4
8 4 8 4 7 8 8 2 2 8 8 7 4 8 4 8
1 7 4 7 2 6 5 7 7 5 6 2 7 4 7 1
2 1 8 4 6 6 7 7 7 7 6 6 4 8 1 2
Output:
4 6 6 7 7
7 2 6 5 7
4 7 8 8 2
6 6 5 9 5
6 2 4 8 1

Example 7:

Input:
1 7 6 5 1 9 2 7 7 2 9 1 5 6 7 1
7 7 4 6 5 4 9 5 5 9 4 5 6 4 7 7
6 3 3 3 3 3 4 4 4 4 6 1 7 1 4 6
5 3 3 3 3 3 8 7 7 8 5 1 1 7 6 5
1 3 3 3 3 3 8 5 5 8 8 6 1 1 5 1
9 3 3 3 3 3 7 6 6 7 9 8 5 6 4 9
2 3 3 3 3 3 5 1 1 5 7 8 8 4 9 2
7 5 4 7 5 6 1 9 9 1 6 5 7 4 5 7
7 5 4 7 5 6 1 9 9 1 6 5 7 4 5 7
2 9 4 8 8 7 5 1 1 5 7 8 8 4 9 2
9 4 6 5 8 9 7 6 6 7 9 8 5 6 4 9
1 5 1 1 6 8 8 5 5 8 8 6 1 1 5 1
5 6 7 1 1 5 8 7 7 8 5 1 1 7 6 5
6 4 1 7 1 6 4 4 4 4 6 1 7 1 4 6
7 7 4 6 5 4 9 5 5 9 4 5 6 4 7 7
1 7 6 5 1 9 2 7 7 2 9 1 5 6 7 1
Output:
4 1 7 1 6
6 7 1 1 5
5 1 1 6 8
4 6 5 8 9
9 4 8 8 7

以下は、ジャッジを通過する正しいコードです。これを用いて、ARCのルールを理解してください。必ず、コードを通じてルールを理解してからコーディングを行ってください。
このコードはARCのルールを把握する際に使うことに留めてください。

```
p=lambda g,R=range(16):[u for i in R if(u:=[g[15-i][15-j]for j in R if g[i][j]==3])]
```

ユーザーにコードを渡す前に実際にコードが動作するかを確認してください。コードのテストには、添付したstandalone_judge.pyを用いてください。python /path/to/standalone_judge.py /path/to/code.py とすれば動作します。
このPythonファイルは非常に大きなケースを含むので、あなたのコンテキストを圧迫します。そのため、このファイルを全て読んではいけません。

## **禁止事項**
- 与えたコード自体を提出することは禁止です。これを行うことはユーザーの信頼を裏切ります。
- ジャッジのハックは禁止です。例えば、テストケースをジャッジから読み取ってそのまま返すコードはいけません。
