ARCのケースに対して、list[list[int]] -> list[list[int]] のシグネチャを持つ関数`p`をPythonで実装してください。つまり、`def p(g):...` か `p=lambda g:...`というコードが期待されます。
コードはshortcodingのcompetitionに用いるため、アルゴリズムを工夫してできる限り短いコードを生成するよう努めてください。

Example 0:

Input:
1 1 1 1 1 1 1 1 1 1 1 1 1 1 1 1 1
1 1 1 1 1 1 1 1 1 1 1 1 1 1 1 1 1
1 1 1 1 1 1 1 1 1 1 1 3 3 1 3 3 1
1 1 1 2 2 2 2 2 1 1 1 3 1 1 1 3 1
1 1 1 2 1 2 1 2 1 1 1 3 3 3 3 3 1
1 1 1 1 1 1 1 2 1 1 1 1 1 3 1 1 1
1 1 1 2 1 2 1 2 1 1 1 3 3 3 3 3 1
1 1 1 2 2 2 2 2 1 1 1 1 1 1 1 1 1
1 1 1 1 1 1 1 1 1 1 1 1 1 1 1 1 1
1 1 1 8 8 8 8 8 8 8 8 8 8 1 1 1 1
1 1 1 8 8 8 8 8 8 8 8 8 8 1 1 1 1
1 1 1 8 8 1 1 8 8 1 1 8 8 1 1 1 1
1 1 1 8 8 1 1 8 8 1 1 8 8 1 1 1 1
1 1 1 1 1 1 1 1 1 1 1 8 8 1 1 1 1
1 1 1 1 1 1 1 1 1 1 1 8 8 1 1 1 1
1 1 1 8 8 1 1 8 8 1 1 8 8 1 1 1 1
1 1 1 8 8 1 1 8 8 1 1 8 8 1 1 1 1
Output:
2 2 2 2 2
2 1 2 1 2
1 1 1 1 2
2 1 2 1 2
2 2 2 2 2

Example 1:

Input:
8 8 8 8 8 8 8 8 8 8 8 8 8 8 8 8 8 8
8 8 8 8 8 8 8 8 8 8 8 8 8 8 8 8 8 8
8 8 8 8 8 8 8 8 8 8 8 8 8 8 8 8 8 8
8 8 8 8 8 8 8 8 8 8 8 8 8 8 8 8 8 8
8 8 8 8 3 8 3 8 8 8 8 8 8 8 8 8 8 8
8 8 8 3 3 3 3 3 8 8 8 8 8 8 8 8 8 8
8 8 8 8 3 8 3 8 8 8 8 8 8 8 8 8 8 8
8 8 8 8 8 8 8 8 8 8 8 8 8 8 8 8 8 8
8 8 8 8 8 8 8 8 8 8 8 8 4 8 8 8 8 8
8 8 8 8 8 8 8 8 8 8 8 4 4 4 8 8 8 8
8 6 6 8 8 8 8 8 8 8 8 8 4 8 8 8 8 8
8 6 6 8 8 8 8 8 8 8 8 4 4 4 8 8 8 8
6 6 6 6 6 8 8 8 8 8 8 8 4 8 8 8 8 8
6 6 6 6 6 8 8 8 8 8 8 8 8 8 8 8 8 8
8 6 6 8 8 8 8 8 8 8 8 8 8 8 8 8 8 8
8 6 6 8 8 8 8 8 8 8 8 8 8 8 8 8 8 8
6 6 6 6 6 8 8 8 8 8 8 8 8 8 8 8 8 8
6 6 6 6 6 8 8 8 8 8 8 8 8 8 8 8 8 8
Output:
8 4 8
4 4 4
8 4 8
4 4 4
8 4 8

Example 2:

Input:
2 2 2 2 2 2 2 2 2 2 2 2 2 2 2 2 2
2 2 2 2 2 2 2 2 2 2 2 2 2 2 2 2 2
2 2 2 2 8 8 8 2 2 2 2 2 2 2 2 2 2
2 2 2 2 8 2 2 2 2 2 2 2 2 2 2 2 2
2 2 2 2 8 8 8 2 2 2 2 2 2 2 2 2 2
2 2 2 2 2 2 8 2 2 2 2 2 2 2 2 2 2
2 2 2 2 8 8 8 2 2 2 2 2 2 2 2 2 2
2 2 2 2 2 2 2 2 2 2 2 2 2 2 2 2 2
2 2 2 2 2 2 2 2 2 2 2 2 2 2 2 2 2
2 2 2 2 2 2 2 2 2 2 2 2 2 2 2 2 2
2 2 2 2 2 2 2 2 3 2 3 2 3 2 2 2 2
2 2 2 2 2 2 2 2 3 3 3 3 3 2 2 2 2
2 2 2 2 2 2 2 2 2 2 3 2 2 2 2 2 2
1 1 1 1 2 2 2 2 2 2 2 2 2 2 2 2 2
1 1 1 1 2 2 2 2 2 2 2 2 2 2 2 2 2
2 2 2 2 2 2 2 2 2 2 2 2 2 2 2 2 2
2 2 2 2 2 2 2 2 2 2 2 2 2 2 2 2 2
1 1 1 1 2 2 2 2 2 2 2 2 2 2 2 2 2
1 1 1 1 2 2 2 2 2 2 2 2 2 2 2 2 2
Output:
8 8 8
8 2 2
8 8 8
2 2 8
8 8 8

Example 3:

Input:
1 1 1 1 1 1 1 1 1 1 1 1 1 1 1 1 1
1 1 1 1 1 1 1 1 1 1 1 1 1 1 1 1 1
1 1 1 1 1 8 1 1 8 1 1 1 1 1 1 1 1
1 1 1 1 1 8 8 8 8 1 1 1 1 1 1 1 1
1 1 1 1 1 8 1 1 8 1 1 1 1 1 1 1 1
1 1 1 1 1 8 8 8 8 1 1 1 1 1 1 1 1
1 1 1 1 1 1 1 1 1 1 1 1 1 1 1 1 1
1 1 1 1 1 1 1 1 1 1 1 1 1 1 1 1 1
1 1 1 1 1 1 1 1 1 1 1 1 1 1 1 1 1
2 2 2 2 2 1 1 1 1 3 3 3 1 1 1 1 1
2 2 2 2 2 1 1 1 3 3 1 3 3 1 1 1 1
2 1 1 2 2 2 2 1 1 3 3 3 1 1 1 1 1
2 1 1 2 2 2 2 1 1 1 1 1 1 1 1 1 1
2 2 2 2 2 1 1 1 1 1 1 1 1 1 1 1 1
2 2 2 2 2 1 1 1 1 1 1 1 1 1 1 1 1
Output:
1 3 3 3 1
3 3 1 3 3
1 3 3 3 1

Example 4:

Input:
3 3 3 3 3 3 3 3 3 3 3 3 3 3 3 3 3 3
3 3 3 3 3 3 3 3 3 3 3 3 3 3 3 3 3 3
3 3 3 3 3 3 3 3 3 1 3 1 1 3 3 3 3 3
3 3 3 3 3 3 3 3 3 1 1 3 1 3 3 3 3 3
3 3 3 3 3 3 3 3 3 1 3 1 1 3 3 3 3 3
3 3 3 6 3 3 3 3 3 3 3 3 3 3 3 3 3 3
3 3 6 6 6 3 3 3 3 3 3 3 3 3 3 3 3 3
3 3 3 6 3 3 3 3 3 3 3 3 3 3 3 3 3 3
3 3 6 6 6 3 3 3 3 3 3 3 3 3 3 3 3 3
3 3 3 3 3 3 3 3 3 3 3 3 3 3 3 3 3 3
3 3 3 3 3 3 3 3 3 3 3 3 3 3 3 3 3 3
3 3 3 3 3 3 3 3 3 3 3 3 3 3 3 3 3 3
3 3 3 3 3 3 3 3 8 8 3 3 3 3 3 3 3 3
3 3 3 3 3 3 3 3 8 8 3 3 3 3 3 3 3 3
3 3 3 3 3 3 8 8 8 8 8 8 3 3 3 3 3 3
3 3 3 3 3 3 8 8 8 8 8 8 3 3 3 3 3 3
3 3 3 3 3 3 3 3 8 8 3 3 3 3 3 3 3 3
3 3 3 3 3 3 3 3 8 8 3 3 3 3 3 3 3 3
Output:
3 6 3
6 6 6
3 6 3
6 6 6

Example 5:

Input:
8 8 8 8 8 8 3 3 8 8 8 8 8 8 8 8 8 8 8
8 8 8 8 8 8 3 3 8 8 8 8 8 8 8 8 8 8 8
8 8 8 8 8 8 8 8 3 3 8 8 8 8 8 8 8 8 8
8 8 8 8 8 8 8 8 3 3 8 8 8 8 8 8 8 8 8
8 8 8 8 8 8 8 8 8 8 8 8 8 8 8 8 8 8 8
8 8 8 8 8 8 8 8 8 8 8 8 8 8 8 8 8 8 8
8 8 8 8 8 8 8 8 8 8 8 8 8 8 8 8 8 8 8
8 6 6 6 8 8 8 8 8 8 8 8 8 8 8 8 8 8 8
6 8 8 8 8 8 8 8 8 8 8 8 8 8 8 8 8 8 8
8 6 8 8 8 8 8 8 8 8 8 8 8 8 8 8 8 8 8
8 8 8 8 8 8 1 1 8 8 8 8 8 8 8 8 8 8 8
8 8 8 8 8 8 8 1 1 8 8 8 8 8 8 8 8 8 8
8 8 8 8 8 1 1 1 8 8 8 8 8 8 8 8 8 8 8
8 8 8 8 8 1 8 8 8 8 8 8 8 8 8 8 8 8 8
8 8 8 8 8 8 8 8 8 8 8 8 8 8 8 8 8 8 8
Output:
8 6 6 6
6 8 8 8
8 6 8 8

Example 6:

Input:
9 9 9 9 9 9 9 9 9 9 9 9 9 9 9
9 9 9 9 9 9 3 9 9 9 9 9 9 9 9
2 2 9 9 9 3 9 3 3 9 9 9 6 9 9
2 2 9 9 9 3 3 3 9 9 9 9 6 9 6
9 9 2 2 2 2 9 9 9 9 9 9 9 6 6
9 9 2 2 2 2 9 9 9 9 9 9 9 9 6
2 2 2 2 9 9 9 9 9 9 9 9 9 9 6
2 2 2 2 9 9 9 9 9 9 9 9 9 9 9
9 9 9 9 9 9 9 9 9 9 9 9 9 9 9
9 9 9 9 9 9 9 9 9 9 9 9 9 9 9
9 9 9 9 9 9 9 9 9 9 9 9 9 9 9
9 9 9 9 9 9 9 9 9 9 9 9 9 9 9
9 9 9 9 9 9 9 9 9 9 9 9 9 9 9
9 9 9 9 9 9 9 9 9 9 9 9 9 9 9
9 9 9 9 9 9 9 9 9 9 9 9 9 9 9
9 9 9 9 9 9 9 9 9 9 9 9 9 9 9
9 9 9 9 9 9 9 9 9 9 9 9 9 9 9
Output:
9 3 9 9
3 9 3 3
3 3 3 9

Example 7:

Input:
6 6 6 6 6 6 6 6 6 6 6 6 6 6 6 6 6
6 6 6 6 6 6 6 6 6 6 6 6 6 6 6 6 6
6 6 6 6 6 6 6 6 6 6 6 6 6 6 6 6 6
6 6 6 6 6 6 6 6 6 6 6 6 6 6 6 6 6
1 1 1 1 6 6 6 6 6 6 6 6 6 6 6 6 6
1 1 1 1 6 6 6 6 6 6 6 6 6 6 6 6 6
6 6 6 6 6 6 6 6 6 6 6 6 6 6 6 6 6
6 6 6 6 6 6 6 6 6 6 6 6 6 6 6 6 6
1 1 1 1 6 6 6 6 6 6 6 6 6 6 6 6 6
1 1 1 1 6 6 6 6 6 6 6 6 6 6 6 6 6
6 6 6 6 6 6 6 5 5 6 6 6 6 6 6 6 6
6 6 6 6 6 6 5 6 6 6 6 6 6 6 6 6 6
6 6 6 6 6 6 6 5 5 6 6 6 6 6 6 6 6
6 6 6 6 6 6 5 6 6 6 6 6 6 6 6 6 6
6 6 6 6 6 6 6 6 6 6 6 6 6 8 6 6 6
6 6 6 6 6 6 6 6 6 6 6 6 6 8 8 6 6
6 6 6 6 6 6 6 6 6 6 6 6 6 6 8 8 6
6 6 6 6 6 6 6 6 6 6 6 6 8 8 6 8 6
Output:
6 5 5
5 6 6
6 5 5
5 6 6

以下は、ジャッジを通過する正しいコードです。これを用いて、ARCのルールを理解してください。必ず、コードを通じてルールを理解してからコーディングを行ってください。
このコードはARCのルールを把握する際に使うことに留めてください。

```
def p(g):
 *C,b=sorted({*sum(g,[])},key=sum(g,[]).count)
 for c in C:
  for y in range(-32,14):
   for x in range(-32,14):
    A=[];B=[];d=[]
    for i in range(len(g)):
     for j in range(len(g[i])):
      if g[i][j]==c:
       A+=[i];B+=[j]
       for k in range(2):
        for l in range(2):
         D=i*2+y+k;E=j*2+x+l
         if len(g)>D>-1<E<len(g[i]):d+=[g[D][E]]
    B,*_,F=sorted(B);A,*_,G=sorted(A)
    if any({*d}=={C[k]}and len(d)==sum(g,[]).count(C[k])for k in range(3)):return[[[b,c][v==c]for v in s[B:F+1]]for s in g[A:G+1]]
```

ユーザーにコードを渡す前に実際にコードが動作するかを確認してください。コードのテストには、添付したjudge.pyを用いてください。python /path/to/judge.py /path/to/code.py /path/to/cases.bin とすれば動作します。

## **禁止事項**
- 与えたコード自体を提出することは禁止です。これを行うことはユーザーの信頼を裏切ります。
- ジャッジのハックは禁止です。例えば、テストケースをジャッジから読み取ってそのまま返すコードはいけません。
