ARCのケースに対して、list[list[int]] -> list[list[int]] のシグネチャを持つ関数`p`をPythonで実装してください。つまり、`def p(g):...` か `p=lambda g:...`というコードが期待されます。
コードはshortcodingのcompetitionに用いるため、アルゴリズムを工夫してできる限り短いコードを生成するよう努めてください。

Example 0:

Input:
0 0 0 0 0 0 0 0 0 0
0 0 0 0 0 0 0 0 0 0
0 0 0 0 0 0 0 0 0 0
0 8 0 0 0 0 8 0 0 0
0 0 0 0 0 0 0 0 0 0
0 0 0 0 0 0 0 0 0 0
0 0 0 0 0 0 0 0 0 0
0 0 0 0 8 0 0 0 0 0
0 0 0 0 0 0 0 0 0 0
0 0 0 0 0 0 8 0 0 0
Output:
0 0 0 0 0 0 0 0 0 0
0 0 0 0 0 0 0 0 0 0
0 0 0 0 0 0 0 0 0 0
0 8 8 8 8 8 8 0 0 0
0 0 0 0 0 0 8 0 0 0
0 0 0 0 0 0 8 0 0 0
0 0 0 0 0 0 8 0 0 0
0 0 0 0 8 0 8 0 0 0
0 0 0 0 0 0 8 0 0 0
0 0 0 0 0 0 8 0 0 0

Example 1:

Input:
0 0 0 0 0 0 0 0 0 0
0 0 0 0 0 0 0 8 0 0
0 0 0 0 0 0 0 0 0 0
0 0 8 0 0 0 0 0 0 0
0 0 0 0 0 0 0 0 0 0
0 0 0 0 0 0 0 0 0 0
0 0 0 0 0 8 0 0 0 8
0 0 0 0 0 0 0 0 0 0
0 0 8 0 0 0 0 0 0 0
0 0 0 0 0 0 0 0 0 0
Output:
0 0 0 0 0 0 0 0 0 0
0 0 0 0 0 0 0 8 0 0
0 0 0 0 0 0 0 0 0 0
0 0 8 0 0 0 0 0 0 0
0 0 8 0 0 0 0 0 0 0
0 0 8 0 0 0 0 0 0 0
0 0 8 0 0 8 8 8 8 8
0 0 8 0 0 0 0 0 0 0
0 0 8 0 0 0 0 0 0 0
0 0 0 0 0 0 0 0 0 0

Example 2:

Input:
0 0 0 0 0 0 0 0 0 0
0 8 0 0 0 8 0 0 0 0
0 0 0 0 0 0 0 0 0 0
0 0 0 0 0 0 0 0 0 0
0 8 0 0 0 0 0 0 0 0
0 0 0 0 0 0 0 0 0 0
0 0 0 0 0 0 0 0 0 0
0 0 0 0 0 8 0 0 0 8
0 0 0 0 0 0 0 0 0 0
0 0 8 0 0 0 0 0 0 0
Output:
0 0 0 0 0 0 0 0 0 0
0 8 8 8 8 8 0 0 0 0
0 8 0 0 0 8 0 0 0 0
0 8 0 0 0 8 0 0 0 0
0 8 0 0 0 8 0 0 0 0
0 0 0 0 0 8 0 0 0 0
0 0 0 0 0 8 0 0 0 0
0 0 0 0 0 8 8 8 8 8
0 0 0 0 0 0 0 0 0 0
0 0 8 0 0 0 0 0 0 0

Example 3:

Input:
0 0 0 0 0 0 0 0 0 0
0 8 0 0 0 0 0 0 0 0
0 0 0 8 0 0 0 0 0 0
0 0 0 0 0 0 0 8 0 0
0 0 0 0 0 0 0 0 0 0
0 8 0 0 0 0 0 0 0 0
0 0 0 0 0 0 0 0 0 0
0 0 0 0 0 0 0 0 0 0
0 0 0 0 8 0 0 8 0 0
0 0 0 0 0 0 0 0 0 0
Output:
0 0 0 0 0 0 0 0 0 0
0 8 0 0 0 0 0 0 0 0
0 8 0 8 0 0 0 0 0 0
0 8 0 0 0 0 0 8 0 0
0 8 0 0 0 0 0 8 0 0
0 8 0 0 0 0 0 8 0 0
0 0 0 0 0 0 0 8 0 0
0 0 0 0 0 0 0 8 0 0
0 0 0 0 8 8 8 8 0 0
0 0 0 0 0 0 0 0 0 0

Example 4:

Input:
0 0 0 0 8 0 0 0 0 8
0 0 0 8 8 0 0 0 0 0
0 0 0 0 0 0 0 0 0 0
8 0 0 0 0 0 0 0 0 0
0 0 0 0 0 0 0 0 0 0
0 0 0 0 0 0 0 0 0 0
0 0 0 0 0 0 0 0 0 0
0 0 0 0 0 0 0 0 0 0
0 0 0 0 0 0 8 0 0 0
0 0 0 0 0 0 0 0 0 0
Output:
0 0 0 0 8 8 8 8 8 8
0 0 0 8 8 0 0 0 0 0
0 0 0 0 0 0 0 0 0 0
8 0 0 0 0 0 0 0 0 0
0 0 0 0 0 0 0 0 0 0
0 0 0 0 0 0 0 0 0 0
0 0 0 0 0 0 0 0 0 0
0 0 0 0 0 0 0 0 0 0
0 0 0 0 0 0 8 0 0 0
0 0 0 0 0 0 0 0 0 0

Example 5:

Input:
0 0 0 0 0 0 0 0 0 0
0 0 0 0 0 0 0 0 0 0
0 0 0 0 0 0 0 0 0 0
0 0 0 0 0 0 0 8 0 0
0 0 0 0 0 0 0 0 0 0
0 0 0 0 0 8 0 0 8 0
0 0 0 0 0 0 0 0 0 0
0 0 0 0 0 0 0 0 0 0
0 0 0 8 0 0 0 0 0 0
0 0 0 0 0 0 0 0 0 0
Output:
0 0 0 0 0 0 0 0 0 0
0 0 0 0 0 0 0 0 0 0
0 0 0 0 0 0 0 0 0 0
0 0 0 0 0 0 0 8 0 0
0 0 0 0 0 0 0 0 0 0
0 0 0 0 0 8 8 8 8 0
0 0 0 0 0 0 0 0 0 0
0 0 0 0 0 0 0 0 0 0
0 0 0 8 0 0 0 0 0 0
0 0 0 0 0 0 0 0 0 0

Example 6:

Input:
0 0 8 0 0 0 0 0 0 0
0 0 0 0 0 0 0 0 0 0
0 0 0 0 0 0 0 0 0 0
0 0 0 0 0 0 0 0 0 0
0 0 0 0 0 0 0 0 0 0
8 0 0 0 0 8 0 0 0 8
8 0 0 0 0 0 0 0 0 0
0 0 8 0 0 0 0 0 0 0
0 0 0 0 0 0 0 0 0 0
0 0 0 0 0 0 0 0 0 0
Output:
0 0 8 0 0 0 0 0 0 0
0 0 8 0 0 0 0 0 0 0
0 0 8 0 0 0 0 0 0 0
0 0 8 0 0 0 0 0 0 0
0 0 8 0 0 0 0 0 0 0
8 8 8 8 8 8 8 8 8 8
8 0 8 0 0 0 0 0 0 0
0 0 8 0 0 0 0 0 0 0
0 0 0 0 0 0 0 0 0 0
0 0 0 0 0 0 0 0 0 0

Example 7:

Input:
0 0 8 0 0 0 0 0 0 8
0 0 0 0 0 8 0 0 0 0
0 0 0 0 0 0 0 0 0 0
0 0 0 0 0 8 0 0 0 0
0 0 0 0 0 0 0 0 0 0
0 0 0 0 0 0 0 0 0 0
0 0 0 0 0 0 0 0 0 0
0 0 0 0 8 0 0 0 0 8
0 8 0 0 0 0 0 0 0 0
0 0 0 0 0 0 0 0 0 8
Output:
0 0 8 8 8 8 8 8 8 8
0 0 0 0 0 8 0 0 0 8
0 0 0 0 0 8 0 0 0 8
0 0 0 0 0 8 0 0 0 8
0 0 0 0 0 0 0 0 0 8
0 0 0 0 0 0 0 0 0 8
0 0 0 0 0 0 0 0 0 8
0 0 0 0 8 8 8 8 8 8
0 8 0 0 0 0 0 0 0 8
0 0 0 0 0 0 0 0 0 8

以下は、ジャッジを通過する正しいコードです。これを用いて、ARCのルールを理解してください。必ず、コードを通じてルールを理解してからコーディングを行ってください。
このコードはARCのルールを把握する際に使うことに留めてください。

```
def p(g):
 B=[(A,C)for(A,B)in enumerate(g)for(C,D)in enumerate(B)if D==8]
 for C in{A for(A,_)in B}:
  A=[B for(A,B)in B if A==C];a,b=min(A),max(A)
  for D in range(a,b+1):g[C][D]=8
 for D in{A for(_,A)in B}:
  A=[A for(A,B)in B if B==D];a,b=min(A),max(A)
  for C in range(a,b+1):g[C][D]=8
 return g
```

ユーザーにコードを渡す前に実際にコードが動作するかを確認してください。コードのテストには、添付したjudge.pyを用いてください。python /path/to/judge.py /path/to/code.py /path/to/cases.bin とすれば動作します。

## **禁止事項**
- 与えたコード自体を提出することは禁止です。これを行うことはユーザーの信頼を裏切ります。
- ジャッジのハックは禁止です。例えば、テストケースをジャッジから読み取ってそのまま返すコードはいけません。
