ARCのケースに対して、list[list[int]] -> list[list[int]] のシグネチャを持つ関数`p`をPythonで実装してください。つまり、`def p(g):...` か `p=lambda g:...`というコードが期待されます。
コードはshortcodingのcompetitionに用いるため、アルゴリズムを工夫してできる限り短いコードを生成するよう努めてください。

Example 0:

Input:
3 3 3 0 0 0 8 8 8
3 3 3 0 0 0 8 5 8
3 3 3 0 0 0 8 8 8
0 0 0 7 5 7 0 0 0
0 0 0 7 7 7 0 0 0
0 0 0 7 7 7 0 0 0
6 6 6 0 0 5 9 9 9
6 6 6 0 0 0 9 9 9
6 5 6 0 5 0 9 9 5
Output:
3 0 8
0 7 0
6 0 9

Example 1:

Input:
0 0 0 2 2 2 0 0 0
0 5 0 2 2 2 0 0 0
0 0 0 2 2 2 0 0 0
5 0 0 0 0 0 0 0 0
0 0 0 5 0 0 0 5 0
0 0 0 0 0 0 0 0 0
0 5 0 7 7 7 0 0 0
0 0 0 7 7 5 0 0 0
0 0 0 7 7 7 0 0 0
Output:
0 2 0
0 0 0
0 7 0

Example 2:

Input:
4 4 4 0 0 0 0 5 0
5 4 4 0 0 0 0 0 0
4 4 4 0 5 0 0 0 0
0 0 0 3 3 3 0 5 0
0 0 0 3 3 3 0 0 0
0 0 0 3 3 3 0 0 0
0 0 5 9 9 9 0 0 0
0 0 0 9 5 9 0 0 0
0 0 0 9 9 9 0 0 0
Output:
4 0 0
0 3 0
0 9 0

Example 3:

Input:
0 0 0 0 0 0 3 5 3
0 0 0 0 0 0 3 3 3
0 0 0 0 0 0 3 3 3
0 0 0 0 0 0 5 0 0
0 0 0 0 0 0 0 0 0
0 0 0 0 0 0 0 0 0
0 0 0 1 1 1 0 0 0
5 0 0 1 1 1 0 0 0
0 0 0 1 1 1 5 0 0
Output:
0 0 3
0 0 0
0 1 0

Example 4:

Input:
0 0 0 6 6 6 0 0 0
0 0 0 6 6 6 0 0 0
0 0 0 6 6 6 0 0 0
0 0 0 0 0 0 4 4 4
0 0 0 0 0 0 4 4 4
0 0 0 0 0 0 4 4 4
0 0 0 0 0 0 5 0 0
0 0 0 0 0 0 0 0 0
0 0 0 0 0 0 0 0 0
Output:
0 6 0
0 0 4
0 0 0

Example 5:

Input:
0 0 0 7 7 7 0 0 0
0 0 0 7 7 7 0 0 5
5 0 0 5 7 7 0 0 0
0 0 0 0 0 0 0 5 0
0 0 0 0 5 0 0 0 0
0 0 0 0 0 0 0 0 0
0 0 0 1 1 1 0 0 0
0 5 0 1 5 1 0 0 0
0 0 0 1 1 1 5 0 0
Output:
0 7 0
0 0 0
0 1 0

Example 6:

Input:
5 2 2 4 4 4 5 1 1
2 2 2 4 4 4 1 1 1
2 2 5 4 4 4 1 1 1
0 0 0 0 0 0 7 7 7
0 5 0 0 0 0 7 5 7
0 5 0 0 0 0 7 7 7
6 6 6 0 0 0 3 3 3
6 6 6 0 0 0 3 3 3
5 6 6 0 0 0 3 3 3
Output:
2 4 1
0 0 7
6 0 3

Example 7:

Input:
0 5 0 7 7 7 9 9 9
0 0 0 7 7 7 5 9 9
0 0 5 7 7 7 9 9 9
5 6 6 1 1 1 4 4 4
5 6 6 1 1 1 4 4 4
6 6 6 1 1 1 5 4 4
3 3 3 8 8 8 2 2 2
3 5 3 8 8 8 2 2 2
3 3 3 8 8 8 2 2 2
Output:
0 7 9
6 1 4
3 8 2

以下は、ジャッジを通過する正しいコードです。これを用いて、ARCのルールを理解してください。必ず、コードを通じてルールを理解してからコーディングを行ってください。
このコードはARCのルールを把握する際に使うことに留めてください。

```
p=lambda g:[[sum({*s[i:i+3]}-{5})for i in(0,3,6)]for s in g[::3]]
```

ユーザーにコードを渡す前に実際にコードが動作するかを確認してください。コードのテストには、添付したjudge.pyを用いてください。python /path/to/judge.py /path/to/code.py /path/to/cases.bin とすれば動作します。

## **禁止事項**
- 与えたコード自体を提出することは禁止です。これを行うことはユーザーの信頼を裏切ります。
- ジャッジのハックは禁止です。例えば、テストケースをジャッジから読み取ってそのまま返すコードはいけません。
