9
_ 1
15
a 24
157 165 210 236 242 277 285 330 356 362 397 405 450 476 482 517 525 570 596 602 639 647 681 727
b 24
159 187 213 248 254 279 307 333 368 374 399 427 453 488 494 519 547 573 608 614 642 655 683 704
g 32
6 51 80 101 109 119 129 180 202 208 217 300 322 328 337 420 442 448 457 540 562 568 577 633 637 663 691 719 742 749 762 773
i 13
36 103 111 121 131 147 219 339 459 579 665 677 693
j 13
65 106 116 124 136 149 222 342 462 582 651 668 698
u 11
143 153 269 273 389 393 509 513 629 660 688
x 12
246 252 264 366 372 384 486 492 504 606 612 624
y 12
234 240 262 354 360 382 474 480 502 594 600 622
0 0 0 1 1 1 1 0 0
0 0 1 1 1 1 1 1 1
0 1 0 1 1 1 1 1 1
1 1 1 0 1 1 1 0 0
1 1 1 1 0 1 1 0 0
1 1 1 1 1 0 1 0 0
1 1 1 1 1 1 0 1 1
0 1 1 0 0 0 1 0 1
0 1 1 0 0 0 1 1 0
