6
n 21
15 157 165 210 236 271 279 324 350 385 393 438 464 499 507 552 578 615 624 659 705
r 20
159 187 213 245 273 301 327 359 387 415 441 473 501 529 555 587 618 632 661 682
f 40
6 51 80 101 109 119 129 180 202 208 217 234 256 294 316 322 331 348 370 408 430 436 445 462 484 522 544 550 559 576 598 609 613 640 669 697 720 727 737 754
i 21
36 103 111 121 131 147 219 243 258 333 357 372 447 471 486 561 585 600 642 655 671
g 13
65 106 116 124 136 149 222 336 450 564 628 645 676
e 11
143 153 263 267 377 381 491 495 605 637 666
0 1 1 1 1 1
1 0 1 1 1 1
1 1 0 1 1 1
1 1 1 0 1 1
1 1 1 1 0 1
1 1 1 1 1 0
