ARCのケースに対して、list[list[int]] -> list[list[int]] のシグネチャを持つ関数`p`をPythonで実装してください。つまり、`def p(g):...` か `p=lambda g:...`というコードが期待されます。
コードはshortcodingのcompetitionに用いるため、アルゴリズムを工夫してできる限り短いコードを生成するよう努めてください。

Example 0:

Input:
0 0 0 0 0 0 0 0 0 0 0 0 0 0 0 0 0 0 0 0 0
0 8 8 8 8 8 8 8 8 7 7 7 7 7 7 7 7 7 7 7 7
0 8 8 8 8 8 8 8 8 7 7 7 7 7 7 7 7 7 7 7 7
0 8 8 8 8 8 8 8 8 7 7 7 7 7 7 7 7 7 7 7 7
0 8 8 8 8 8 8 8 8 7 7 7 7 7 7 7 7 7 7 7 7
0 8 8 8 8 8 8 8 8 7 7 7 7 7 7 7 7 7 7 7 7
0 8 8 8 8 8 8 8 8 7 7 7 7 7 7 7 7 7 7 7 7
0 3 3 3 3 3 3 3 3 4 4 4 4 4 4 1 1 1 1 1 1
0 3 3 3 3 3 3 3 3 4 4 4 4 4 4 1 1 1 1 1 1
0 3 3 3 3 3 3 3 3 4 4 4 4 4 4 1 1 1 1 1 1
0 3 3 3 3 3 3 3 3 4 4 4 4 4 4 1 1 1 1 1 1
0 2 2 2 2 2 2 2 2 5 5 5 5 5 5 5 5 5 5 5 5
0 2 2 2 2 2 2 2 2 5 5 5 5 5 5 5 5 5 5 5 5
0 2 2 2 2 2 2 2 2 5 5 5 5 5 5 5 5 5 5 5 5
0 2 2 2 2 2 2 2 2 5 5 5 5 5 5 5 5 5 5 5 5
0 2 2 2 2 2 2 2 2 5 5 5 5 5 5 5 5 5 5 5 5
0 0 0 0 0 0 0 0 0 0 0 0 0 0 0 0 0 0 0 0 0
0 0 0 0 0 0 0 0 0 0 0 0 0 0 0 0 0 0 0 0 0
0 0 0 0 0 0 0 0 0 0 0 0 0 0 0 0 0 0 0 0 0
0 0 0 0 0 0 0 0 0 0 0 0 0 0 0 0 0 0 0 0 0
0 0 0 0 0 0 0 0 0 0 0 0 0 0 0 0 0 0 0 0 0
Output:
8 7 7
3 4 1
2 5 5

Example 1:

Input:
0 0 0 0 0 0 0 0 0 0 0 0 0 0 0 0 0 0 0 0 0
0 2 2 2 2 2 2 2 8 8 8 8 8 8 8 8 0 0 0 0 0
0 2 2 2 2 2 2 2 8 8 8 8 8 8 8 8 0 0 0 0 0
0 2 2 2 2 2 2 2 8 8 8 8 8 8 8 8 0 0 0 0 0
0 2 2 2 2 2 2 2 8 8 8 8 8 8 8 8 0 0 0 0 0
0 2 2 2 2 2 2 2 8 8 8 8 8 8 8 8 0 0 0 0 0
0 2 2 2 2 2 2 2 8 8 8 8 8 8 8 8 0 0 0 0 0
0 2 2 2 2 2 2 2 8 8 8 8 8 8 8 8 0 0 0 0 0
0 2 2 2 2 2 2 2 8 8 8 8 8 8 8 8 0 0 0 0 0
0 1 1 1 1 1 1 1 4 4 4 4 4 4 4 4 0 0 0 0 0
0 1 1 1 1 1 1 1 4 4 4 4 4 4 4 4 0 0 0 0 0
0 1 1 1 1 1 1 1 4 4 4 4 4 4 4 4 0 0 0 0 0
0 1 1 1 1 1 1 1 4 4 4 4 4 4 4 4 0 0 0 0 0
0 1 1 1 1 1 1 1 4 4 4 4 4 4 4 4 0 0 0 0 0
0 1 1 1 1 1 1 1 4 4 4 4 4 4 4 4 0 0 0 0 0
0 1 1 1 1 1 1 1 4 4 4 4 4 4 4 4 0 0 0 0 0
0 0 0 0 0 0 0 0 0 0 0 0 0 0 0 0 0 0 0 0 0
0 0 0 0 0 0 0 0 0 0 0 0 0 0 0 0 0 0 0 0 0
0 0 0 0 0 0 0 0 0 0 0 0 0 0 0 0 0 0 0 0 0
0 0 0 0 0 0 0 0 0 0 0 0 0 0 0 0 0 0 0 0 0
0 0 0 0 0 0 0 0 0 0 0 0 0 0 0 0 0 0 0 0 0
Output:
2 8
1 4

Example 2:

Input:
0 0 0 0 0 0 0 0 0 0 0 0 0 0 0 0 0 0 0 0 0
0 0 0 0 0 0 0 0 0 0 0 0 0 0 0 0 0 0 0 0 0
0 0 8 8 8 8 8 8 2 2 2 2 2 2 0 0 0 0 0 0 0
0 0 8 8 8 8 8 8 2 2 2 2 2 2 0 0 0 0 0 0 0
0 0 8 8 8 8 8 8 2 2 2 2 2 2 0 0 0 0 0 0 0
0 0 8 8 8 8 8 8 2 2 2 2 2 2 0 0 0 0 0 0 0
0 0 8 8 8 8 8 8 2 2 2 2 2 2 0 0 0 0 0 0 0
0 0 3 3 3 3 3 3 3 3 3 3 3 3 0 0 0 0 0 0 0
0 0 3 3 3 3 3 3 3 3 3 3 3 3 0 0 0 0 0 0 0
0 0 3 3 3 3 3 3 3 3 3 3 3 3 0 0 0 0 0 0 0
0 0 3 3 3 3 3 3 3 3 3 3 3 3 0 0 0 0 0 0 0
0 0 3 3 3 3 3 3 3 3 3 3 3 3 0 0 0 0 0 0 0
0 0 3 3 3 3 3 3 3 3 3 3 3 3 0 0 0 0 0 0 0
0 0 4 4 4 4 4 4 1 1 1 1 1 1 0 0 0 0 0 0 0
0 0 4 4 4 4 4 4 1 1 1 1 1 1 0 0 0 0 0 0 0
0 0 4 4 4 4 4 4 1 1 1 1 1 1 0 0 0 0 0 0 0
0 0 4 4 4 4 4 4 1 1 1 1 1 1 0 0 0 0 0 0 0
0 0 4 4 4 4 4 4 1 1 1 1 1 1 0 0 0 0 0 0 0
0 0 4 4 4 4 4 4 1 1 1 1 1 1 0 0 0 0 0 0 0
0 0 0 0 0 0 0 0 0 0 0 0 0 0 0 0 0 0 0 0 0
0 0 0 0 0 0 0 0 0 0 0 0 0 0 0 0 0 0 0 0 0
Output:
8 2
3 3
4 1

Example 3:

Input:
0 0 0 0 0 0 0 0 0 0 0 0 0 0 0 0 0 0 0 0 0
0 2 2 2 2 2 4 4 4 4 4 4 4 4 1 1 1 1 1 0 0
0 2 2 2 2 2 4 4 4 4 4 4 4 4 1 1 1 1 1 0 0
0 2 2 2 2 2 4 4 4 4 4 4 4 4 1 1 1 1 1 0 0
0 2 2 2 2 2 4 4 4 4 4 4 4 4 1 1 1 1 1 0 0
0 2 2 2 2 2 4 4 4 4 4 4 4 4 1 1 1 1 1 0 0
0 2 2 2 2 2 4 4 4 4 4 4 4 4 1 1 1 1 1 0 0
0 8 8 8 8 8 3 3 3 3 3 3 3 3 8 8 8 8 8 0 0
0 8 8 8 8 8 3 3 3 3 3 3 3 3 8 8 8 8 8 0 0
0 8 8 8 8 8 3 3 3 3 3 3 3 3 8 8 8 8 8 0 0
0 8 8 8 8 8 3 3 3 3 3 3 3 3 8 8 8 8 8 0 0
0 8 8 8 8 8 3 3 3 3 3 3 3 3 8 8 8 8 8 0 0
0 8 8 8 8 8 3 3 3 3 3 3 3 3 8 8 8 8 8 0 0
0 8 8 8 8 8 3 3 3 3 3 3 3 3 8 8 8 8 8 0 0
0 8 8 8 8 8 3 3 3 3 3 3 3 3 8 8 8 8 8 0 0
0 2 2 2 2 2 4 4 4 4 4 4 4 4 2 2 2 2 2 0 0
0 2 2 2 2 2 4 4 4 4 4 4 4 4 2 2 2 2 2 0 0
0 2 2 2 2 2 4 4 4 4 4 4 4 4 2 2 2 2 2 0 0
0 2 2 2 2 2 4 4 4 4 4 4 4 4 2 2 2 2 2 0 0
0 0 0 0 0 0 0 0 0 0 0 0 0 0 0 0 0 0 0 0 0
0 0 0 0 0 0 0 0 0 0 0 0 0 0 0 0 0 0 0 0 0
Output:
2 4 1
8 3 8
2 4 2

Example 4:

Input:
0 0 0 3 3 3 3 9 9 9 9 9 9 9 9 9 0 0 0 0 0
0 0 0 3 3 3 3 9 9 9 9 9 9 9 9 9 0 0 0 0 0
0 0 0 3 3 3 3 9 9 9 9 9 9 9 9 9 0 0 0 0 0
0 0 0 3 3 3 3 9 9 9 9 9 9 9 9 9 0 0 0 0 0
0 0 0 3 3 3 3 9 9 9 9 9 9 9 9 9 0 0 0 0 0
0 0 0 3 3 3 3 9 9 9 9 9 9 9 9 9 0 0 0 0 0
0 0 0 3 3 3 3 9 9 9 9 9 9 9 9 9 0 0 0 0 0
0 0 0 3 3 3 3 9 9 9 9 9 9 9 9 9 0 0 0 0 0
0 0 0 3 3 3 3 9 9 9 9 9 9 9 9 9 0 0 0 0 0
0 0 0 1 1 1 1 6 6 6 6 6 6 6 6 6 0 0 0 0 0
0 0 0 1 1 1 1 6 6 6 6 6 6 6 6 6 0 0 0 0 0
0 0 0 1 1 1 1 6 6 6 6 6 6 6 6 6 0 0 0 0 0
0 0 0 1 1 1 1 6 6 6 6 6 6 6 6 6 0 0 0 0 0
0 0 0 7 7 7 7 4 4 4 4 4 4 4 4 4 0 0 0 0 0
0 0 0 7 7 7 7 4 4 4 4 4 4 4 4 4 0 0 0 0 0
0 0 0 7 7 7 7 4 4 4 4 4 4 4 4 4 0 0 0 0 0
0 0 0 0 0 0 0 0 0 0 0 0 0 0 0 0 0 0 0 0 0
0 0 0 0 0 0 0 0 0 0 0 0 0 0 0 0 0 0 0 0 0
0 0 0 0 0 0 0 0 0 0 0 0 0 0 0 0 0 0 0 0 0
0 0 0 0 0 0 0 0 0 0 0 0 0 0 0 0 0 0 0 0 0
0 0 0 0 0 0 0 0 0 0 0 0 0 0 0 0 0 0 0 0 0
Output:
3 9
1 6
7 4

Example 5:

Input:
0 0 0 0 0 0 0 0 0 0 0 0 0 0 0 0 0 0 0 0 0
0 9 9 9 9 9 9 9 9 9 0 0 0 0 0 0 0 0 0 0 0
0 9 9 9 9 9 9 9 9 9 0 0 0 0 0 0 0 0 0 0 0
0 9 9 9 9 9 9 9 9 9 0 0 0 0 0 0 0 0 0 0 0
0 9 9 9 9 9 9 9 9 9 0 0 0 0 0 0 0 0 0 0 0
0 9 9 9 9 9 9 9 9 9 0 0 0 0 0 0 0 0 0 0 0
0 9 9 9 9 9 9 9 9 9 0 0 0 0 0 0 0 0 0 0 0
0 9 9 9 9 9 9 9 9 9 0 0 0 0 0 0 0 0 0 0 0
0 9 9 9 9 9 9 9 9 9 0 0 0 0 0 0 0 0 0 0 0
0 9 9 9 9 9 9 9 9 9 0 0 0 0 0 0 0 0 0 0 0
0 9 9 9 9 9 9 9 9 9 0 0 0 0 0 0 0 0 0 0 0
0 9 9 9 9 9 9 9 9 9 0 0 0 0 0 0 0 0 0 0 0
0 9 9 9 9 9 9 9 9 9 0 0 0 0 0 0 0 0 0 0 0
0 2 2 2 2 2 2 4 4 4 0 0 0 0 0 0 0 0 0 0 0
0 2 2 2 2 2 2 4 4 4 0 0 0 0 0 0 0 0 0 0 0
0 2 2 2 2 2 2 4 4 4 0 0 0 0 0 0 0 0 0 0 0
0 2 2 2 2 2 2 4 4 4 0 0 0 0 0 0 0 0 0 0 0
0 9 9 9 9 9 9 7 7 7 0 0 0 0 0 0 0 0 0 0 0
0 9 9 9 9 9 9 7 7 7 0 0 0 0 0 0 0 0 0 0 0
0 9 9 9 9 9 9 7 7 7 0 0 0 0 0 0 0 0 0 0 0
0 9 9 9 9 9 9 7 7 7 0 0 0 0 0 0 0 0 0 0 0
Output:
9 9
2 4
9 7

Example 6:

Input:
0 2 2 2 2 2 2 2 1 1 1 1 1 1 1 1 1 1 1 1 0
0 2 2 2 2 2 2 2 1 1 1 1 1 1 1 1 1 1 1 1 0
0 2 2 2 2 2 2 2 1 1 1 1 1 1 1 1 1 1 1 1 0
0 2 2 2 2 2 2 2 1 1 1 1 1 1 1 1 1 1 1 1 0
0 6 6 6 6 6 6 6 7 7 7 7 7 7 7 7 7 7 7 7 0
0 6 6 6 6 6 6 6 7 7 7 7 7 7 7 7 7 7 7 7 0
0 6 6 6 6 6 6 6 7 7 7 7 7 7 7 7 7 7 7 7 0
0 6 6 6 6 6 6 6 7 7 7 7 7 7 7 7 7 7 7 7 0
0 6 6 6 6 6 6 6 7 7 7 7 7 7 7 7 7 7 7 7 0
0 6 6 6 6 6 6 6 7 7 7 7 7 7 7 7 7 7 7 7 0
0 6 6 6 6 6 6 6 7 7 7 7 7 7 7 7 7 7 7 7 0
0 6 6 6 6 6 6 6 7 7 7 7 7 7 7 7 7 7 7 7 0
0 3 3 3 3 3 3 3 7 7 7 7 7 7 7 7 7 7 7 7 0
0 3 3 3 3 3 3 3 7 7 7 7 7 7 7 7 7 7 7 7 0
0 3 3 3 3 3 3 3 7 7 7 7 7 7 7 7 7 7 7 7 0
0 3 3 3 3 3 3 3 7 7 7 7 7 7 7 7 7 7 7 7 0
0 3 3 3 3 3 3 3 7 7 7 7 7 7 7 7 7 7 7 7 0
0 3 3 3 3 3 3 3 7 7 7 7 7 7 7 7 7 7 7 7 0
0 3 3 3 3 3 3 3 7 7 7 7 7 7 7 7 7 7 7 7 0
0 0 0 0 0 0 0 0 0 0 0 0 0 0 0 0 0 0 0 0 0
0 0 0 0 0 0 0 0 0 0 0 0 0 0 0 0 0 0 0 0 0
Output:
2 1
6 7
3 7

Example 7:

Input:
0 0 0 0 0 0 0 0 0 0 0 0 0 0 0 0 0 0 0 0 0
0 0 0 0 0 0 0 0 0 0 0 0 0 0 0 0 0 0 0 0 0
1 1 1 6 6 6 6 6 6 6 6 6 6 6 6 6 6 6 6 6 0
1 1 1 6 6 6 6 6 6 6 6 6 6 6 6 6 6 6 6 6 0
1 1 1 6 6 6 6 6 6 6 6 6 6 6 6 6 6 6 6 6 0
1 1 1 6 6 6 6 6 6 6 6 6 6 6 6 6 6 6 6 6 0
1 1 1 6 6 6 6 6 6 6 6 6 6 6 6 6 6 6 6 6 0
1 1 1 6 6 6 6 6 6 6 6 6 6 6 6 6 6 6 6 6 0
1 1 1 6 6 6 6 6 6 6 6 6 6 6 6 6 6 6 6 6 0
1 1 1 6 6 6 6 6 6 6 6 6 6 6 6 6 6 6 6 6 0
1 1 1 6 6 6 6 6 6 6 6 6 6 6 6 6 6 6 6 6 0
1 1 1 6 6 6 6 6 6 6 6 6 6 6 6 6 6 6 6 6 0
1 1 1 6 6 6 6 6 6 6 6 6 6 6 6 6 6 6 6 6 0
1 1 1 6 6 6 6 6 6 6 6 6 6 6 6 6 6 6 6 6 0
5 5 5 3 3 3 3 3 3 3 1 1 1 1 1 1 1 1 1 1 0
5 5 5 3 3 3 3 3 3 3 1 1 1 1 1 1 1 1 1 1 0
5 5 5 3 3 3 3 3 3 3 1 1 1 1 1 1 1 1 1 1 0
5 5 5 3 3 3 3 3 3 3 1 1 1 1 1 1 1 1 1 1 0
5 5 5 3 3 3 3 3 3 3 1 1 1 1 1 1 1 1 1 1 0
0 0 0 0 0 0 0 0 0 0 0 0 0 0 0 0 0 0 0 0 0
0 0 0 0 0 0 0 0 0 0 0 0 0 0 0 0 0 0 0 0 0
Output:
1 6 6
5 3 1

以下は、ジャッジを通過する正しいコードです。これを用いて、ARCのルールを理解してください。必ず、コードを通じてルールを理解してからコーディングを行ってください。
このコードはARCのルールを把握する際に使うことに留めてください。

```
def p(g):
 for _ in 0,1:*g,=map(list,zip(*[s for(s,t)in zip(g,g[1:]+[0])if(t!=s)*sum(s)]))
 return g
```

ユーザーにコードを渡す前に実際にコードが動作するかを確認してください。コードのテストには、添付したstandalone_judge.pyを用いてください。python /path/to/standalone_judge.py /path/to/code.py とすれば動作します。
このPythonファイルは非常に大きなケースを含むので、あなたのコンテキストを圧迫します。そのため、このファイルを全て読んではいけません。

## **禁止事項**
- 与えたコード自体を提出することは禁止です。これを行うことはユーザーの信頼を裏切ります。
- ジャッジのハックは禁止です。例えば、テストケースをジャッジから読み取ってそのまま返すコードはいけません。
