ARCのケースに対して、list[list[int]] -> list[list[int]] のシグネチャを持つ関数`p`をPythonで実装してください。つまり、`def p(g):...` か `p=lambda g:...`というコードが期待されます。
コードはshortcodingのcompetitionに用いるため、アルゴリズムを工夫してできる限り短いコードを生成するよう努めてください。

Example 0:

Input:
2 2 2 3 0
2 2 2 3 0
2 2 2 3 0
3 3 3 3 0
0 0 0 0 0
Output:
2 2 2 3 2 2 2 3 2 2
2 2 2 3 2 2 2 3 2 2
2 2 2 3 2 2 2 3 2 2
3 3 3 3 2 2 2 3 2 2
2 2 2 2 2 2 2 3 2 2
2 2 2 2 2 2 2 3 2 2
2 2 2 2 2 2 2 3 2 2
3 3 3 3 3 3 3 3 2 2
2 2 2 2 2 2 2 2 2 2
2 2 2 2 2 2 2 2 2 2

Example 1:

Input:
1 1 4 6 0
1 1 4 6 0
4 4 4 6 0
6 6 6 6 0
0 0 0 0 0
Output:
1 1 4 6 1 1 4 6 1 1
1 1 4 6 1 1 4 6 1 1
4 4 4 6 1 1 4 6 1 1
6 6 6 6 1 1 4 6 1 1
1 1 1 1 1 1 4 6 1 1
1 1 1 1 1 1 4 6 1 1
4 4 4 4 4 4 4 6 1 1
6 6 6 6 6 6 6 6 1 1
1 1 1 1 1 1 1 1 1 1
1 1 1 1 1 1 1 1 1 1

Example 2:

Input:
2 3 4 1 6
3 3 4 1 6
4 4 4 1 6
1 1 1 1 6
6 6 6 6 6
Output:
2 3 4 1 6 2 3 4 1 6
3 3 4 1 6 2 3 4 1 6
4 4 4 1 6 2 3 4 1 6
1 1 1 1 6 2 3 4 1 6
6 6 6 6 6 2 3 4 1 6
2 2 2 2 2 2 3 4 1 6
3 3 3 3 3 3 3 4 1 6
4 4 4 4 4 4 4 4 1 6
1 1 1 1 1 1 1 1 1 6
6 6 6 6 6 6 6 6 6 6

Example 3:

Input:
7 7 3 2 2
7 7 3 2 2
3 3 3 2 2
2 2 2 2 2
2 2 2 2 2
Output:
7 7 3 2 2 7 7 3 2 2
7 7 3 2 2 7 7 3 2 2
3 3 3 2 2 7 7 3 2 2
2 2 2 2 2 7 7 3 2 2
2 2 2 2 2 7 7 3 2 2
7 7 7 7 7 7 7 3 2 2
7 7 7 7 7 7 7 3 2 2
3 3 3 3 3 3 3 3 2 2
2 2 2 2 2 2 2 2 2 2
2 2 2 2 2 2 2 2 2 2

Example 4:

Input:
9 9 9 6 0
9 9 9 6 0
9 9 9 6 0
6 6 6 6 0
0 0 0 0 0
Output:
9 9 9 6 9 9 9 6 9 9
9 9 9 6 9 9 9 6 9 9
9 9 9 6 9 9 9 6 9 9
6 6 6 6 9 9 9 6 9 9
9 9 9 9 9 9 9 6 9 9
9 9 9 9 9 9 9 6 9 9
9 9 9 9 9 9 9 6 9 9
6 6 6 6 6 6 6 6 9 9
9 9 9 9 9 9 9 9 9 9
9 9 9 9 9 9 9 9 9 9

Example 5:

Input:
2 4 4 4 4
4 4 4 4 4
4 4 4 4 4
4 4 4 4 4
4 4 4 4 4
Output:
2 4 4 4 4 2 4 4 4 4
4 4 4 4 4 2 4 4 4 4
4 4 4 4 4 2 4 4 4 4
4 4 4 4 4 2 4 4 4 4
4 4 4 4 4 2 4 4 4 4
2 2 2 2 2 2 4 4 4 4
4 4 4 4 4 4 4 4 4 4
4 4 4 4 4 4 4 4 4 4
4 4 4 4 4 4 4 4 4 4
4 4 4 4 4 4 4 4 4 4

Example 6:

Input:
2 1 1 1 7
1 1 1 1 7
1 1 1 1 7
1 1 1 1 7
7 7 7 7 7
Output:
2 1 1 1 7 2 1 1 1 7
1 1 1 1 7 2 1 1 1 7
1 1 1 1 7 2 1 1 1 7
1 1 1 1 7 2 1 1 1 7
7 7 7 7 7 2 1 1 1 7
2 2 2 2 2 2 1 1 1 7
1 1 1 1 1 1 1 1 1 7
1 1 1 1 1 1 1 1 1 7
1 1 1 1 1 1 1 1 1 7
7 7 7 7 7 7 7 7 7 7

Example 7:

Input:
6 6 6 6 0
6 6 6 6 0
6 6 6 6 0
6 6 6 6 0
0 0 0 0 0
Output:
6 6 6 6 6 6 6 6 6 6
6 6 6 6 6 6 6 6 6 6
6 6 6 6 6 6 6 6 6 6
6 6 6 6 6 6 6 6 6 6
6 6 6 6 6 6 6 6 6 6
6 6 6 6 6 6 6 6 6 6
6 6 6 6 6 6 6 6 6 6
6 6 6 6 6 6 6 6 6 6
6 6 6 6 6 6 6 6 6 6
6 6 6 6 6 6 6 6 6 6

以下は、ジャッジを通過する正しいコードです。これを用いて、ARCのルールを理解してください。必ず、コードを通じてルールを理解してからコーディングを行ってください。
このコードはARCのルールを把握する際に使うことに留めてください。

```
R=range(10)
p=lambda g:[[g[0][max(i,j)%(4+(g[0][4]>0))]for j in R]for i in R]
```

ユーザーにコードを渡す前に実際にコードが動作するかを確認してください。コードのテストには、添付したstandalone_judge.pyを用いてください。python /path/to/standalone_judge.py /path/to/code.py とすれば動作します。
このPythonファイルは非常に大きなケースを含むので、あなたのコンテキストを圧迫します。そのため、このファイルを全て読んではいけません。

## **禁止事項**
- 与えたコード自体を提出することは禁止です。これを行うことはユーザーの信頼を裏切ります。
- ジャッジのハックは禁止です。例えば、テストケースをジャッジから読み取ってそのまま返すコードはいけません。
