ARCのケースに対して、list[list[int]] -> list[list[int]] のシグネチャを持つ関数`p`をPythonで実装してください。つまり、`def p(g):...` か `p=lambda g:...`というコードが期待されます。
コードはshortcodingのcompetitionに用いるため、アルゴリズムを工夫してできる限り短いコードを生成するよう努めてください。

Example 0:

Input:
1 0 0 0 0 0 0 0 0 2
0 0 0 0 0 0 0 0 0 0
0 0 0 0 0 0 0 0 0 0
0 0 0 0 0 0 0 0 0 0
0 0 0 0 0 0 0 0 0 0
0 0 0 0 0 0 0 0 0 0
0 0 0 0 0 0 0 0 0 0
0 0 0 0 0 0 0 0 0 0
0 0 0 0 0 0 0 0 0 0
0 0 0 0 0 0 0 0 0 0
Output:
1 0 1 0 1 2 0 2 0 2
0 0 1 0 1 2 0 2 0 0
1 1 1 0 1 2 0 2 2 2
0 0 0 0 1 2 0 0 0 0
1 1 1 1 1 2 2 2 2 2
0 0 0 0 0 0 0 0 0 0
1 1 1 1 1 2 2 2 2 2
0 0 0 0 0 0 0 0 0 0
1 1 1 1 1 2 2 2 2 2
0 0 0 0 0 0 0 0 0 0

Example 1:

Input:
0 0 0 0 0 0 0 0 0 0 0 3
0 0 0 0 0 0 0 0 0 0 0 0
0 0 0 0 0 0 0 0 0 0 0 0
0 0 0 0 0 0 0 0 0 0 0 0
0 0 0 0 0 0 0 0 0 0 0 0
0 0 0 0 0 0 0 0 0 0 0 0
0 0 0 0 0 0 0 0 0 0 0 0
0 0 0 0 0 0 0 0 0 0 0 0
0 0 0 0 0 0 0 0 0 0 0 0
0 0 0 0 0 0 0 0 0 0 0 0
0 0 0 0 0 0 0 0 0 0 0 0
8 0 0 0 0 0 0 0 0 0 0 0
Output:
0 3 0 3 0 3 0 3 0 3 0 3
8 0 0 3 0 3 0 3 0 3 0 0
0 0 0 3 0 3 0 3 0 3 3 3
8 8 8 0 0 3 0 3 0 0 0 0
0 0 0 0 0 3 0 3 3 3 3 3
8 8 8 8 8 0 0 0 0 0 0 0
0 0 0 0 0 0 0 3 3 3 3 3
8 8 8 8 8 0 8 0 0 0 0 0
0 0 0 0 8 0 8 0 0 3 3 3
8 8 8 0 8 0 8 0 8 0 0 0
0 0 8 0 8 0 8 0 8 0 0 3
8 0 8 0 8 0 8 0 8 0 8 0

Example 2:

Input:
2 0 0 0 0 0 0 0 0 0 0 0 0
0 0 0 0 0 0 0 0 0 0 0 0 0
0 0 0 0 0 0 0 0 0 0 0 0 0
0 0 0 0 0 0 0 0 0 0 0 0 0
0 0 0 0 0 0 0 0 0 0 0 0 0
0 0 0 0 0 0 0 0 0 0 0 0 0
0 0 0 0 0 0 0 0 0 0 0 0 0
0 0 0 0 0 0 0 0 0 0 0 0 0
0 0 0 0 0 0 0 0 0 0 0 0 0
0 0 0 0 0 0 0 0 0 0 0 0 0
0 0 0 0 0 0 0 0 0 0 0 0 0
0 0 0 0 0 0 0 0 0 0 0 0 0
4 0 0 0 0 0 0 0 0 0 0 0 0
Output:
2 0 2 0 2 0 2 0 2 0 2 0 2
0 0 2 0 2 0 2 0 2 0 2 0 2
2 2 2 0 2 0 2 0 2 0 2 0 2
0 0 0 0 2 0 2 0 2 0 2 0 2
2 2 2 2 2 0 2 0 2 0 2 0 2
0 0 0 0 0 0 2 0 2 0 2 0 2
0 0 0 0 0 0 0 0 0 0 0 0 0
0 0 0 0 0 0 4 0 4 0 4 0 4
4 4 4 4 4 0 4 0 4 0 4 0 4
0 0 0 0 4 0 4 0 4 0 4 0 4
4 4 4 0 4 0 4 0 4 0 4 0 4
0 0 4 0 4 0 4 0 4 0 4 0 4
4 0 4 0 4 0 4 0 4 0 4 0 4

Example 3:

Input:
1 0 0 0 0 0 2
0 0 0 0 0 0 0
0 0 0 0 0 0 0
0 0 0 0 0 0 0
0 0 0 0 0 0 0
0 0 0 0 0 0 0
8 0 0 0 0 0 0
Output:
1 0 1 0 2 0 2
0 0 1 0 2 0 0
1 1 1 0 2 2 2
0 0 0 0 0 0 0
8 8 8 0 0 2 2
0 0 8 0 8 0 0
8 0 8 0 8 0 0

Example 4:

Input:
4 0 0 0 0 0 0 0 0 0 0 0 0 0 0 0 0
0 0 0 0 0 0 0 0 0 0 0 0 0 0 0 0 0
0 0 0 0 0 0 0 0 0 0 0 0 0 0 0 0 0
0 0 0 0 0 0 0 0 0 0 0 0 0 0 0 0 0
0 0 0 0 0 0 0 0 0 0 0 0 0 0 0 0 0
0 0 0 0 0 0 0 0 0 0 0 0 0 0 0 0 0
0 0 0 0 0 0 0 0 0 0 0 0 0 0 0 0 0
0 0 0 0 0 0 0 0 0 0 0 0 0 0 0 0 0
0 0 0 0 0 0 0 0 0 0 0 0 0 0 0 0 0
0 0 0 0 0 0 0 0 0 0 0 0 0 0 0 0 0
0 0 0 0 0 0 0 0 0 0 0 0 0 0 0 0 0
0 0 0 0 0 0 0 0 0 0 0 0 0 0 0 0 0
0 0 0 0 0 0 0 0 0 0 0 0 0 0 0 0 0
0 0 0 0 0 0 0 0 0 0 0 0 0 0 0 0 0
0 0 0 0 0 0 0 0 0 0 0 0 0 0 0 0 0
0 0 0 0 0 0 0 0 0 0 0 0 0 0 0 0 0
8 0 0 0 0 0 0 0 0 0 0 0 0 0 0 0 1
Output:
4 0 4 0 4 0 4 0 4 0 4 0 4 0 4 0 0
0 0 4 0 4 0 4 0 4 0 4 0 4 0 4 0 0
4 4 4 0 4 0 4 0 4 0 4 0 4 0 0 1 1
0 0 0 0 4 0 4 0 4 0 4 0 4 0 0 0 0
4 4 4 4 4 0 4 0 4 0 4 0 0 1 1 1 1
0 0 0 0 0 0 4 0 4 0 4 0 0 0 0 0 0
4 4 4 4 4 4 4 0 4 0 0 1 1 1 1 1 1
0 0 0 0 0 0 0 0 4 0 0 0 0 0 0 0 0
0 0 0 0 0 0 0 0 0 1 1 1 1 1 1 1 1
0 0 0 0 0 0 0 0 0 0 0 0 0 0 0 0 0
8 8 8 8 8 8 8 0 0 0 1 1 1 1 1 1 1
0 0 0 0 0 0 8 0 0 0 1 0 0 0 0 0 0
8 8 8 8 8 0 8 0 0 0 1 0 1 1 1 1 1
0 0 0 0 8 0 8 0 0 0 1 0 1 0 0 0 0
8 8 8 0 8 0 8 0 0 0 1 0 1 0 1 1 1
0 0 8 0 8 0 8 0 0 0 1 0 1 0 1 0 0
8 0 8 0 8 0 8 0 0 0 1 0 1 0 1 0 1

Example 5:

Input:
1 0 0 0 0 0 0 0 0 0 0 0 0 0
0 0 0 0 0 0 0 0 0 0 0 0 0 0
0 0 0 0 0 0 0 0 0 0 0 0 0 0
0 0 0 0 0 0 0 0 0 0 0 0 0 0
0 0 0 0 0 0 0 0 0 0 0 0 0 0
0 0 0 0 0 0 0 0 0 0 0 0 0 0
0 0 0 0 0 0 0 0 0 0 0 0 0 0
0 0 0 0 0 0 0 0 0 0 0 0 0 0
0 0 0 0 0 0 0 0 0 0 0 0 0 0
0 0 0 0 0 0 0 0 0 0 0 0 0 0
0 0 0 0 0 0 0 0 0 0 0 0 0 0
0 0 0 0 0 0 0 0 0 0 0 0 0 0
0 0 0 0 0 0 0 0 0 0 0 0 0 0
0 0 0 0 0 0 0 0 0 0 0 0 0 9
Output:
1 0 1 0 1 0 1 0 1 0 1 0 1 0
0 0 1 0 1 0 1 0 1 0 1 0 0 9
1 1 1 0 1 0 1 0 1 0 1 0 0 0
0 0 0 0 1 0 1 0 1 0 0 9 9 9
1 1 1 1 1 0 1 0 1 0 0 0 0 0
0 0 0 0 0 0 1 0 0 9 9 9 9 9
1 1 1 1 1 1 1 0 0 0 0 0 0 0
0 0 0 0 0 0 0 9 9 9 9 9 9 9
1 1 1 1 1 0 0 9 0 0 0 0 0 0
0 0 0 0 0 9 0 9 0 9 9 9 9 9
1 1 1 0 0 9 0 9 0 9 0 0 0 0
0 0 0 9 0 9 0 9 0 9 0 9 9 9
1 0 0 9 0 9 0 9 0 9 0 9 0 0
0 9 0 9 0 9 0 9 0 9 0 9 0 9

Example 6:

Input:
9 0 0 0 0 0 0
0 0 0 0 0 0 0
0 0 0 0 0 0 0
0 0 0 0 0 0 0
0 0 0 0 0 0 0
0 0 0 0 0 0 0
7 0 0 0 0 0 8
Output:
9 0 9 0 9 0 0
0 0 9 0 9 0 0
9 9 9 0 0 8 8
0 0 0 0 0 0 0
7 7 7 0 8 8 8
0 0 7 0 8 0 0
7 0 7 0 8 0 8

Example 7:

Input:
7 0 0 0 0 0 0
0 0 0 0 0 0 0
0 0 0 0 0 0 0
0 0 0 0 0 0 0
0 0 0 0 0 0 0
0 0 0 0 0 0 0
4 0 0 0 0 0 3
Output:
7 0 7 0 7 0 0
0 0 7 0 7 0 0
7 7 7 0 0 3 3
0 0 0 0 0 0 0
4 4 4 0 3 3 3
0 0 4 0 3 0 0
4 0 4 0 3 0 3

以下は、ジャッジを通過する正しいコードです。これを用いて、ARCのルールを理解してください。必ず、コードを通じてルールを理解してからコーディングを行ってください。
このコードはARCのルールを把握する際に使うことに留めてください。

```
def p(g):
 h,w=len(g),len(g[0]);s=[(i,j,g[i][j])for i in range(h)for j in range(w)if g[i][j]];o=[[0]*w for _ in range(h)]
 for i in range(h):
  for j in range(w):
   d=[abs(i-x)+abs(j-y)for(x,y,_)in s];m=min(d)
   if d.count(m)==1:
    x,y,v=s[d.index(m)]
    if max(abs(i-x),abs(j-y))%2<1:o[i][j]=v
 return o
```

ユーザーにコードを渡す前に実際にコードが動作するかを確認してください。コードのテストには、添付したjudge.pyを用いてください。python /path/to/judge.py /path/to/code.py /path/to/cases.bin とすれば動作します。

## **禁止事項**
- 与えたコード自体を提出することは禁止です。これを行うことはユーザーの信頼を裏切ります。
- ジャッジのハックは禁止です。例えば、テストケースをジャッジから読み取ってそのまま返すコードはいけません。
