ARCのケースに対して、list[list[int]] -> list[list[int]] のシグネチャを持つ関数`p`をPythonで実装してください。つまり、`def p(g):...` か `p=lambda g:...`というコードが期待されます。
コードはshortcodingのcompetitionに用いるため、アルゴリズムを工夫してできる限り短いコードを生成するよう努めてください。

Example 0:

Input:
0 0 0 0 0 0 0 0 0 0 0 0 0 0 0
0 0 0 0 0 0 0 0 0 0 0 0 0 0 0
2 2 2 2 2 2 2 2 2 2 2 2 2 2 2
0 0 0 0 0 0 0 0 0 0 0 0 0 0 0
0 0 0 0 0 0 0 0 0 0 0 0 0 0 0
1 1 1 1 1 1 1 1 1 1 1 1 1 1 1
0 0 0 0 0 0 0 0 0 0 0 0 0 0 0
0 0 0 0 0 0 0 0 0 0 0 0 0 0 0
3 3 3 3 3 3 3 3 3 3 3 3 3 3 3
0 0 0 0 0 0 0 0 0 0 0 0 0 0 0
0 5 5 5 5 5 5 0 0 0 0 0 0 0 0
0 5 5 5 5 5 5 0 4 4 4 4 4 4 4
0 5 5 5 5 5 5 0 0 0 0 0 0 0 0
0 5 5 5 5 5 5 0 0 0 0 0 0 0 0
0 5 5 5 5 5 5 0 8 8 8 8 8 8 8
0 5 5 5 5 5 5 0 0 0 0 0 0 0 0
0 0 0 0 0 0 0 0 0 0 0 0 0 0 0
6 6 6 6 6 6 6 6 6 6 6 6 6 6 6
Output:
2 2 2 2 2 2
1 1 1 1 1 1
3 3 3 3 3 3
4 4 4 4 4 4
8 8 8 8 8 8
6 6 6 6 6 6

Example 1:

Input:
0 0 0 0 0 2 0 0 4 0
0 5 5 5 0 2 0 0 4 0
0 5 5 5 0 2 0 0 4 0
0 5 5 5 0 2 0 0 4 0
0 0 0 0 0 2 0 0 4 0
0 0 1 0 0 2 0 0 4 0
0 0 1 0 0 2 0 0 4 0
0 0 1 0 0 2 0 0 4 0
0 0 1 0 0 2 0 0 4 0
0 0 1 0 0 2 0 0 4 0
0 0 1 0 0 2 0 0 4 0
0 0 1 0 0 2 0 0 4 0
Output:
1 2 4
1 2 4
1 2 4

Example 2:

Input:
0 0 0 0 0 0 0 0 0 0 0 0
2 2 2 2 2 0 5 5 5 5 0 2
0 0 0 0 0 0 5 5 5 5 0 0
0 0 0 0 0 0 5 5 5 5 0 0
8 8 8 8 8 0 5 5 5 5 0 8
0 0 0 0 0 0 0 0 0 0 0 0
0 0 0 0 0 0 0 0 0 0 0 0
4 4 4 4 4 4 4 4 4 4 4 4
0 0 0 0 0 0 0 0 0 0 0 0
0 0 0 0 0 0 0 0 0 0 0 0
1 1 1 1 1 1 1 1 1 1 1 1
0 0 0 0 0 0 0 0 0 0 0 0
Output:
2 2 2 2
8 8 8 8
4 4 4 4
1 1 1 1

Example 3:

Input:
2 2 2 2 2 2 2 0 0 0 0 0 0 0 0 0 2 2 2
0 0 0 0 0 0 0 0 5 5 5 5 5 5 5 0 0 0 0
0 0 0 0 0 0 0 0 5 5 5 5 5 5 5 0 0 0 0
3 3 3 3 3 3 3 0 5 5 5 5 5 5 5 0 3 3 3
0 0 0 0 0 0 0 0 5 5 5 5 5 5 5 0 0 0 0
0 0 0 0 0 0 0 0 5 5 5 5 5 5 5 0 0 0 0
8 8 8 8 8 8 8 0 5 5 5 5 5 5 5 0 8 8 8
0 0 0 0 0 0 0 0 5 5 5 5 5 5 5 0 0 0 0
0 0 0 0 0 0 0 0 0 0 0 0 0 0 0 0 0 0 0
4 4 4 4 4 4 4 4 4 4 4 4 4 4 4 4 4 4 4
0 0 0 0 0 0 0 0 0 0 0 0 0 0 0 0 0 0 0
0 0 0 0 0 0 0 0 0 0 0 0 0 0 0 0 0 0 0
6 6 6 6 6 6 6 6 6 6 6 6 6 6 6 6 6 6 6
0 0 0 0 0 0 0 0 0 0 0 0 0 0 0 0 0 0 0
0 0 0 0 0 0 0 0 0 0 0 0 0 0 0 0 0 0 0
1 1 1 1 1 1 1 1 1 1 1 1 1 1 1 1 1 1 1
0 0 0 0 0 0 0 0 0 0 0 0 0 0 0 0 0 0 0
0 0 0 0 0 0 0 0 0 0 0 0 0 0 0 0 0 0 0
7 7 7 7 7 7 7 7 7 7 7 7 7 7 7 7 7 7 7
Output:
2 2 2 2 2 2 2
3 3 3 3 3 3 3
8 8 8 8 8 8 8
4 4 4 4 4 4 4
6 6 6 6 6 6 6
1 1 1 1 1 1 1
7 7 7 7 7 7 7

Example 4:

Input:
0 0 0 0 0 0 0 0 0 0 0 0 0 0 0 0 0
0 0 0 0 0 0 0 0 0 0 0 0 0 0 0 0 0
9 9 9 9 9 9 9 9 9 9 9 9 9 9 9 9 9
0 0 0 0 0 0 0 0 0 0 0 0 0 0 0 0 0
0 0 0 0 0 0 0 0 0 0 0 0 0 0 0 0 0
2 2 2 2 2 2 2 2 2 2 2 2 2 2 2 2 2
0 0 0 0 0 0 0 0 0 0 0 0 0 0 0 0 0
0 0 0 0 0 0 0 0 0 0 0 0 0 0 0 0 0
6 6 6 6 6 6 6 6 6 6 6 6 6 6 6 6 6
0 0 0 0 0 0 0 0 0 0 0 0 0 0 0 0 0
0 5 5 5 5 5 0 0 0 0 0 0 0 0 0 0 0
0 5 5 5 5 5 0 1 1 1 1 1 1 1 1 1 1
0 5 5 5 5 5 0 0 0 0 0 0 0 0 0 0 0
0 5 5 5 5 5 0 0 0 0 0 0 0 0 0 0 0
0 5 5 5 5 5 0 3 3 3 3 3 3 3 3 3 3
0 0 0 0 0 0 0 0 0 0 0 0 0 0 0 0 0
0 0 0 0 0 0 0 0 0 0 0 0 0 0 0 0 0
Output:
9 9 9 9 9
2 2 2 2 2
6 6 6 6 6
1 1 1 1 1
3 3 3 3 3

Example 5:

Input:
0 0 2 0 0 9 0 0 6 0
0 0 2 0 0 9 0 0 6 0
0 0 2 0 0 9 0 0 6 0
0 0 2 0 0 9 0 0 6 0
0 0 2 0 0 9 0 0 6 0
0 0 2 0 0 9 0 0 6 0
0 0 0 0 0 9 0 0 6 0
0 5 5 5 0 9 0 0 6 0
0 5 5 5 0 9 0 0 6 0
0 5 5 5 0 9 0 0 6 0
0 0 0 0 0 9 0 0 6 0
0 0 2 0 0 9 0 0 6 0
Output:
2 9 6
2 9 6
2 9 6

Example 6:

Input:
1 0 0 7 0 0 3 0 0 4
1 0 0 7 0 0 3 0 0 4
0 0 0 0 0 0 3 0 0 4
0 5 5 5 5 0 3 0 0 4
0 5 5 5 5 0 3 0 0 4
0 5 5 5 5 0 3 0 0 4
0 5 5 5 5 0 3 0 0 4
0 0 0 0 0 0 3 0 0 4
1 0 0 7 0 0 3 0 0 4
1 0 0 7 0 0 3 0 0 4
1 0 0 7 0 0 3 0 0 4
1 0 0 7 0 0 3 0 0 4
1 0 0 7 0 0 3 0 0 4
Output:
1 7 3 4
1 7 3 4
1 7 3 4
1 7 3 4

Example 7:

Input:
0 0 0 0 0 0 0 0 0 0 0 0 0 0 0
0 5 5 5 5 0 0 0 0 0 0 0 0 0 0
0 5 5 5 5 0 1 1 1 1 1 1 1 1 1
0 5 5 5 5 0 0 0 0 0 0 0 0 0 0
0 5 5 5 5 0 0 0 0 0 0 0 0 0 0
0 0 0 0 0 0 3 3 3 3 3 3 3 3 3
0 0 0 0 0 0 0 0 0 0 0 0 0 0 0
0 0 0 0 0 0 0 0 0 0 0 0 0 0 0
8 8 8 8 8 8 8 8 8 8 8 8 8 8 8
0 0 0 0 0 0 0 0 0 0 0 0 0 0 0
0 0 0 0 0 0 0 0 0 0 0 0 0 0 0
7 7 7 7 7 7 7 7 7 7 7 7 7 7 7
0 0 0 0 0 0 0 0 0 0 0 0 0 0 0
0 0 0 0 0 0 0 0 0 0 0 0 0 0 0
Output:
1 1 1 1
3 3 3 3
8 8 8 8
7 7 7 7

以下は、ジャッジを通過する正しいコードです。これを用いて、ARCのルールを理解してください。必ず、コードを通じてルールを理解してからコーディングを行ってください。
このコードはARCのルールを把握する際に使うことに留めてください。

```
def Z(j,A):return len(set([B[A]for B in j]))
def p(c):
 C=enumerate;k,D=len(c),len(c[0]);l=Z(c,0)+Z(c,-1)<len(set(c[0]))+len(set(c[-1]));c=[[A if A!=5else 0for A in A]for A in c]
 for(A,a)in C(c):
  for(B,e)in C(a):
   if l:c[A][B]=max([c[0][B],c[-1][B]])
   else:c[A][B]=max([c[A][0],c[A][-1]])
 if l:c=[[A for A in A if A>0]for A in c];c=c[:len(c[0])]
 else:c=[A for A in c if sum(A)>0];c=[A[:len(c)]for A in c]
 return c
```

ユーザーにコードを渡す前に実際にコードが動作するかを確認してください。コードのテストには、添付したstandalone_judge.pyを用いてください。python /path/to/standalone_judge.py /path/to/code.py とすれば動作します。
このPythonファイルは非常に大きなケースを含むので、あなたのコンテキストを圧迫します。そのため、このファイルを全て読んではいけません。

## **禁止事項**
- 与えたコード自体を提出することは禁止です。これを行うことはユーザーの信頼を裏切ります。
- ジャッジのハックは禁止です。例えば、テストケースをジャッジから読み取ってそのまま返すコードはいけません。
