ARCのケースに対して、list[list[int]] -> list[list[int]] のシグネチャを持つ関数`p`をPythonで実装してください。つまり、`def p(g):...` か `p=lambda g:...`というコードが期待されます。
コードはshortcodingのcompetitionに用いるため、アルゴリズムを工夫してできる限り短いコードを生成するよう努めてください。

Example 0:

Input:
5 5 5 0 0 0 0 0 0 0 0 0 0 0
8 5 5 0 0 0 0 0 2 2 2 0 0 0
8 8 5 0 0 0 0 0 5 2 5 0 0 0
0 0 2 5 5 0 0 0 5 5 5 0 0 0
0 0 2 2 5 0 0 0 0 0 0 0 0 0
0 0 2 5 5 0 5 5 5 0 0 0 0 0
0 0 0 0 0 0 5 5 5 0 5 5 5 0
0 5 1 1 0 0 5 5 5 0 5 4 5 0
0 5 5 1 0 0 0 0 0 0 4 4 4 0
0 5 5 5 0 0 5 5 3 0 0 0 0 0
0 0 0 0 0 0 5 3 3 0 0 0 0 0
5 5 5 0 0 0 5 5 3 0 6 6 5 0
5 5 9 0 0 0 0 0 0 0 6 5 5 0
5 9 9 0 0 0 0 0 0 0 5 5 5 0
Output:
6 6 5 2 2 2 5 1 1
6 5 5 5 2 5 5 5 1
5 5 5 5 5 5 5 5 5
2 5 5 5 5 5 5 5 3
2 2 5 5 5 5 5 3 3
2 5 5 5 5 5 5 5 3
5 5 5 5 5 5 5 5 5
8 5 5 5 4 5 5 5 9
8 8 5 4 4 4 5 9 9

Example 1:

Input:
0 0 0 0 0 0 0 0 0 0 0 5 5 4
0 5 5 5 0 0 0 0 0 0 0 5 4 4
0 3 5 5 0 5 8 8 0 0 0 5 5 4
0 3 3 5 0 5 5 8 0 0 0 0 0 0
0 0 0 0 0 5 5 5 0 0 0 0 0 0
0 0 0 0 0 0 0 0 0 0 5 5 5 0
0 0 0 0 0 0 0 0 0 0 5 5 9 0
0 0 0 0 0 0 0 0 0 0 5 9 9 0
0 1 1 1 0 0 5 5 5 0 0 0 0 0
0 5 1 5 0 0 5 5 5 0 6 5 5 0
0 5 5 5 0 0 5 5 5 0 6 6 5 0
0 0 0 0 0 0 0 0 0 0 6 5 5 0
0 0 0 0 7 7 5 0 0 0 0 0 0 0
0 0 0 0 7 5 5 0 0 5 5 5 0 0
0 0 0 0 5 5 5 0 0 5 2 5 0 0
0 0 0 0 0 0 0 0 0 2 2 2 0 0
Output:
7 7 5 1 1 1 5 8 8
7 5 5 5 1 5 5 5 8
5 5 5 5 5 5 5 5 5
6 5 5 5 5 5 5 5 4
6 6 5 5 5 5 5 4 4
6 5 5 5 5 5 5 5 4
5 5 5 5 5 5 5 5 5
3 5 5 5 2 5 5 5 9
3 3 5 2 2 2 5 9 9

Example 2:

Input:
0 0 0 0 0 0 0 0 0 0 5 5 5 0 0
0 1 5 5 0 0 0 0 0 0 6 5 5 0 0
0 1 1 5 0 2 2 2 0 0 6 6 5 0 0
0 1 5 5 0 5 2 5 0 0 0 0 0 0 0
0 0 0 0 0 5 5 5 0 0 0 0 0 0 0
0 0 0 0 0 0 0 0 0 0 5 5 5 0 0
0 0 5 5 5 0 0 0 0 0 5 5 5 0 0
0 0 5 8 5 0 5 5 1 0 5 5 5 0 0
0 0 8 8 8 0 5 1 1 0 0 0 0 0 0
0 0 0 0 0 0 5 5 1 0 0 0 0 0 0
0 5 4 4 0 0 0 0 0 0 0 3 3 5 0
0 5 5 4 0 0 0 0 0 0 0 3 5 5 0
0 5 5 5 0 0 5 5 5 0 0 5 5 5 0
0 0 0 0 0 0 5 5 7 0 0 0 0 0 0
0 0 0 0 0 0 5 7 7 0 0 0 0 0 0
0 0 0 0 0 0 0 0 0 0 0 0 0 0 0
Output:
3 3 5 2 2 2 5 4 4
3 5 5 5 2 5 5 5 4
5 5 5 5 5 5 5 5 5
1 5 5 5 5 5 5 5 1
1 1 5 5 5 5 5 1 1
1 5 5 5 5 5 5 5 1
5 5 5 5 5 5 5 5 5
6 5 5 5 8 5 5 5 7
6 6 5 8 8 8 5 7 7

Example 3:

Input:
0 0 0 0 5 5 8 0 1 5 5 0 0 0 0 0
0 0 0 0 5 8 8 0 1 1 5 0 0 0 0 0
0 0 0 0 5 5 8 0 1 5 5 0 0 0 0 0
2 2 5 0 0 0 0 0 0 0 0 0 0 5 3 3
2 5 5 0 0 0 0 0 0 0 0 0 0 5 5 3
5 5 5 0 0 0 0 5 5 5 0 0 0 5 5 5
0 0 0 0 0 0 0 4 5 5 0 0 0 0 0 0
0 0 5 5 5 0 0 4 4 5 0 0 0 0 0 0
0 0 5 5 8 0 0 0 0 0 0 0 0 0 0 0
0 0 5 8 8 0 0 0 0 0 0 0 0 0 0 0
0 0 0 0 0 0 0 0 5 5 5 0 0 5 5 5
0 0 0 0 0 0 0 0 5 2 5 0 0 5 5 5
0 0 0 0 9 9 9 0 2 2 2 0 0 5 5 5
0 0 0 0 5 9 5 0 0 0 0 0 0 0 0 0
0 0 0 0 5 5 5 0 0 0 0 0 0 0 0 0
0 0 0 0 0 0 0 0 0 0 0 0 0 0 0 0
Output:
2 2 5 9 9 9 5 3 3
2 5 5 5 9 5 5 5 3
5 5 5 5 5 5 5 5 5
1 5 5 5 5 5 5 5 8
1 1 5 5 5 5 5 8 8
1 5 5 5 5 5 5 5 8
5 5 5 5 5 5 5 5 5
4 5 5 5 2 5 5 5 8
4 4 5 2 2 2 5 8 8

Example 4:

Input:
0 0 0 0 0 0 0 0 0 0 0 0 5 5 5
5 5 5 0 0 0 0 0 0 0 0 0 9 5 5
5 4 5 0 0 0 0 0 0 0 0 0 9 9 5
4 4 4 0 0 5 5 9 0 0 0 0 0 0 0
0 0 0 0 0 5 9 9 0 0 0 0 0 0 0
7 7 7 0 0 5 5 9 0 5 2 2 0 0 0
5 7 5 0 0 0 0 0 0 5 5 2 0 0 0
5 5 5 0 0 5 5 5 0 5 5 5 0 0 0
0 0 0 0 0 5 5 5 0 0 0 0 0 0 0
0 0 0 0 0 5 5 5 0 0 0 0 0 0 0
0 0 0 0 0 0 0 0 0 0 0 0 5 5 5
0 2 2 5 0 0 0 0 0 0 0 0 5 5 1
0 2 5 5 0 0 0 0 0 0 0 0 5 1 1
0 5 5 5 0 0 4 5 5 0 0 0 0 0 0
0 0 0 0 0 0 4 4 5 0 0 0 0 0 0
0 0 0 0 0 0 4 5 5 0 0 0 0 0 0
Output:
2 2 5 7 7 7 5 2 2
2 5 5 5 7 5 5 5 2
5 5 5 5 5 5 5 5 5
4 5 5 5 5 5 5 5 9
4 4 5 5 5 5 5 9 9
4 5 5 5 5 5 5 5 9
5 5 5 5 5 5 5 5 5
9 5 5 5 4 5 5 5 1
9 9 5 4 4 4 5 1 1

Example 5:

Input:
0 0 0 0 0 0 0 0 0 0 5 5 5 0 0 0
0 0 0 0 0 0 0 0 0 0 5 5 5 0 0 0
0 0 0 0 0 0 0 0 0 0 5 5 5 0 0 0
0 0 0 0 9 9 9 0 0 0 0 0 0 0 0 0
0 0 0 0 5 9 5 0 0 0 0 0 0 0 0 0
5 5 5 0 5 5 5 0 0 2 2 5 0 0 0 0
3 5 5 0 0 0 0 0 0 2 5 5 0 5 5 5
3 3 5 0 0 0 0 0 0 5 5 5 0 5 5 3
0 0 0 0 0 0 0 0 0 0 0 0 0 5 3 3
0 0 0 0 0 5 5 8 0 0 0 0 0 0 0 0
0 0 0 0 0 5 8 8 0 0 0 0 0 0 0 0
0 0 0 0 0 5 5 8 0 0 0 0 0 5 2 2
0 0 0 0 0 0 0 0 0 0 0 0 0 5 5 2
5 5 5 0 0 0 0 0 0 1 5 5 0 5 5 5
5 8 5 0 0 0 0 0 0 1 1 5 0 0 0 0
8 8 8 0 0 0 0 0 0 1 5 5 0 0 0 0
Output:
2 2 5 9 9 9 5 2 2
2 5 5 5 9 5 5 5 2
5 5 5 5 5 5 5 5 5
1 5 5 5 5 5 5 5 8
1 1 5 5 5 5 5 8 8
1 5 5 5 5 5 5 5 8
5 5 5 5 5 5 5 5 5
3 5 5 5 8 5 5 5 3
3 3 5 8 8 8 5 3 3

Example 6:

Input:
0 5 1 1 0 0 0 0 0 0 7 5 5 0 0
0 5 5 1 0 5 5 6 0 0 7 7 5 0 0
0 5 5 5 0 5 6 6 0 0 7 5 5 0 0
0 0 0 0 0 5 5 6 0 0 0 0 0 0 0
0 0 0 0 0 0 0 0 0 0 0 0 0 0 0
0 0 0 0 0 0 7 7 5 0 0 0 0 0 0
0 0 0 0 0 0 7 5 5 0 0 0 5 5 5
0 5 5 5 0 0 5 5 5 0 0 0 5 1 5
0 5 5 5 0 0 0 0 0 0 0 0 1 1 1
0 5 5 5 0 0 0 0 0 0 0 0 0 0 0
0 0 0 0 0 3 3 3 0 0 0 0 0 0 0
5 5 5 0 0 5 3 5 0 5 5 5 0 0 0
3 5 5 0 0 5 5 5 0 5 5 4 0 0 0
3 3 5 0 0 0 0 0 0 5 4 4 0 0 0
0 0 0 0 0 0 0 0 0 0 0 0 0 0 0
Output:
7 7 5 3 3 3 5 1 1
7 5 5 5 3 5 5 5 1
5 5 5 5 5 5 5 5 5
7 5 5 5 5 5 5 5 6
7 7 5 5 5 5 5 6 6
7 5 5 5 5 5 5 5 6
5 5 5 5 5 5 5 5 5
3 5 5 5 1 5 5 5 4
3 3 5 1 1 1 5 4 4

Example 7:

Input:
0 9 9 5 0 0 0 5 5 5 0 9 9 9
0 9 5 5 0 0 0 6 5 5 0 5 9 5
0 5 5 5 0 0 0 6 6 5 0 5 5 5
0 0 0 0 0 0 0 0 0 0 0 0 0 0
0 0 0 0 0 0 0 0 0 0 5 5 3 0
0 0 0 0 0 0 0 0 0 0 5 3 3 0
0 0 0 3 5 5 0 0 0 0 5 5 3 0
0 0 0 3 3 5 0 0 0 0 0 0 0 0
0 0 0 3 5 5 0 0 0 5 5 5 0 0
0 0 0 0 0 0 0 0 0 5 7 5 0 0
0 5 5 5 0 5 3 3 0 7 7 7 0 0
0 5 5 5 0 5 5 3 0 0 0 0 0 0
0 5 5 5 0 5 5 5 0 0 0 0 0 0
0 0 0 0 0 0 0 0 0 0 0 5 5 5
0 0 0 0 0 0 0 0 0 0 0 5 5 8
0 0 0 0 0 0 0 0 0 0 0 5 8 8
Output:
9 9 5 9 9 9 5 3 3
9 5 5 5 9 5 5 5 3
5 5 5 5 5 5 5 5 5
3 5 5 5 5 5 5 5 3
3 3 5 5 5 5 5 3 3
3 5 5 5 5 5 5 5 3
5 5 5 5 5 5 5 5 5
6 5 5 5 7 5 5 5 8
6 6 5 7 7 7 5 8 8

以下は、ジャッジを通過する正しいコードです。これを用いて、ARCのルールを理解してください。必ず、コードを通じてルールを理解してからコーディングを行ってください。
このコードはARCのルールを把握する際に使うことに留めてください。

```
def p(g):
 o=[[5]*9for _ in range(9)]
 for i in range(len(g)-2):
  for j in range(len(g[i])-2):
   for u in range(3*(g[i][j]>0)):o[(1+(g[i+2][j+1]!=5)-(g[i][j+1]!=5))*3+u][(1+(g[i+1][j+2]!=5)-(g[i+1][j]!=5))*3:(1+(g[i+1][j+2]!=5)-(g[i+1][j]!=5))*3+3]=g[i+u][j:j+3]
   for u in range(3*(g[i][j]>0)):g[i+u][j:j+3]=[0]*3
 return o
```

ユーザーにコードを渡す前に実際にコードが動作するかを確認してください。コードのテストには、添付したstandalone_judge.pyを用いてください。python /path/to/standalone_judge.py /path/to/code.py とすれば動作します。
このPythonファイルは非常に大きなケースを含むので、あなたのコンテキストを圧迫します。そのため、このファイルを全て読んではいけません。

## **禁止事項**
- 与えたコード自体を提出することは禁止です。これを行うことはユーザーの信頼を裏切ります。
- ジャッジのハックは禁止です。例えば、テストケースをジャッジから読み取ってそのまま返すコードはいけません。
