12
p 8
0 28 56 70 145 169 225 242
r 5
39 101 119 130 196
m 3
23 87 269
a 3
122 150 229
i 5
14 78 205 253 279
f 7
43 51 80 189 209 220 257
n 7
45 65 83 191 214 237 264
e 4
113 176 248 266
l 3
124 174 246
o 4
111 152 231 259
g 3
164 212 262
d 3
140 207 255
0 1 1 1 1 1 1 1 1 1 1 1
1 0 1 1 1 1 1 1 1 1 1 1
1 1 0 1 1 1 1 1 1 1 1 1
1 1 1 0 1 1 1 1 1 1 1 1
1 1 1 1 0 1 1 1 1 1 1 1
1 1 1 1 1 0 1 1 1 1 1 1
1 1 1 1 1 1 0 1 1 1 1 1
1 1 1 1 1 1 1 0 1 1 1 1
1 1 1 1 1 1 1 1 0 1 1 1
1 1 1 1 1 1 1 1 1 0 1 1
1 1 1 1 1 1 1 1 1 1 0 1
1 1 1 1 1 1 1 1 1 1 1 0
