ARCのケースに対して、list[list[int]] -> list[list[int]] のシグネチャを持つ関数`p`をPythonで実装してください。つまり、`def p(g):...` か `p=lambda g:...`というコードが期待されます。
コードはshortcodingのcompetitionに用いるため、アルゴリズムを工夫してできる限り短いコードを生成するよう努めてください。

Example 0:

Input:
0 0 0 0 0 0 0 0 0 0
0 0 0 0 0 0 0 0 0 0
0 0 0 0 7 7 0 0 0 0
0 0 0 6 8 8 6 0 0 0
0 0 7 8 4 4 8 7 0 0
0 0 7 8 4 4 8 7 0 0
0 0 0 6 8 8 6 0 0 0
0 0 0 0 7 7 0 0 0 0
0 0 0 0 0 0 0 0 0 0
0 0 0 0 0 0 0 0 0 0
Output:
0 0 7
0 6 8
7 8 4

Example 1:

Input:
0 0 0 0 0 0 0 0 0 0
0 1 0 0 0 0 1 0 0 0
0 0 3 6 5 3 0 0 0 0
0 0 5 2 2 6 0 0 0 0
0 0 6 2 2 5 0 0 0 0
0 0 3 5 6 3 0 0 0 0
0 1 0 0 0 0 1 0 0 0
0 0 0 0 0 0 0 0 0 0
0 0 0 0 0 0 0 0 0 0
0 0 0 0 0 0 0 0 0 0
Output:
1 0 0
0 3 6
0 5 2

Example 2:

Input:
0 0 0 0 0 0 0 0 0 0
0 0 0 0 0 0 0 0 0 0
0 0 0 0 0 8 0 0 0 0
0 0 0 4 4 8 4 0 0 0
0 0 8 8 3 3 4 0 0 0
0 0 0 4 3 3 8 8 0 0
0 0 0 4 8 4 4 0 0 0
0 0 0 0 8 0 0 0 0 0
0 0 0 0 0 0 0 0 0 0
0 0 0 0 0 0 0 0 0 0
Output:
0 0 0
0 4 4
8 8 3

Example 3:

Input:
0 0 0 0 0 0 0 0 0 0
0 0 0 0 0 0 0 0 0 0
0 0 0 0 0 0 0 0 0 0
0 4 0 0 8 0 4 0 0 0
0 0 8 7 7 8 0 0 0 0
0 8 7 7 7 7 0 0 0 0
0 0 7 7 7 7 8 0 0 0
0 0 8 7 7 8 0 0 0 0
0 4 0 8 0 0 4 0 0 0
0 0 0 0 0 0 0 0 0 0
Output:
4 0 0
0 8 7
8 7 7

Example 4:

Input:
0 0 0 0 0 0 0 0 0 0
0 0 9 0 0 0 0 9 0 0
0 0 0 5 6 5 5 0 0 0
0 0 0 5 7 7 6 0 0 0
0 0 0 6 7 7 5 0 0 0
0 0 0 5 5 6 5 0 0 0
0 0 9 0 0 0 0 9 0 0
0 0 0 0 0 0 0 0 0 0
0 0 0 0 0 0 0 0 0 0
0 0 0 0 0 0 0 0 0 0
Output:
9 0 0
0 5 6
0 5 7

Example 5:

Input:
0 0 0 0 0 0 0 0 0 0
0 0 9 0 0 0 0 9 0 0
0 0 0 7 9 4 7 0 0 0
0 0 0 4 7 7 9 0 0 0
0 0 0 9 7 7 4 0 0 0
0 0 0 7 4 9 7 0 0 0
0 0 9 0 0 0 0 9 0 0
0 0 0 0 0 0 0 0 0 0
0 0 0 0 0 0 0 0 0 0
0 0 0 0 0 0 0 0 0 0
Output:
9 0 0
0 7 9
0 4 7

Example 6:

Input:
0 0 0 0 0 0 0 0 0 0
0 0 0 0 0 0 0 0 0 0
0 0 0 5 0 0 0 0 0 0
0 0 3 6 6 3 0 0 0 0
0 0 6 5 5 6 5 0 0 0
0 5 6 5 5 6 0 0 0 0
0 0 3 6 6 3 0 0 0 0
0 0 0 0 5 0 0 0 0 0
0 0 0 0 0 0 0 0 0 0
0 0 0 0 0 0 0 0 0 0
Output:
0 0 5
0 3 6
0 6 5

Example 7:

Input:
0 0 0 0 0 0 0 0 0 0
0 0 0 0 0 0 0 0 0 0
0 0 0 0 0 0 0 0 0 0
0 0 5 0 0 3 0 5 0 0
0 0 0 9 9 9 9 0 0 0
0 0 3 9 9 9 9 0 0 0
0 0 0 9 9 9 9 3 0 0
0 0 0 9 9 9 9 0 0 0
0 0 5 0 3 0 0 5 0 0
0 0 0 0 0 0 0 0 0 0
Output:
5 0 0
0 9 9
3 9 9

以下は、ジャッジを通過する正しいコードです。これを用いて、ARCのルールを理解してください。必ず、コードを通じてルールを理解してからコーディングを行ってください。
このコードはARCのルールを把握する際に使うことに留めてください。

```
def p(g):r=[i for(i,r)in enumerate(g)if any(r)];c=[j for(j,c)in enumerate(zip(*g))if any(c)];return[[g[i][j]for j in c[:3]]for i in r[:3]]
```

ユーザーにコードを渡す前に実際にコードが動作するかを確認してください。コードのテストには、添付したstandalone_judge.pyを用いてください。python /path/to/standalone_judge.py /path/to/code.py とすれば動作します。
このPythonファイルは非常に大きなケースを含むので、あなたのコンテキストを圧迫します。そのため、このファイルを全て読んではいけません。

## **禁止事項**
- 与えたコード自体を提出することは禁止です。これを行うことはユーザーの信頼を裏切ります。
- ジャッジのハックは禁止です。例えば、テストケースをジャッジから読み取ってそのまま返すコードはいけません。
