11
A 15
6 40 58 95 109 188 202 281 295 374 388 468 482 596 611
B 6
0 127 220 313 406 500
a 10
134 156 227 249 320 342 413 435 507 529
b 10
145 158 238 251 331 344 424 437 518 531
g 6
20 117 210 303 396 490
i 20
78 90 119 130 171 183 212 223 264 276 305 316 357 369 398 409 451 463 492 503
j 20
82 104 122 141 175 197 215 234 268 290 308 327 361 383 401 420 455 477 495 514
t 5
25 446 551 568 576
u 10
64 74 163 167 256 260 349 353 442 536
x 14
53 84 143 177 236 270 329 363 422 457 516 558 583 591
y 14
35 80 132 173 225 266 318 359 411 453 505 553 578 606
0 1 0 0 1 1 1 1 1 1 1
1 0 0 0 1 1 1 1 1 1 1
0 0 0 1 0 1 1 0 1 1 1
0 0 1 0 0 1 1 0 1 1 1
1 1 0 0 0 1 1 1 1 1 1
1 1 1 1 1 0 1 0 1 1 1
1 1 1 1 1 1 0 0 1 1 1
1 1 0 0 1 0 0 0 1 1 1
1 1 1 1 1 1 1 1 0 1 1
1 1 1 1 1 1 1 1 1 0 1
1 1 1 1 1 1 1 1 1 1 0
