8
a 25
6 40 58 95 109 134 156 188 202 227 249 281 295 320 342 374 388 413 435 468 482 507 529 596 611
i 16
0 127 145 158 220 238 251 313 331 344 406 424 437 500 518 531
o 6
20 117 210 303 396 490
n 25
25 78 90 119 130 171 183 212 223 264 276 305 316 357 369 398 409 446 451 463 492 503 551 568 576
r 20
82 104 122 141 175 197 215 234 268 290 308 327 361 383 401 420 455 477 495 514
t 10
64 74 163 167 256 260 349 353 442 536
e 14
53 84 143 177 236 270 329 363 422 457 516 558 583 591
f 14
35 80 132 173 225 266 318 359 411 453 505 553 578 606
0 1 1 1 1 1 1 1
1 0 1 1 1 1 1 1
1 1 0 1 1 1 1 1
1 1 1 0 1 1 1 1
1 1 1 1 0 1 1 1
1 1 1 1 1 0 1 1
1 1 1 1 1 1 0 1
1 1 1 1 1 1 1 0
