12
C 2
12 71
_ 1
274
b 2
14 265
c 4
66 140 207 365
g 9
6 29 44 100 122 131 167 189 198
i 7
79 85 133 152 200 295 317
j 7
107 136 146 174 203 297 341
key 1
36
s 5
210 268 285 320 344
u 5
57 252 261 315 375
x 6
143 234 241 308 350 357
y 6
76 220 227 306 326 333
0 0 1 1 1 1 1 0 1 1 1 1
0 0 1 0 0 0 0 0 1 0 0 0
1 1 0 1 1 1 1 0 1 1 1 1
1 0 1 0 1 1 1 0 1 1 1 1
1 0 1 1 0 1 1 0 1 1 1 1
1 0 1 1 1 0 1 0 1 1 1 1
1 0 1 1 1 1 0 0 1 1 1 1
0 0 0 0 0 0 0 0 0 0 0 0
1 1 1 1 1 1 1 0 0 1 1 1
1 0 1 1 1 1 1 0 1 0 1 1
1 0 1 1 1 1 1 0 1 1 0 1
1 0 1 1 1 1 1 0 1 1 1 0
