ARCのケースに対して、list[list[int]] -> list[list[int]] のシグネチャを持つ関数`p`をPythonで実装してください。つまり、`def p(g):...` か `p=lambda g:...`というコードが期待されます。
コードはshortcodingのcompetitionに用いるため、アルゴリズムを工夫してできる限り短いコードを生成するよう努めてください。

Example 0:

Input:
0 0 1 0 0 0 0 0 0 0
0 0 0 0 0 0 1 0 0 0
0 2 0 0 0 0 0 0 0 2
0 0 0 0 0 0 0 0 0 0
0 0 0 0 0 0 0 0 0 0
5 5 5 5 5 5 5 5 5 5
0 0 0 0 0 0 0 0 0 0
0 0 0 0 0 0 0 0 0 0
0 1 0 0 0 2 0 0 1 0
0 0 0 0 0 0 0 0 0 0
Output:
0 0 1 0 0 0 1 0 0 0
0 0 0 0 0 0 1 0 0 0
0 2 0 0 0 0 0 0 0 2
0 2 0 0 0 0 0 0 0 2
0 2 0 0 0 0 0 0 0 2
5 5 5 5 5 5 5 5 5 5
0 0 0 0 0 2 0 0 0 0
0 0 0 0 0 2 0 0 0 0
0 1 0 0 0 2 0 0 1 0
0 1 0 0 0 0 0 0 1 0

Example 1:

Input:
0 2 0 1 0 0 0 0 0 0
0 0 0 0 0 2 0 1 0 0
0 0 0 0 0 0 0 0 0 0
5 5 5 5 5 5 5 5 5 5
0 0 0 0 0 0 0 0 0 0
0 2 0 0 0 0 0 0 0 2
0 0 0 0 1 0 0 0 0 0
0 0 0 0 0 0 0 0 0 0
0 0 1 0 0 0 2 0 1 0
0 0 0 0 0 0 0 0 0 0
Output:
0 2 0 1 0 0 0 1 0 0
0 2 0 0 0 2 0 1 0 0
0 2 0 0 0 2 0 0 0 0
5 5 5 5 5 5 5 5 5 5
0 2 0 0 0 0 2 0 0 2
0 2 0 0 0 0 2 0 0 2
0 0 0 0 1 0 2 0 0 0
0 0 0 0 1 0 2 0 0 0
0 0 1 0 1 0 2 0 1 0
0 0 1 0 1 0 0 0 1 0

Example 2:

Input:
0 0 0 0 0 0 0 0 0 0
0 2 0 1 0 0 0 0 2 0
0 0 0 0 0 0 1 0 0 0
0 0 0 0 0 0 0 0 0 0
5 5 5 5 5 5 5 5 5 5
0 0 0 0 0 0 0 0 0 0
0 0 0 0 0 0 0 0 0 0
0 0 1 0 0 2 0 0 0 0
2 0 0 0 0 0 0 0 0 0
0 0 0 0 0 0 0 0 1 0
Output:
0 0 0 1 0 0 1 0 0 0
0 2 0 1 0 0 1 0 2 0
0 2 0 0 0 0 1 0 2 0
0 2 0 0 0 0 0 0 2 0
5 5 5 5 5 5 5 5 5 5
2 0 0 0 0 2 0 0 0 0
2 0 0 0 0 2 0 0 0 0
2 0 1 0 0 2 0 0 0 0
2 0 1 0 0 0 0 0 0 0
0 0 1 0 0 0 0 0 1 0

Example 3:

Input:
1 0 0 0 0 0 0 0 0 0
0 0 1 0 0 1 0 0 0 0
0 0 0 0 0 0 0 0 0 0
5 5 5 5 5 5 5 5 5 5
0 0 0 0 0 0 0 0 0 0
1 1 0 0 0 0 0 0 0 0
0 0 0 0 0 0 0 0 0 0
0 0 0 0 0 0 0 0 0 0
0 0 0 0 0 0 0 0 1 0
0 0 0 0 0 0 0 0 0 1
Output:
1 0 1 0 0 1 0 0 0 0
0 0 1 0 0 1 0 0 0 0
0 0 0 0 0 0 0 0 0 0
5 5 5 5 5 5 5 5 5 5
0 0 0 0 0 0 0 0 0 0
1 1 0 0 0 0 0 0 0 0
1 1 0 0 0 0 0 0 0 0
1 1 0 0 0 0 0 0 0 0
1 1 0 0 0 0 0 0 1 0
1 1 0 0 0 0 0 0 1 1

Example 4:

Input:
2 0 0 1 0 0 0 2 2 0
0 0 2 0 0 0 0 0 0 1
0 0 0 0 0 0 0 0 0 0
5 5 5 5 5 5 5 5 5 5
0 0 0 0 0 0 0 0 0 0
0 0 0 0 0 2 0 0 1 0
0 0 0 0 0 0 0 2 0 0
0 2 2 0 0 0 2 0 0 1
0 0 0 0 0 0 0 0 0 0
0 0 0 2 0 0 0 0 0 0
Output:
2 0 0 1 0 0 0 2 2 1
2 0 2 0 0 0 0 2 2 1
2 0 2 0 0 0 0 2 2 0
5 5 5 5 5 5 5 5 5 5
0 2 2 2 0 2 2 2 0 0
0 2 2 2 0 2 2 2 1 0
0 2 2 2 0 0 2 2 1 0
0 2 2 2 0 0 2 0 1 1
0 0 0 2 0 0 0 0 1 1
0 0 0 2 0 0 0 0 1 1

Example 5:

Input:
1 0 0 0 1 2 0 0 0 0
0 0 1 0 0 0 2 0 2 0
0 0 0 0 0 0 0 0 0 0
5 5 5 5 5 5 5 5 5 5
0 0 0 0 0 0 0 0 0 0
0 0 0 0 0 0 0 0 0 0
0 0 0 0 0 0 0 1 0 0
1 0 0 0 2 0 0 0 1 0
0 0 0 0 0 0 2 0 0 0
0 2 0 0 0 0 0 0 0 2
Output:
1 0 1 0 1 2 0 0 0 0
0 0 1 0 0 2 2 0 2 0
0 0 0 0 0 2 2 0 2 0
5 5 5 5 5 5 5 5 5 5
0 2 0 0 2 0 2 0 0 2
0 2 0 0 2 0 2 0 0 2
0 2 0 0 2 0 2 1 0 2
1 2 0 0 2 0 2 1 1 2
1 2 0 0 0 0 2 1 1 2
1 2 0 0 0 0 0 1 1 2

Example 6:

Input:
0 0 0 0 0 0 0 0 0 0
0 0 0 1 0 0 0 0 0 0
0 0 2 0 0 0 2 0 0 0
0 0 0 0 0 0 0 0 0 0
0 0 0 0 0 0 0 0 0 0
5 5 5 5 5 5 5 5 5 5
0 0 0 0 0 0 0 0 0 0
0 0 0 0 0 0 0 1 2 0
0 0 1 0 0 0 0 0 0 1
0 0 0 0 1 0 2 0 0 0
Output:
0 0 0 1 0 0 0 0 0 0
0 0 0 1 0 0 0 0 0 0
0 0 2 0 0 0 2 0 0 0
0 0 2 0 0 0 2 0 0 0
0 0 2 0 0 0 2 0 0 0
5 5 5 5 5 5 5 5 5 5
0 0 0 0 0 0 2 0 2 0
0 0 0 0 0 0 2 1 2 0
0 0 1 0 0 0 2 1 0 1
0 0 1 0 1 0 2 1 0 1

Example 7:

Input:
0 0 0 0 0 0 0 0 2 0
1 0 0 0 0 0 0 0 0 0
0 0 0 0 1 0 0 0 0 0
0 0 0 0 0 2 2 0 0 0
0 0 1 0 0 0 0 0 0 0
0 0 0 0 0 0 0 0 0 0
5 5 5 5 5 5 5 5 5 5
0 0 0 0 0 0 0 0 0 0
2 0 0 0 0 0 0 0 0 0
0 0 0 0 0 0 2 2 0 0
Output:
1 0 1 0 1 0 0 0 2 0
1 0 1 0 1 0 0 0 2 0
0 0 1 0 1 0 0 0 2 0
0 0 1 0 0 2 2 0 2 0
0 0 1 0 0 2 2 0 2 0
0 0 0 0 0 2 2 0 2 0
5 5 5 5 5 5 5 5 5 5
2 0 0 0 0 0 2 2 0 0
2 0 0 0 0 0 2 2 0 0
0 0 0 0 0 0 2 2 0 0

以下は、ジャッジを通過する正しいコードです。これを用いて、ARCのルールを理解してください。必ず、コードを通じてルールを理解してからコーディングを行ってください。
このコードはARCのルールを把握する際に使うことに留めてください。

```
def p(g):
 n=len(g);b=next(i for(i,r)in enumerate(g)if r[0]==5)
 for(i,r)in enumerate(g):
  for(j,v)in enumerate(r):
   if 0<v<5:
    if v^1:a=range(i+1,b)if i<b else range(b+1,i)
    else:a=range(i)if i<b else range(i+1,n)
    for k in a:g[k][j]=v
 return g
```

ユーザーにコードを渡す前に実際にコードが動作するかを確認してください。コードのテストには、添付したjudge.pyを用いてください。python /path/to/judge.py /path/to/code.py /path/to/cases.bin とすれば動作します。

## **禁止事項**
- 与えたコード自体を提出することは禁止です。これを行うことはユーザーの信頼を裏切ります。
- ジャッジのハックは禁止です。例えば、テストケースをジャッジから読み取ってそのまま返すコードはいけません。
