ARCのケースに対して、list[list[int]] -> list[list[int]] のシグネチャを持つ関数`p`をPythonで実装してください。つまり、`def p(g):...` か `p=lambda g:...`というコードが期待されます。
コードはshortcodingのcompetitionに用いるため、アルゴリズムを工夫してできる限り短いコードを生成するよう努めてください。

Example 0:

Input:
0 0 0 0 0 0 0 0 0 0 8 0 0 0 0 0 0 0 0 0 0 0 0
0 0 0 0 0 0 0 0 0 0 8 0 0 0 0 0 8 0 0 0 0 0 0
0 0 0 0 0 0 0 0 0 0 8 0 0 0 0 0 8 0 0 0 0 0 0
0 0 0 0 0 0 8 0 0 0 8 0 0 0 0 0 8 0 0 0 0 0 0
0 0 0 8 8 8 8 8 8 8 8 8 8 0 0 0 8 0 0 0 0 0 0
0 0 0 0 0 0 8 0 0 0 8 0 0 0 0 0 8 0 0 0 8 0 0
0 0 0 0 0 0 8 0 0 0 8 0 0 0 0 0 8 0 0 0 8 0 0
0 0 0 0 0 0 8 0 0 0 8 0 0 0 0 0 8 0 0 0 8 0 0
0 0 0 8 8 8 8 8 8 8 8 8 8 8 8 8 8 8 8 8 8 8 0
0 0 0 0 0 0 8 0 0 0 8 0 0 0 0 0 8 0 0 0 8 0 0
0 0 0 0 0 0 8 0 0 0 8 0 0 0 0 0 8 0 0 0 8 0 0
0 0 0 0 0 0 8 0 0 0 0 0 0 0 0 0 8 0 0 0 8 0 0
0 0 0 0 0 0 8 0 0 0 0 0 0 0 0 0 8 0 0 0 0 0 0
0 0 0 0 0 0 8 0 0 0 0 0 0 0 0 0 8 0 0 0 0 0 0
0 0 0 0 0 0 8 0 0 0 0 0 0 0 0 0 8 0 0 0 0 0 0
8 8 8 8 8 8 8 8 8 8 8 8 8 8 8 8 8 8 0 0 0 0 0
0 0 0 0 0 0 8 0 0 0 0 0 0 8 0 0 8 0 0 0 0 0 0
0 0 0 0 0 0 8 0 0 0 0 0 0 8 0 0 8 0 0 0 0 0 0
0 0 0 0 0 0 8 0 0 0 0 0 0 8 0 0 8 0 0 0 0 0 0
0 0 0 0 0 0 8 0 0 0 0 0 8 8 8 8 8 8 8 8 8 0 0
0 0 0 0 0 0 0 0 0 0 0 0 0 8 0 0 8 0 0 0 0 0 0
0 0 0 0 0 0 0 0 0 0 0 0 0 8 0 0 8 0 0 0 0 0 0
0 0 0 0 0 0 0 0 0 0 0 0 0 0 0 0 0 0 0 0 0 0 0
Output:
3 3 3 3 3 3 3 3 3 3 8 3 3 3 3 3 3 3 3 3 3 3 3
3 3 3 3 3 3 3 3 3 3 8 3 3 3 3 3 8 3 3 3 3 3 3
3 3 3 3 3 3 3 3 3 3 8 3 3 3 3 3 8 3 3 3 3 3 3
3 3 3 3 3 3 8 3 3 3 8 3 3 3 3 3 8 3 3 3 3 3 3
3 3 3 8 8 8 8 8 8 8 8 8 8 3 3 3 8 3 3 3 3 3 3
3 3 3 3 3 3 8 2 2 2 8 3 3 3 3 3 8 3 3 3 8 3 3
3 3 3 3 3 3 8 2 2 2 8 3 3 3 3 3 8 3 3 3 8 3 3
3 3 3 3 3 3 8 2 2 2 8 3 3 3 3 3 8 3 3 3 8 3 3
3 3 3 8 8 8 8 8 8 8 8 8 8 8 8 8 8 8 8 8 8 8 3
3 3 3 3 3 3 8 2 2 2 8 2 2 2 2 2 8 3 3 3 8 3 3
3 3 3 3 3 3 8 2 2 2 8 2 2 2 2 2 8 3 3 3 8 3 3
3 3 3 3 3 3 8 2 2 2 2 2 2 2 2 2 8 3 3 3 8 3 3
3 3 3 3 3 3 8 2 2 2 2 2 2 2 2 2 8 3 3 3 3 3 3
3 3 3 3 3 3 8 2 2 2 2 2 2 2 2 2 8 3 3 3 3 3 3
3 3 3 3 3 3 8 2 2 2 2 2 2 2 2 2 8 3 3 3 3 3 3
8 8 8 8 8 8 8 8 8 8 8 8 8 8 8 8 8 8 3 3 3 3 3
3 3 3 3 3 3 8 3 3 3 3 3 3 8 2 2 8 3 3 3 3 3 3
3 3 3 3 3 3 8 3 3 3 3 3 3 8 2 2 8 3 3 3 3 3 3
3 3 3 3 3 3 8 3 3 3 3 3 3 8 2 2 8 3 3 3 3 3 3
3 3 3 3 3 3 8 3 3 3 3 3 8 8 8 8 8 8 8 8 8 3 3
3 3 3 3 3 3 3 3 3 3 3 3 3 8 3 3 8 3 3 3 3 3 3
3 3 3 3 3 3 3 3 3 3 3 3 3 8 3 3 8 3 3 3 3 3 3
3 3 3 3 3 3 3 3 3 3 3 3 3 3 3 3 3 3 3 3 3 3 3

Example 1:

Input:
0 0 0 0 0 0 0 0 0 0 0 0 0 0 0 0 0 0 0 0 0 0 0 0 0
0 0 0 0 1 0 0 0 0 0 0 0 0 0 0 0 1 0 0 0 0 0 0 0 0
0 0 0 0 1 0 0 0 0 0 0 0 0 0 0 0 1 0 0 0 0 0 0 0 0
1 1 1 1 1 1 1 1 1 1 1 1 1 1 1 1 1 1 1 1 1 1 1 1 1
0 0 0 0 1 0 0 0 0 0 1 0 0 0 0 0 1 0 0 0 0 0 0 0 0
0 0 0 0 1 0 0 0 0 0 1 0 0 0 0 0 1 0 0 0 0 0 0 0 0
0 0 0 0 1 0 0 0 0 0 1 0 0 0 0 0 1 0 0 0 0 0 0 0 0
0 0 0 0 1 0 0 0 1 1 1 1 1 1 1 1 1 1 1 1 0 0 0 0 0
0 0 0 0 1 0 0 0 0 0 1 0 0 0 0 0 1 0 0 0 0 0 0 0 0
0 0 0 0 1 0 0 0 0 0 1 0 0 0 0 0 1 0 0 0 0 0 0 0 0
0 0 0 0 1 0 0 0 0 0 1 0 0 0 0 0 1 0 0 0 0 0 0 0 0
0 0 0 0 1 0 0 0 0 0 1 0 0 0 0 0 1 0 0 0 0 0 0 0 0
0 1 1 1 1 1 1 1 1 1 1 1 1 0 0 0 1 0 0 0 0 0 0 0 0
0 0 0 0 1 0 0 0 0 0 1 0 0 0 0 0 1 0 0 0 0 0 0 0 0
0 0 0 0 1 0 0 0 0 0 1 0 0 0 0 0 1 0 0 0 0 0 0 0 0
0 0 0 0 1 0 0 0 0 0 1 0 0 0 0 0 1 0 0 0 0 0 0 0 0
0 0 0 0 1 0 0 0 0 0 1 0 0 0 1 1 1 1 1 1 1 0 0 0 0
0 0 0 0 1 0 0 0 0 0 1 0 0 0 0 0 1 0 0 0 0 0 0 0 0
0 0 0 0 1 0 0 0 0 0 1 0 0 0 0 0 1 0 0 0 0 0 0 0 0
0 0 0 0 0 0 0 0 0 0 1 0 0 0 0 0 1 0 0 0 0 0 0 0 0
0 0 0 0 0 0 0 0 0 0 0 0 0 0 0 0 0 0 0 0 0 0 0 0 0
0 0 0 0 0 0 0 0 0 0 0 0 0 0 0 0 0 0 0 0 0 0 0 0 0
Output:
3 3 3 3 3 3 3 3 3 3 3 3 3 3 3 3 3 3 3 3 3 3 3 3 3
3 3 3 3 1 3 3 3 3 3 3 3 3 3 3 3 1 3 3 3 3 3 3 3 3
3 3 3 3 1 3 3 3 3 3 3 3 3 3 3 3 1 3 3 3 3 3 3 3 3
1 1 1 1 1 1 1 1 1 1 1 1 1 1 1 1 1 1 1 1 1 1 1 1 1
3 3 3 3 1 2 2 2 2 2 1 2 2 2 2 2 1 3 3 3 3 3 3 3 3
3 3 3 3 1 2 2 2 2 2 1 2 2 2 2 2 1 3 3 3 3 3 3 3 3
3 3 3 3 1 2 2 2 2 2 1 2 2 2 2 2 1 3 3 3 3 3 3 3 3
3 3 3 3 1 2 2 2 1 1 1 1 1 1 1 1 1 1 1 1 3 3 3 3 3
3 3 3 3 1 2 2 2 2 2 1 3 3 3 3 3 1 3 3 3 3 3 3 3 3
3 3 3 3 1 2 2 2 2 2 1 3 3 3 3 3 1 3 3 3 3 3 3 3 3
3 3 3 3 1 2 2 2 2 2 1 3 3 3 3 3 1 3 3 3 3 3 3 3 3
3 3 3 3 1 2 2 2 2 2 1 3 3 3 3 3 1 3 3 3 3 3 3 3 3
3 1 1 1 1 1 1 1 1 1 1 1 1 3 3 3 1 3 3 3 3 3 3 3 3
3 3 3 3 1 3 3 3 3 3 1 3 3 3 3 3 1 3 3 3 3 3 3 3 3
3 3 3 3 1 3 3 3 3 3 1 3 3 3 3 3 1 3 3 3 3 3 3 3 3
3 3 3 3 1 3 3 3 3 3 1 3 3 3 3 3 1 3 3 3 3 3 3 3 3
3 3 3 3 1 3 3 3 3 3 1 3 3 3 1 1 1 1 1 1 1 3 3 3 3
3 3 3 3 1 3 3 3 3 3 1 3 3 3 3 3 1 3 3 3 3 3 3 3 3
3 3 3 3 1 3 3 3 3 3 1 3 3 3 3 3 1 3 3 3 3 3 3 3 3
3 3 3 3 3 3 3 3 3 3 1 3 3 3 3 3 1 3 3 3 3 3 3 3 3
3 3 3 3 3 3 3 3 3 3 3 3 3 3 3 3 3 3 3 3 3 3 3 3 3
3 3 3 3 3 3 3 3 3 3 3 3 3 3 3 3 3 3 3 3 3 3 3 3 3

Example 2:

Input:
0 0 0 0 0 0 0 0 0 0 0 0 0 0 0 0 0 0 0 0 0
0 0 0 0 4 0 0 0 0 0 0 0 0 0 0 0 0 0 0 0 0
0 0 0 0 4 0 0 0 0 0 0 0 0 4 0 0 0 0 0 0 0
0 0 0 0 4 0 0 0 0 0 0 0 0 4 0 0 0 0 0 0 0
0 0 0 0 4 0 0 0 0 0 0 0 0 4 0 0 0 0 0 0 0
0 4 4 4 4 4 4 4 4 4 4 4 4 4 4 4 4 0 0 0 0
0 0 0 0 4 0 0 0 0 0 0 0 0 4 0 0 0 0 0 0 0
0 0 0 0 4 0 0 0 0 0 0 0 0 4 0 0 0 0 0 0 0
0 0 0 0 4 0 0 0 0 4 4 4 4 4 4 4 4 4 0 0 0
0 0 0 0 4 0 0 0 0 0 0 0 0 4 0 0 0 0 0 0 0
0 0 0 0 4 0 0 0 0 0 0 0 0 4 0 0 0 0 0 0 0
0 0 0 0 4 0 0 0 0 0 0 0 0 4 0 0 0 0 0 0 0
0 0 0 0 4 0 0 0 0 0 0 0 0 4 0 0 0 0 0 0 0
0 0 0 0 4 0 0 4 0 0 0 0 0 4 0 0 0 0 4 0 0
0 0 0 0 4 0 0 4 0 0 0 0 0 4 0 0 0 0 4 0 0
0 0 4 4 4 4 4 4 4 4 4 4 4 4 4 4 4 4 4 0 0
0 0 0 0 4 0 0 4 0 0 0 0 0 4 0 0 0 0 4 0 0
0 0 0 0 4 0 0 4 0 0 0 0 0 4 0 0 0 0 4 0 0
0 0 0 0 4 0 0 4 0 0 0 0 4 4 4 4 4 4 4 4 4
0 4 4 4 4 4 4 4 4 4 0 0 0 4 0 0 0 0 4 0 0
0 0 0 0 4 0 0 4 0 0 0 0 0 4 0 0 0 0 4 0 0
0 0 0 0 4 0 0 4 0 0 0 0 0 4 0 0 0 0 4 0 0
0 0 0 0 4 0 0 4 0 0 0 0 0 4 0 0 0 0 0 0 0
0 0 0 0 0 0 0 0 0 0 0 0 0 0 0 0 0 0 0 0 0
Output:
3 3 3 3 3 3 3 3 3 3 3 3 3 3 3 3 3 3 3 3 3
3 3 3 3 4 3 3 3 3 3 3 3 3 3 3 3 3 3 3 3 3
3 3 3 3 4 3 3 3 3 3 3 3 3 4 3 3 3 3 3 3 3
3 3 3 3 4 3 3 3 3 3 3 3 3 4 3 3 3 3 3 3 3
3 3 3 3 4 3 3 3 3 3 3 3 3 4 3 3 3 3 3 3 3
3 4 4 4 4 4 4 4 4 4 4 4 4 4 4 4 4 3 3 3 3
3 3 3 3 4 2 2 2 2 2 2 2 2 4 3 3 3 3 3 3 3
3 3 3 3 4 2 2 2 2 2 2 2 2 4 3 3 3 3 3 3 3
3 3 3 3 4 2 2 2 2 4 4 4 4 4 4 4 4 4 3 3 3
3 3 3 3 4 2 2 2 2 2 2 2 2 4 3 3 3 3 3 3 3
3 3 3 3 4 2 2 2 2 2 2 2 2 4 3 3 3 3 3 3 3
3 3 3 3 4 2 2 2 2 2 2 2 2 4 3 3 3 3 3 3 3
3 3 3 3 4 2 2 2 2 2 2 2 2 4 3 3 3 3 3 3 3
3 3 3 3 4 2 2 4 2 2 2 2 2 4 3 3 3 3 4 3 3
3 3 3 3 4 2 2 4 2 2 2 2 2 4 3 3 3 3 4 3 3
3 3 4 4 4 4 4 4 4 4 4 4 4 4 4 4 4 4 4 3 3
3 3 3 3 4 2 2 4 3 3 3 3 3 4 2 2 2 2 4 3 3
3 3 3 3 4 2 2 4 3 3 3 3 3 4 2 2 2 2 4 3 3
3 3 3 3 4 2 2 4 3 3 3 3 4 4 4 4 4 4 4 4 4
3 4 4 4 4 4 4 4 4 4 3 3 3 4 3 3 3 3 4 3 3
3 3 3 3 4 3 3 4 3 3 3 3 3 4 3 3 3 3 4 3 3
3 3 3 3 4 3 3 4 3 3 3 3 3 4 3 3 3 3 4 3 3
3 3 3 3 4 3 3 4 3 3 3 3 3 4 3 3 3 3 3 3 3
3 3 3 3 3 3 3 3 3 3 3 3 3 3 3 3 3 3 3 3 3

Example 3:

Input:
0 0 0 0 0 0 0 0 0 0 0 0 0 0 0 0 0 0 0 0 0 0 0 0 0
0 0 0 0 0 7 0 0 0 0 0 0 0 0 0 0 7 0 0 0 0 0 0 0 0
0 0 0 0 0 7 0 0 0 0 0 7 0 0 0 0 7 0 0 0 0 0 7 0 0
0 0 0 0 0 7 0 0 0 0 0 7 0 0 0 0 7 0 0 0 0 0 7 0 0
0 0 7 7 7 7 7 7 7 7 7 7 7 7 7 7 7 7 7 7 7 7 7 7 0
0 0 0 0 0 7 0 0 0 0 0 7 0 0 0 0 7 0 0 0 0 0 7 0 0
0 0 0 0 0 7 0 0 0 0 0 7 0 0 0 0 7 0 0 0 0 0 7 0 0
0 0 0 0 0 7 0 0 0 0 0 7 0 0 0 0 7 0 0 0 0 0 7 0 0
0 0 0 0 0 7 0 0 0 0 0 7 0 0 0 0 7 0 0 0 0 0 7 0 0
0 0 0 0 0 7 0 0 0 0 7 7 7 7 7 7 7 7 7 7 7 7 7 7 0
0 0 0 0 0 7 0 0 0 0 0 7 0 0 0 0 7 0 0 0 0 0 7 0 0
0 0 0 0 0 7 0 0 0 0 0 7 0 0 0 0 7 0 0 0 0 0 7 0 0
0 0 0 0 0 7 0 0 0 0 0 0 0 0 0 0 7 0 0 0 0 0 7 0 0
0 0 0 0 0 7 0 0 0 0 0 0 0 0 0 0 7 0 0 0 0 0 0 0 0
0 0 0 7 7 7 7 7 7 7 7 7 7 7 7 7 7 7 7 7 0 0 0 0 0
0 0 0 0 0 7 0 0 0 0 0 0 0 0 0 0 7 0 0 0 0 0 0 0 0
0 0 0 0 0 7 0 0 0 0 0 0 0 0 0 0 7 0 0 0 0 0 0 0 0
0 0 0 0 0 7 0 0 0 0 0 0 7 7 7 7 7 7 7 7 7 0 0 0 0
0 0 0 7 7 7 7 7 0 0 0 0 0 0 0 0 7 0 0 0 0 0 0 0 0
0 0 0 0 0 7 0 0 0 0 0 0 0 0 0 0 7 0 0 0 0 0 0 0 0
0 0 0 0 0 7 0 0 0 0 0 0 0 0 0 0 0 0 0 0 0 0 0 0 0
0 0 0 0 0 7 0 0 0 0 0 0 0 0 0 0 0 0 0 0 0 0 0 0 0
Output:
3 3 3 3 3 3 3 3 3 3 3 3 3 3 3 3 3 3 3 3 3 3 3 3 3
3 3 3 3 3 7 3 3 3 3 3 3 3 3 3 3 7 3 3 3 3 3 3 3 3
3 3 3 3 3 7 3 3 3 3 3 7 3 3 3 3 7 3 3 3 3 3 7 3 3
3 3 3 3 3 7 3 3 3 3 3 7 3 3 3 3 7 3 3 3 3 3 7 3 3
3 3 7 7 7 7 7 7 7 7 7 7 7 7 7 7 7 7 7 7 7 7 7 7 3
3 3 3 3 3 7 2 2 2 2 2 7 2 2 2 2 7 2 2 2 2 2 7 3 3
3 3 3 3 3 7 2 2 2 2 2 7 2 2 2 2 7 2 2 2 2 2 7 3 3
3 3 3 3 3 7 2 2 2 2 2 7 2 2 2 2 7 2 2 2 2 2 7 3 3
3 3 3 3 3 7 2 2 2 2 2 7 2 2 2 2 7 2 2 2 2 2 7 3 3
3 3 3 3 3 7 2 2 2 2 7 7 7 7 7 7 7 7 7 7 7 7 7 7 3
3 3 3 3 3 7 2 2 2 2 2 7 2 2 2 2 7 3 3 3 3 3 7 3 3
3 3 3 3 3 7 2 2 2 2 2 7 2 2 2 2 7 3 3 3 3 3 7 3 3
3 3 3 3 3 7 2 2 2 2 2 2 2 2 2 2 7 3 3 3 3 3 7 3 3
3 3 3 3 3 7 2 2 2 2 2 2 2 2 2 2 7 3 3 3 3 3 3 3 3
3 3 3 7 7 7 7 7 7 7 7 7 7 7 7 7 7 7 7 7 3 3 3 3 3
3 3 3 3 3 7 3 3 3 3 3 3 3 3 3 3 7 3 3 3 3 3 3 3 3
3 3 3 3 3 7 3 3 3 3 3 3 3 3 3 3 7 3 3 3 3 3 3 3 3
3 3 3 3 3 7 3 3 3 3 3 3 7 7 7 7 7 7 7 7 7 3 3 3 3
3 3 3 7 7 7 7 7 3 3 3 3 3 3 3 3 7 3 3 3 3 3 3 3 3
3 3 3 3 3 7 3 3 3 3 3 3 3 3 3 3 7 3 3 3 3 3 3 3 3
3 3 3 3 3 7 3 3 3 3 3 3 3 3 3 3 3 3 3 3 3 3 3 3 3
3 3 3 3 3 7 3 3 3 3 3 3 3 3 3 3 3 3 3 3 3 3 3 3 3

Example 4:

Input:
0 0 0 0 0 0 0 0 0 0 0 0 0 0 0 0 0 0 0 0 0
0 0 0 0 0 0 0 0 0 0 0 0 0 0 6 0 0 0 0 0 0
0 0 0 0 0 0 0 0 0 0 0 0 0 0 6 0 0 0 0 0 0
0 0 0 0 0 0 0 0 0 0 0 0 0 0 6 0 0 0 0 0 0
0 0 0 0 0 0 0 0 0 0 0 0 0 0 6 0 0 0 0 0 0
0 0 0 0 0 0 0 0 0 0 0 0 0 0 6 0 0 0 0 0 0
0 0 0 0 0 0 0 0 0 0 0 0 0 0 6 0 0 0 0 0 0
0 0 0 0 0 0 6 0 0 0 0 0 0 0 6 0 0 0 0 0 0
0 6 6 6 6 6 6 6 6 6 6 6 6 6 6 6 6 6 6 6 6
0 0 0 0 0 0 6 0 0 0 0 0 0 0 6 0 0 0 0 0 0
0 0 0 0 0 0 6 0 0 0 0 0 0 0 6 0 0 0 0 0 0
0 0 0 0 0 0 6 0 0 0 0 0 0 0 6 0 0 0 0 0 0
0 0 0 0 0 0 6 0 6 0 0 0 0 0 6 0 0 0 0 0 0
0 0 0 0 0 0 6 0 6 0 0 0 0 0 6 0 0 0 0 0 0
0 0 0 0 0 0 6 0 6 0 0 0 0 0 6 0 0 0 0 0 0
0 0 0 0 0 0 6 0 6 0 0 0 0 0 6 0 0 0 0 0 0
0 0 0 0 0 0 6 6 6 6 6 6 6 6 6 6 6 6 0 0 0
0 0 0 0 0 0 6 0 6 0 0 0 0 0 6 0 0 0 0 0 0
0 0 0 0 0 0 6 0 6 0 0 0 0 0 6 0 0 0 0 0 0
0 0 0 0 0 6 6 6 6 6 0 0 0 0 6 0 0 0 0 0 0
0 0 0 0 0 0 6 0 6 0 0 0 0 0 6 0 0 0 0 0 0
0 0 0 0 0 0 6 0 6 0 0 0 0 0 0 0 0 0 0 0 0
Output:
3 3 3 3 3 3 3 3 3 3 3 3 3 3 3 3 3 3 3 3 3
3 3 3 3 3 3 3 3 3 3 3 3 3 3 6 3 3 3 3 3 3
3 3 3 3 3 3 3 3 3 3 3 3 3 3 6 3 3 3 3 3 3
3 3 3 3 3 3 3 3 3 3 3 3 3 3 6 3 3 3 3 3 3
3 3 3 3 3 3 3 3 3 3 3 3 3 3 6 3 3 3 3 3 3
3 3 3 3 3 3 3 3 3 3 3 3 3 3 6 3 3 3 3 3 3
3 3 3 3 3 3 3 3 3 3 3 3 3 3 6 3 3 3 3 3 3
3 3 3 3 3 3 6 3 3 3 3 3 3 3 6 3 3 3 3 3 3
3 6 6 6 6 6 6 6 6 6 6 6 6 6 6 6 6 6 6 6 6
3 3 3 3 3 3 6 2 2 2 2 2 2 2 6 3 3 3 3 3 3
3 3 3 3 3 3 6 2 2 2 2 2 2 2 6 3 3 3 3 3 3
3 3 3 3 3 3 6 2 2 2 2 2 2 2 6 3 3 3 3 3 3
3 3 3 3 3 3 6 2 6 2 2 2 2 2 6 3 3 3 3 3 3
3 3 3 3 3 3 6 2 6 2 2 2 2 2 6 3 3 3 3 3 3
3 3 3 3 3 3 6 2 6 2 2 2 2 2 6 3 3 3 3 3 3
3 3 3 3 3 3 6 2 6 2 2 2 2 2 6 3 3 3 3 3 3
3 3 3 3 3 3 6 6 6 6 6 6 6 6 6 6 6 6 3 3 3
3 3 3 3 3 3 6 2 6 3 3 3 3 3 6 3 3 3 3 3 3
3 3 3 3 3 3 6 2 6 3 3 3 3 3 6 3 3 3 3 3 3
3 3 3 3 3 6 6 6 6 6 3 3 3 3 6 3 3 3 3 3 3
3 3 3 3 3 3 6 3 6 3 3 3 3 3 6 3 3 3 3 3 3
3 3 3 3 3 3 6 3 6 3 3 3 3 3 3 3 3 3 3 3 3

Example 5:

Input:
0 0 0 0 0 0 0 0 0 0 0 0 0 0 0 0 0 0 0 0
0 0 0 0 0 0 0 0 0 0 0 7 0 0 0 0 0 0 0 0
0 0 0 0 0 0 0 0 0 0 0 7 0 0 0 0 0 0 0 0
0 0 0 0 0 0 0 0 0 0 0 7 0 0 0 0 0 0 0 0
0 0 0 0 0 0 0 0 0 0 0 7 0 0 0 0 0 0 0 0
0 0 0 0 0 0 0 0 0 0 0 7 0 0 0 0 0 0 0 0
0 0 0 0 0 0 0 0 0 0 0 7 0 0 0 0 0 0 0 0
0 0 0 0 0 0 0 0 0 0 0 7 0 0 0 0 0 0 0 0
0 7 7 7 7 7 7 7 7 7 7 7 7 0 0 0 0 0 0 0
0 7 0 7 0 0 0 0 0 0 0 7 0 0 0 0 0 0 0 0
7 7 7 7 7 7 0 0 0 0 0 7 0 0 0 0 0 0 0 0
0 7 0 7 0 0 0 0 0 0 0 7 0 0 0 0 0 0 0 0
0 0 0 7 0 0 0 0 0 0 0 7 0 0 0 0 0 0 0 0
0 0 0 7 0 0 0 0 0 0 0 7 0 0 0 0 0 0 0 0
0 0 0 7 0 0 0 0 0 0 0 7 0 0 0 0 0 0 0 0
0 7 7 7 7 7 7 7 7 7 7 7 7 7 7 7 7 7 7 7
0 0 0 7 0 0 0 0 0 0 0 7 0 0 0 0 0 0 0 0
0 0 0 0 0 0 0 0 0 0 0 7 0 0 0 0 0 0 0 0
0 0 0 0 0 0 0 0 0 0 0 7 0 0 0 0 0 0 0 0
0 0 0 0 0 0 0 0 0 0 0 7 0 0 0 0 0 0 0 0
0 0 0 0 0 0 0 0 0 0 0 7 0 0 0 0 0 0 0 0
Output:
3 3 3 3 3 3 3 3 3 3 3 3 3 3 3 3 3 3 3 3
3 3 3 3 3 3 3 3 3 3 3 7 3 3 3 3 3 3 3 3
3 3 3 3 3 3 3 3 3 3 3 7 3 3 3 3 3 3 3 3
3 3 3 3 3 3 3 3 3 3 3 7 3 3 3 3 3 3 3 3
3 3 3 3 3 3 3 3 3 3 3 7 3 3 3 3 3 3 3 3
3 3 3 3 3 3 3 3 3 3 3 7 3 3 3 3 3 3 3 3
3 3 3 3 3 3 3 3 3 3 3 7 3 3 3 3 3 3 3 3
3 3 3 3 3 3 3 3 3 3 3 7 3 3 3 3 3 3 3 3
3 7 7 7 7 7 7 7 7 7 7 7 7 3 3 3 3 3 3 3
3 7 2 7 2 2 2 2 2 2 2 7 3 3 3 3 3 3 3 3
7 7 7 7 7 7 2 2 2 2 2 7 3 3 3 3 3 3 3 3
3 7 3 7 2 2 2 2 2 2 2 7 3 3 3 3 3 3 3 3
3 3 3 7 2 2 2 2 2 2 2 7 3 3 3 3 3 3 3 3
3 3 3 7 2 2 2 2 2 2 2 7 3 3 3 3 3 3 3 3
3 3 3 7 2 2 2 2 2 2 2 7 3 3 3 3 3 3 3 3
3 7 7 7 7 7 7 7 7 7 7 7 7 7 7 7 7 7 7 7
3 3 3 7 3 3 3 3 3 3 3 7 3 3 3 3 3 3 3 3
3 3 3 3 3 3 3 3 3 3 3 7 3 3 3 3 3 3 3 3
3 3 3 3 3 3 3 3 3 3 3 7 3 3 3 3 3 3 3 3
3 3 3 3 3 3 3 3 3 3 3 7 3 3 3 3 3 3 3 3
3 3 3 3 3 3 3 3 3 3 3 7 3 3 3 3 3 3 3 3

Example 6:

Input:
0 0 0 0 0 0 0 1 0 0 0 0 0 0 0 0 0 0 0 0 0 0 0 0 0
0 0 0 0 0 0 0 1 0 0 0 0 0 0 0 0 0 0 0 0 0 0 0 0 0
0 0 0 0 0 0 0 1 0 0 0 0 0 0 0 0 0 0 0 0 0 0 0 0 0
0 0 0 0 0 0 0 1 0 0 0 0 0 0 0 0 0 1 0 0 0 0 0 0 0
0 0 0 0 0 0 0 1 0 0 0 0 0 0 0 0 0 1 0 0 0 0 0 0 0
0 0 0 0 0 0 0 1 0 0 0 0 0 0 0 0 0 1 0 0 0 0 0 0 0
0 0 0 0 0 0 0 1 0 0 0 0 0 0 0 0 0 1 0 0 0 0 0 0 0
0 0 0 0 0 0 0 1 0 0 0 0 0 0 0 0 0 1 0 0 0 0 0 0 0
1 1 1 1 1 1 1 1 1 1 1 1 1 1 1 1 1 1 1 1 0 0 0 0 0
0 0 0 0 0 0 0 1 0 0 0 0 0 0 0 0 0 1 0 0 0 0 0 0 0
0 0 0 0 0 0 0 1 0 0 0 0 0 0 0 0 0 1 0 0 0 0 0 0 0
0 0 0 0 0 0 0 1 0 0 0 0 0 0 0 0 0 1 0 0 0 0 0 0 0
0 0 0 0 0 0 0 1 0 0 0 0 0 0 0 0 0 1 0 0 0 0 0 0 0
0 0 0 0 0 0 0 1 0 0 0 0 0 0 0 0 0 1 0 0 0 0 0 0 0
0 0 0 0 0 0 0 1 0 0 0 0 0 0 0 0 0 1 0 0 0 0 0 0 0
0 0 0 0 0 0 0 1 0 0 1 0 0 0 0 0 0 1 0 0 0 1 0 0 0
0 0 0 0 0 0 1 1 1 1 1 1 1 1 1 1 1 1 1 1 1 1 1 1 1
0 0 0 0 0 0 0 1 0 0 1 0 0 0 0 0 0 1 0 0 0 1 0 0 0
0 0 0 0 0 0 0 1 0 0 1 0 0 0 1 1 1 1 1 1 1 1 1 1 1
0 0 0 0 0 0 0 1 1 1 1 1 1 0 0 0 0 1 0 0 0 1 0 0 0
0 0 0 0 0 0 0 1 0 0 1 0 0 0 0 0 0 0 0 0 0 1 0 0 0
0 0 0 0 0 0 0 1 0 0 1 0 0 0 0 0 0 0 0 0 0 0 0 0 0
0 0 0 0 0 0 0 1 0 0 0 0 0 0 0 0 0 0 0 0 0 0 0 0 0
Output:
3 3 3 3 3 3 3 1 3 3 3 3 3 3 3 3 3 3 3 3 3 3 3 3 3
3 3 3 3 3 3 3 1 3 3 3 3 3 3 3 3 3 3 3 3 3 3 3 3 3
3 3 3 3 3 3 3 1 3 3 3 3 3 3 3 3 3 3 3 3 3 3 3 3 3
3 3 3 3 3 3 3 1 3 3 3 3 3 3 3 3 3 1 3 3 3 3 3 3 3
3 3 3 3 3 3 3 1 3 3 3 3 3 3 3 3 3 1 3 3 3 3 3 3 3
3 3 3 3 3 3 3 1 3 3 3 3 3 3 3 3 3 1 3 3 3 3 3 3 3
3 3 3 3 3 3 3 1 3 3 3 3 3 3 3 3 3 1 3 3 3 3 3 3 3
3 3 3 3 3 3 3 1 3 3 3 3 3 3 3 3 3 1 3 3 3 3 3 3 3
1 1 1 1 1 1 1 1 1 1 1 1 1 1 1 1 1 1 1 1 3 3 3 3 3
3 3 3 3 3 3 3 1 2 2 2 2 2 2 2 2 2 1 3 3 3 3 3 3 3
3 3 3 3 3 3 3 1 2 2 2 2 2 2 2 2 2 1 3 3 3 3 3 3 3
3 3 3 3 3 3 3 1 2 2 2 2 2 2 2 2 2 1 3 3 3 3 3 3 3
3 3 3 3 3 3 3 1 2 2 2 2 2 2 2 2 2 1 3 3 3 3 3 3 3
3 3 3 3 3 3 3 1 2 2 2 2 2 2 2 2 2 1 3 3 3 3 3 3 3
3 3 3 3 3 3 3 1 2 2 2 2 2 2 2 2 2 1 3 3 3 3 3 3 3
3 3 3 3 3 3 3 1 2 2 1 2 2 2 2 2 2 1 3 3 3 1 3 3 3
3 3 3 3 3 3 1 1 1 1 1 1 1 1 1 1 1 1 1 1 1 1 1 1 1
3 3 3 3 3 3 3 1 2 2 1 3 3 3 3 3 3 1 2 2 2 1 3 3 3
3 3 3 3 3 3 3 1 2 2 1 3 3 3 1 1 1 1 1 1 1 1 1 1 1
3 3 3 3 3 3 3 1 1 1 1 1 1 3 3 3 3 1 3 3 3 1 3 3 3
3 3 3 3 3 3 3 1 3 3 1 3 3 3 3 3 3 3 3 3 3 1 3 3 3
3 3 3 3 3 3 3 1 3 3 1 3 3 3 3 3 3 3 3 3 3 3 3 3 3
3 3 3 3 3 3 3 1 3 3 3 3 3 3 3 3 3 3 3 3 3 3 3 3 3

Example 7:

Input:
0 0 0 0 0 0 0 0 0 0 0 1 0 0 0 0 0 0 0 0
0 0 0 0 0 0 0 0 0 0 0 1 0 0 0 0 0 0 0 0
0 0 0 0 0 0 0 0 0 0 0 1 0 0 0 0 0 0 0 0
0 0 0 0 0 0 0 0 0 0 0 1 0 0 0 0 0 0 0 0
0 0 0 0 1 0 0 0 0 0 0 1 0 0 0 0 0 0 0 0
0 0 0 0 1 0 0 0 0 0 0 1 0 0 0 0 0 0 0 0
0 0 0 0 1 0 0 0 0 0 0 1 0 0 0 0 0 0 0 0
1 1 1 1 1 1 1 1 1 1 1 1 1 1 1 1 1 1 1 1
0 0 0 0 1 0 0 0 0 0 0 1 0 0 0 0 0 0 0 0
0 0 0 0 1 0 0 0 0 0 0 1 0 0 0 0 0 0 0 0
0 0 0 0 1 0 0 0 0 0 0 1 0 0 0 0 0 0 0 0
0 0 0 0 1 0 0 0 0 0 0 1 0 0 0 0 0 0 0 0
0 0 0 0 1 0 0 0 0 0 0 1 0 0 0 0 0 0 0 0
0 0 0 0 1 0 0 0 0 0 0 1 0 0 0 0 0 0 0 0
0 0 0 0 1 0 1 0 0 0 0 1 0 0 0 0 0 0 0 0
0 0 0 0 1 1 1 1 1 1 1 1 1 1 1 1 1 1 0 0
0 0 0 0 1 0 1 0 0 0 0 1 0 0 0 0 0 0 0 0
0 0 0 0 1 0 1 0 0 0 0 1 0 0 0 0 0 0 0 0
0 0 0 0 1 1 1 1 0 0 0 1 0 0 0 0 0 0 0 0
0 0 0 0 1 0 0 0 0 0 0 1 0 0 0 0 0 0 0 0
0 0 0 0 1 0 0 0 0 0 0 1 0 0 0 0 0 0 0 0
Output:
3 3 3 3 3 3 3 3 3 3 3 1 3 3 3 3 3 3 3 3
3 3 3 3 3 3 3 3 3 3 3 1 3 3 3 3 3 3 3 3
3 3 3 3 3 3 3 3 3 3 3 1 3 3 3 3 3 3 3 3
3 3 3 3 3 3 3 3 3 3 3 1 3 3 3 3 3 3 3 3
3 3 3 3 1 3 3 3 3 3 3 1 3 3 3 3 3 3 3 3
3 3 3 3 1 3 3 3 3 3 3 1 3 3 3 3 3 3 3 3
3 3 3 3 1 3 3 3 3 3 3 1 3 3 3 3 3 3 3 3
1 1 1 1 1 1 1 1 1 1 1 1 1 1 1 1 1 1 1 1
3 3 3 3 1 2 2 2 2 2 2 1 3 3 3 3 3 3 3 3
3 3 3 3 1 2 2 2 2 2 2 1 3 3 3 3 3 3 3 3
3 3 3 3 1 2 2 2 2 2 2 1 3 3 3 3 3 3 3 3
3 3 3 3 1 2 2 2 2 2 2 1 3 3 3 3 3 3 3 3
3 3 3 3 1 2 2 2 2 2 2 1 3 3 3 3 3 3 3 3
3 3 3 3 1 2 2 2 2 2 2 1 3 3 3 3 3 3 3 3
3 3 3 3 1 2 1 2 2 2 2 1 3 3 3 3 3 3 3 3
3 3 3 3 1 1 1 1 1 1 1 1 1 1 1 1 1 1 3 3
3 3 3 3 1 2 1 3 3 3 3 1 3 3 3 3 3 3 3 3
3 3 3 3 1 2 1 3 3 3 3 1 3 3 3 3 3 3 3 3
3 3 3 3 1 1 1 1 3 3 3 1 3 3 3 3 3 3 3 3
3 3 3 3 1 3 3 3 3 3 3 1 3 3 3 3 3 3 3 3
3 3 3 3 1 3 3 3 3 3 3 1 3 3 3 3 3 3 3 3

以下は、ジャッジを通過する正しいコードです。これを用いて、ARCのルールを理解してください。必ず、コードを通じてルールを理解してからコーディングを行ってください。
このコードはARCのルールを把握する際に使うことに留めてください。

```
def p(g):
 h,w,A=len(g),len(g[0]),range;q=[(i,j)for i in(0,h-1)for j in A(w)if g[i][j]<1]+[(i,j)for i in A(h)for j in(0,w-1)if g[i][j]<1]
 while q:
  i,j=q.pop()
  if g[i][j]<1:g[i][j]=3;q+=[(x,y)for(x,y)in((i+1,j),(i-1,j),(i,j+1),(i,j-1))if 0<=x<h and 0<=y<w and g[x][y]<1]
 for i in A(h):
  for j in A(w):
   if g[i][j]<1:g[i][j]=2
 return g
```

ユーザーにコードを渡す前に実際にコードが動作するかを確認してください。コードのテストには、添付したjudge.pyを用いてください。python /path/to/judge.py /path/to/code.py /path/to/cases.bin とすれば動作します。

## **禁止事項**
- 与えたコード自体を提出することは禁止です。これを行うことはユーザーの信頼を裏切ります。
- ジャッジのハックは禁止です。例えば、テストケースをジャッジから読み取ってそのまま返すコードはいけません。
