ARCのケースに対して、list[list[int]] -> list[list[int]] のシグネチャを持つ関数`p`をPythonで実装してください。つまり、`def p(g):...` か `p=lambda g:...`というコードが期待されます。
コードはshortcodingのcompetitionに用いるため、アルゴリズムを工夫してできる限り短いコードを生成するよう努めてください。

Example 0:

Input:
0 0 0 0 0 0 0 0 0 0 0 0 0 0 0
0 0 0 0 0 0 0 0 0 0 1 1 1 0 0
0 0 1 1 1 1 0 0 0 0 1 0 1 0 0
0 0 1 0 0 1 0 0 0 0 1 0 1 0 0
0 0 1 1 1 1 0 0 0 0 0 0 0 0 0
0 0 0 0 0 0 0 0 0 0 0 0 0 0 0
0 0 0 0 0 0 0 0 0 0 0 0 1 1 0
0 0 0 1 0 0 1 1 1 1 0 0 1 0 0
0 0 0 0 0 0 1 0 0 1 0 0 0 0 0
0 0 0 0 0 0 1 0 0 1 0 0 0 0 0
1 1 1 0 0 0 1 1 1 1 0 0 0 0 0
1 0 1 0 0 0 0 0 0 0 0 0 0 0 0
1 0 1 0 0 0 0 0 0 0 1 1 1 1 0
1 1 1 0 0 1 1 0 0 0 1 0 0 1 0
0 0 0 0 0 0 0 0 0 0 1 1 1 1 0
Output:
0 0 0 0 0 0 0 0 0 0 0 0 0 0 0
0 0 0 0 0 0 0 0 0 0 1 1 1 0 0
0 0 3 3 3 3 0 0 0 0 1 0 1 0 0
0 0 3 0 0 3 0 0 0 0 1 0 1 0 0
0 0 3 3 3 3 0 0 0 0 0 0 0 0 0
0 0 0 0 0 0 0 0 0 0 0 0 0 0 0
0 0 0 0 0 0 0 0 0 0 0 0 1 1 0
0 0 0 1 0 0 3 3 3 3 0 0 1 0 0
0 0 0 0 0 0 3 0 0 3 0 0 0 0 0
0 0 0 0 0 0 3 0 0 3 0 0 0 0 0
3 3 3 0 0 0 3 3 3 3 0 0 0 0 0
3 0 3 0 0 0 0 0 0 0 0 0 0 0 0
3 0 3 0 0 0 0 0 0 0 3 3 3 3 0
3 3 3 0 0 1 1 0 0 0 3 0 0 3 0
0 0 0 0 0 0 0 0 0 0 3 3 3 3 0

Example 1:

Input:
0 0 0 0 0 0 0 0 0 0 0 0 0 0 0
0 0 0 0 0 0 0 0 0 0 0 0 0 0 0
0 0 0 0 0 0 0 0 0 0 0 0 0 0 0
0 0 0 0 1 1 1 0 0 0 1 0 0 0 0
0 0 0 0 1 0 1 0 0 0 1 0 0 0 0
0 0 0 0 1 1 1 0 0 0 0 0 0 0 0
0 0 0 0 0 0 0 0 0 0 0 0 0 0 0
0 0 0 0 0 0 0 0 0 0 0 0 0 0 0
0 0 0 0 1 0 0 0 0 1 0 1 1 0 0
0 0 0 0 0 0 0 0 0 1 0 0 1 0 0
0 0 0 0 0 0 0 0 0 1 1 1 1 0 0
0 0 0 0 0 0 0 0 0 0 0 0 0 0 0
0 0 0 0 0 0 0 0 0 0 0 0 0 0 0
0 0 0 0 0 0 0 0 0 0 0 0 0 0 0
0 0 0 0 0 0 0 0 0 0 0 0 0 0 0
Output:
0 0 0 0 0 0 0 0 0 0 0 0 0 0 0
0 0 0 0 0 0 0 0 0 0 0 0 0 0 0
0 0 0 0 0 0 0 0 0 0 0 0 0 0 0
0 0 0 0 3 3 3 0 0 0 1 0 0 0 0
0 0 0 0 3 0 3 0 0 0 1 0 0 0 0
0 0 0 0 3 3 3 0 0 0 0 0 0 0 0
0 0 0 0 0 0 0 0 0 0 0 0 0 0 0
0 0 0 0 0 0 0 0 0 0 0 0 0 0 0
0 0 0 0 1 0 0 0 0 1 0 1 1 0 0
0 0 0 0 0 0 0 0 0 1 0 0 1 0 0
0 0 0 0 0 0 0 0 0 1 1 1 1 0 0
0 0 0 0 0 0 0 0 0 0 0 0 0 0 0
0 0 0 0 0 0 0 0 0 0 0 0 0 0 0
0 0 0 0 0 0 0 0 0 0 0 0 0 0 0
0 0 0 0 0 0 0 0 0 0 0 0 0 0 0

Example 2:

Input:
0 0 0 0 0 0 0 0 0
0 0 0 0 0 0 0 0 0
0 1 1 1 1 1 0 0 0
0 1 0 0 0 1 0 0 0
0 1 1 1 1 1 0 0 0
0 0 0 0 0 0 0 0 0
1 1 0 0 0 0 0 0 0
0 1 0 0 1 1 0 0 0
0 1 0 0 0 0 0 0 0
Output:
0 0 0 0 0 0 0 0 0
0 0 0 0 0 0 0 0 0
0 3 3 3 3 3 0 0 0
0 3 0 0 0 3 0 0 0
0 3 3 3 3 3 0 0 0
0 0 0 0 0 0 0 0 0
1 1 0 0 0 0 0 0 0
0 1 0 0 1 1 0 0 0
0 1 0 0 0 0 0 0 0

Example 3:

Input:
0 0 0 0 0 0 0 1 1 1 1 1
0 1 1 1 1 0 0 1 0 0 0 1
0 1 0 0 1 0 0 1 0 0 0 1
0 1 1 1 1 0 0 1 0 0 0 1
0 0 0 0 0 0 0 1 1 0 1 1
0 0 0 0 0 0 0 0 0 0 0 0
0 1 1 0 0 0 0 0 0 0 0 0
0 0 0 0 1 1 1 1 1 0 0 0
0 1 0 0 1 0 0 0 1 0 0 1
0 0 0 0 1 0 0 0 1 0 0 0
0 0 0 0 1 1 1 1 1 0 0 0
0 0 0 0 0 0 0 0 0 0 0 0
Output:
0 0 0 0 0 0 0 1 1 1 1 1
0 3 3 3 3 0 0 1 0 0 0 1
0 3 0 0 3 0 0 1 0 0 0 1
0 3 3 3 3 0 0 1 0 0 0 1
0 0 0 0 0 0 0 1 1 0 1 1
0 0 0 0 0 0 0 0 0 0 0 0
0 1 1 0 0 0 0 0 0 0 0 0
0 0 0 0 3 3 3 3 3 0 0 0
0 1 0 0 3 0 0 0 3 0 0 1
0 0 0 0 3 0 0 0 3 0 0 0
0 0 0 0 3 3 3 3 3 0 0 0
0 0 0 0 0 0 0 0 0 0 0 0

Example 4:

Input:
0 0 0 0 0 0 0 0 0 0 0 0 0 0 0
0 0 0 0 0 0 0 0 0 0 0 0 0 0 0
0 0 0 0 0 0 0 0 0 0 0 0 0 0 0
1 1 1 1 1 0 0 0 0 0 0 0 0 0 0
1 0 0 0 0 0 0 0 1 1 0 0 0 0 0
1 0 0 0 1 0 0 0 1 1 0 0 0 0 0
1 1 1 1 1 0 0 0 1 0 0 0 0 0 0
0 0 0 0 0 0 0 0 0 0 0 0 0 0 0
0 0 0 0 0 0 0 0 0 1 1 1 1 1 0
0 0 0 0 0 0 0 0 0 1 0 0 0 1 0
0 0 0 0 0 0 0 0 0 1 0 0 0 1 0
0 0 0 0 0 0 0 0 0 1 0 0 0 1 0
0 0 0 0 0 0 0 0 0 1 1 1 1 1 0
0 0 0 0 0 0 0 0 0 0 0 0 0 0 0
0 0 0 0 0 0 0 0 0 0 0 0 0 0 0
Output:
0 0 0 0 0 0 0 0 0 0 0 0 0 0 0
0 0 0 0 0 0 0 0 0 0 0 0 0 0 0
0 0 0 0 0 0 0 0 0 0 0 0 0 0 0
1 1 1 1 1 0 0 0 0 0 0 0 0 0 0
1 0 0 0 0 0 0 0 1 1 0 0 0 0 0
1 0 0 0 1 0 0 0 1 1 0 0 0 0 0
1 1 1 1 1 0 0 0 1 0 0 0 0 0 0
0 0 0 0 0 0 0 0 0 0 0 0 0 0 0
0 0 0 0 0 0 0 0 0 3 3 3 3 3 0
0 0 0 0 0 0 0 0 0 3 0 0 0 3 0
0 0 0 0 0 0 0 0 0 3 0 0 0 3 0
0 0 0 0 0 0 0 0 0 3 0 0 0 3 0
0 0 0 0 0 0 0 0 0 3 3 3 3 3 0
0 0 0 0 0 0 0 0 0 0 0 0 0 0 0
0 0 0 0 0 0 0 0 0 0 0 0 0 0 0

Example 5:

Input:
0 1 1 1 1 1 0 0 0
0 1 0 0 0 1 0 1 1
0 1 1 1 1 1 0 0 0
0 0 0 0 0 0 0 0 0
0 0 0 0 0 0 0 0 0
0 0 0 0 0 0 0 0 0
0 0 0 0 0 0 0 0 0
0 0 0 0 0 1 0 0 0
0 0 0 0 0 0 0 0 0
Output:
0 3 3 3 3 3 0 0 0
0 3 0 0 0 3 0 1 1
0 3 3 3 3 3 0 0 0
0 0 0 0 0 0 0 0 0
0 0 0 0 0 0 0 0 0
0 0 0 0 0 0 0 0 0
0 0 0 0 0 0 0 0 0
0 0 0 0 0 1 0 0 0
0 0 0 0 0 0 0 0 0

Example 6:

Input:
0 0 0 0 1 1 1 1 1
0 0 0 0 1 0 0 0 1
0 0 0 0 1 1 1 1 1
0 0 0 0 0 0 0 0 0
0 0 0 0 0 0 1 0 0
0 0 0 0 0 0 1 0 0
0 0 0 0 0 0 1 0 0
0 0 0 0 0 0 1 0 0
0 1 1 0 0 0 1 0 0
Output:
0 0 0 0 3 3 3 3 3
0 0 0 0 3 0 0 0 3
0 0 0 0 3 3 3 3 3
0 0 0 0 0 0 0 0 0
0 0 0 0 0 0 1 0 0
0 0 0 0 0 0 1 0 0
0 0 0 0 0 0 1 0 0
0 0 0 0 0 0 1 0 0
0 1 1 0 0 0 1 0 0

Example 7:

Input:
0 0 0 0 0 0 0 0 0 0 0 0
0 0 0 0 0 0 0 0 0 0 0 0
0 0 0 0 0 0 0 0 1 0 0 0
0 1 1 0 0 0 0 0 0 0 0 0
0 1 1 0 0 0 0 1 1 1 1 1
0 1 1 0 0 0 0 1 0 0 0 1
0 0 1 0 0 0 0 1 1 1 1 1
0 0 0 0 0 0 0 0 0 0 0 0
0 0 0 0 0 0 0 0 0 0 0 0
0 0 0 0 0 0 1 1 1 1 1 0
0 0 0 0 0 0 0 0 0 0 0 0
0 0 0 0 0 0 0 0 0 0 0 0
Output:
0 0 0 0 0 0 0 0 0 0 0 0
0 0 0 0 0 0 0 0 0 0 0 0
0 0 0 0 0 0 0 0 1 0 0 0
0 1 1 0 0 0 0 0 0 0 0 0
0 1 1 0 0 0 0 3 3 3 3 3
0 1 1 0 0 0 0 3 0 0 0 3
0 0 1 0 0 0 0 3 3 3 3 3
0 0 0 0 0 0 0 0 0 0 0 0
0 0 0 0 0 0 0 0 0 0 0 0
0 0 0 0 0 0 1 1 1 1 1 0
0 0 0 0 0 0 0 0 0 0 0 0
0 0 0 0 0 0 0 0 0 0 0 0

以下は、ジャッジを通過する正しいコードです。これを用いて、ARCのルールを理解してください。必ず、コードを通じてルールを理解してからコーディングを行ってください。
このコードはARCのルールを把握する際に使うことに留めてください。

```
def p(g):
 v=set();n=len(g);m=len(g[0])
 for i in range(n):
  for j in range(m):
   if g[i][j]and(i,j)not in v:
    c=[(i,j)];f=[(i,j)];v.add((i,j))
    while f:
     x,y=f.pop()
     for(C,D)in(1,0),(0,1),(-1,0),(0,-1):
      u,b=x+C,y+D
      if 0<=u<n and 0<=b<m and g[u][b]and(u,b)not in v:v.add((u,b));f+=[(u,b)];c+=[(u,b)]
    a,b=zip(*c);A,B=max(a)-min(a)+1,max(b)-min(b)+1
    if A>1and B>1and len(c)==2*(A+B)-4:
     for(x,y)in c:g[x][y]=3
 return g
```

ユーザーにコードを渡す前に実際にコードが動作するかを確認してください。コードのテストには、添付したjudge.pyを用いてください。python /path/to/judge.py /path/to/code.py /path/to/cases.bin とすれば動作します。

## **禁止事項**
- 与えたコード自体を提出することは禁止です。これを行うことはユーザーの信頼を裏切ります。
- ジャッジのハックは禁止です。例えば、テストケースをジャッジから読み取ってそのまま返すコードはいけません。
