ARCのケースに対して、list[list[int]] -> list[list[int]] のシグネチャを持つ関数`p`をPythonで実装してください。つまり、`def p(g):...` か `p=lambda g:...`というコードが期待されます。
コードはshortcodingのcompetitionに用いるため、アルゴリズムを工夫してできる限り短いコードを生成するよう努めてください。

Example 0:

Input:
2 4 8 0 0 0 0 0 0
1 6 8 0 0 0 0 0 0
8 8 8 8 8 8 8 8 8
0 0 8 0 3 0 0 3 0
0 0 8 3 3 3 3 3 3
0 0 8 0 3 0 0 3 0
0 0 8 0 3 0 0 3 0
0 0 8 3 3 3 3 3 3
0 0 8 0 3 0 0 3 0
Output:
0 2 0 0 4 0
2 2 2 4 4 4
0 2 0 0 4 0
0 1 0 0 6 0
1 1 1 6 6 6
0 1 0 0 6 0

Example 1:

Input:
0 0 0 0 0 0 8 1 2
0 0 0 0 0 0 8 4 1
8 8 8 8 8 8 8 8 8
0 0 3 3 0 3 8 0 0
3 3 0 0 0 0 8 0 0
3 3 0 3 0 3 8 0 0
0 0 0 0 3 0 8 0 0
3 3 3 3 3 3 8 0 0
0 0 0 0 3 0 8 0 0
Output:
0 0 1 2 0 2
1 1 0 0 0 0
1 1 0 2 0 2
0 0 0 0 1 0
4 4 4 1 1 1
0 0 0 0 1 0

Example 2:

Input:
0 0 8 0 0 3 0 0 3
0 0 8 0 0 3 0 0 3
0 0 8 3 3 0 3 3 0
0 0 8 0 0 0 0 3 0
0 0 8 0 3 0 3 0 0
0 0 8 0 3 0 0 0 3
8 8 8 8 8 8 8 8 8
2 4 8 0 0 0 0 0 0
6 5 8 0 0 0 0 0 0
Output:
0 0 2 0 0 4
0 0 2 0 0 4
2 2 0 4 4 0
0 0 0 0 5 0
0 6 0 5 0 0
0 6 0 0 0 5

Example 3:

Input:
0 0 0 3 0 0 8 0 0
3 3 0 3 0 3 8 0 0
0 3 0 3 0 3 8 0 0
0 3 3 3 0 0 8 0 0
0 3 0 0 0 3 8 0 0
0 0 3 0 0 0 8 0 0
8 8 8 8 8 8 8 8 8
0 0 0 0 0 0 8 2 1
0 0 0 0 0 0 8 4 7
Output:
0 0 0 1 0 0
2 2 0 1 0 1
0 2 0 1 0 1
0 4 4 7 0 0
0 4 0 0 0 7
0 0 4 0 0 0

Example 4:

Input:
3 0 3 0 0 3 8 0 0
3 3 0 0 0 3 8 0 0
0 0 0 0 0 3 8 0 0
3 0 0 3 3 3 8 0 0
0 0 3 3 3 0 8 0 0
0 3 3 3 0 0 8 0 0
8 8 8 8 8 8 8 8 8
0 0 0 0 0 0 8 2 6
0 0 0 0 0 0 8 5 4
Output:
2 0 2 0 0 6
2 2 0 0 0 6
0 0 0 0 0 6
5 0 0 4 4 4
0 0 5 4 4 0
0 5 5 4 0 0

Example 5:

Input:
0 0 3 3 0 3 8 0 0
3 0 0 0 0 0 8 0 0
3 3 0 0 0 3 8 0 0
0 3 0 3 0 0 8 0 0
0 0 0 0 0 0 8 0 0
3 3 0 0 0 3 8 0 0
8 8 8 8 8 8 8 8 8
0 0 0 0 0 0 8 7 1
0 0 0 0 0 0 8 4 6
Output:
0 0 7 1 0 1
7 0 0 0 0 0
7 7 0 0 0 1
0 4 0 6 0 0
0 0 0 0 0 0
4 4 0 0 0 6

Example 6:

Input:
0 0 0 0 0 0 8 1 6
0 0 0 0 0 0 8 5 4
8 8 8 8 8 8 8 8 8
0 3 3 3 3 3 8 0 0
3 0 3 0 3 3 8 0 0
0 0 0 3 3 0 8 0 0
3 3 3 0 3 3 8 0 0
3 0 3 0 3 3 8 0 0
3 3 0 0 0 0 8 0 0
Output:
0 1 1 6 6 6
1 0 1 0 6 6
0 0 0 6 6 0
5 5 5 0 4 4
5 0 5 0 4 4
5 5 0 0 0 0

Example 7:

Input:
0 0 0 0 0 0 8 5 7
0 0 0 0 0 0 8 9 6
8 8 8 8 8 8 8 8 8
0 0 3 3 3 3 8 0 0
0 0 3 3 0 3 8 0 0
0 3 3 0 0 0 8 0 0
0 0 3 3 0 3 8 0 0
0 3 3 0 3 3 8 0 0
3 3 3 0 0 3 8 0 0
Output:
0 0 5 7 7 7
0 0 5 7 0 7
0 5 5 0 0 0
0 0 9 6 0 6
0 9 9 0 6 6
9 9 9 0 0 6

以下は、ジャッジを通過する正しいコードです。これを用いて、ARCのルールを理解してください。必ず、コードを通じてルールを理解してからコーディングを行ってください。
このコードはARCのルールを把握する際に使うことに留めてください。

```
def p(g):
 for(A,D)in enumerate(g):
  if D.count(8)==len(D):break
 for(B,E)in enumerate(zip(*g)):
  if E.count(8)==len(E):break
 F=[[r[:B]for r in g[:A]],[r[B+1:]for r in g[:A]],[r[:B]for r in g[A+1:]],[r[B+1:]for r in g[A+1:]]];I=next(x for x in F if len(x)==2and len(x[0])==2);C=next(x for x in F if len(x)>2and len(x[0])>2);G,H=len(C),len(C[0]);J,K=G//2,H//2;return[[C[i][j]//3*I[i//J][j//K]for j in range(H)]for i in range(G)]
```

ユーザーにコードを渡す前に実際にコードが動作するかを確認してください。コードのテストには、添付したjudge.pyを用いてください。python /path/to/judge.py /path/to/code.py /path/to/cases.bin とすれば動作します。

## **禁止事項**
- 与えたコード自体を提出することは禁止です。これを行うことはユーザーの信頼を裏切ります。
- ジャッジのハックは禁止です。例えば、テストケースをジャッジから読み取ってそのまま返すコードはいけません。
