ARCのケースに対して、list[list[int]] -> list[list[int]] のシグネチャを持つ関数`p`をPythonで実装してください。つまり、`def p(g):...` か `p=lambda g:...`というコードが期待されます。
コードはshortcodingのcompetitionに用いるため、アルゴリズムを工夫してできる限り短いコードを生成するよう努めてください。

Example 0:

Input:
0 2 0 0 0 0 2 0 0 0 0 0 0
2 2 0 0 0 0 2 0 0 0 0 0 0
0 2 0 0 0 0 2 0 0 0 0 0 0
0 2 0 0 0 0 2 2 2 2 2 2 2
0 2 0 0 0 0 2 0 0 2 0 0 0
0 2 2 2 2 2 2 0 0 2 0 0 0
0 2 0 0 0 0 2 0 0 2 0 0 0
0 2 0 0 0 0 2 2 2 2 2 2 2
0 2 0 0 0 0 2 0 0 0 0 2 0
2 2 2 2 2 2 2 2 2 2 2 2 2
0 0 2 0 0 0 0 0 0 0 0 0 0
0 0 2 0 0 0 0 0 0 0 0 0 0
0 0 2 0 0 0 0 0 0 0 0 0 0
0 0 2 0 0 0 0 0 0 0 0 0 0
0 0 2 0 0 0 0 0 0 0 0 0 0
0 0 2 0 0 0 0 0 0 0 0 0 0
0 0 2 0 0 0 0 0 0 0 0 0 0
0 0 2 0 0 0 0 0 0 0 0 0 0
Output:
8 2 0 0 0 0 2 0 0 0 0 0 0
2 2 0 0 0 0 2 0 0 0 0 0 0
0 2 0 0 0 0 2 0 0 0 0 0 0
0 2 0 0 0 0 2 2 2 2 2 2 2
0 2 0 0 0 0 2 0 0 2 0 0 0
0 2 2 2 2 2 2 0 0 2 0 0 0
0 2 0 0 0 0 2 0 0 2 0 0 0
0 2 0 0 0 0 2 2 2 2 2 2 2
0 2 0 0 0 0 2 0 0 0 0 2 8
2 2 2 2 2 2 2 2 2 2 2 2 2
0 0 2 1 1 1 1 1 1 1 1 1 1
0 0 2 1 1 1 1 1 1 1 1 1 1
0 0 2 1 1 1 1 1 1 1 1 1 1
0 0 2 1 1 1 1 1 1 1 1 1 1
0 0 2 1 1 1 1 1 1 1 1 1 1
0 0 2 1 1 1 1 1 1 1 1 1 1
0 0 2 1 1 1 1 1 1 1 1 1 1
0 0 2 1 1 1 1 1 1 1 1 1 1

Example 1:

Input:
0 0 0 0 2 0 0 0 0 0 0 0 0
0 0 0 0 2 2 2 2 2 2 2 2 2
0 0 0 0 2 0 0 0 0 0 0 0 0
0 0 0 0 2 0 0 0 0 0 0 0 0
0 0 0 0 2 0 0 0 0 0 0 0 0
2 2 2 2 2 0 0 0 0 0 0 0 0
0 0 0 0 2 0 0 0 0 0 0 0 0
0 0 0 0 2 0 0 0 0 0 0 0 0
0 0 0 0 2 0 0 0 0 0 0 0 0
0 0 0 0 2 0 0 0 0 0 0 0 0
0 0 0 0 2 0 0 0 0 0 0 0 0
Output:
0 0 0 0 2 8 8 8 8 8 8 8 8
0 0 0 0 2 2 2 2 2 2 2 2 2
0 0 0 0 2 1 1 1 1 1 1 1 1
0 0 0 0 2 1 1 1 1 1 1 1 1
0 0 0 0 2 1 1 1 1 1 1 1 1
2 2 2 2 2 1 1 1 1 1 1 1 1
0 0 0 0 2 1 1 1 1 1 1 1 1
0 0 0 0 2 1 1 1 1 1 1 1 1
0 0 0 0 2 1 1 1 1 1 1 1 1
0 0 0 0 2 1 1 1 1 1 1 1 1
0 0 0 0 2 1 1 1 1 1 1 1 1

Example 2:

Input:
0 0 0 2 0 0 0 2 0 0 0 0 0 0 0 0
0 0 0 2 0 0 0 2 0 0 0 0 0 0 0 0
0 0 0 2 2 2 2 2 0 0 0 0 0 0 0 0
0 0 0 2 0 0 0 2 0 0 0 0 0 0 0 0
0 0 0 2 0 0 0 2 0 0 0 0 0 0 0 0
2 2 2 2 2 2 2 2 0 0 0 0 0 0 0 0
0 0 0 0 0 0 0 2 0 0 0 0 0 0 0 0
0 0 0 0 0 0 0 2 2 2 2 2 2 2 2 2
0 0 0 0 0 0 0 2 0 0 2 0 0 0 0 0
0 0 0 0 0 0 0 2 0 0 2 0 0 0 0 0
0 0 0 0 0 0 0 2 0 0 2 0 0 0 0 0
Output:
0 0 0 2 8 8 8 2 1 1 1 1 1 1 1 1
0 0 0 2 8 8 8 2 1 1 1 1 1 1 1 1
0 0 0 2 2 2 2 2 1 1 1 1 1 1 1 1
0 0 0 2 8 8 8 2 1 1 1 1 1 1 1 1
0 0 0 2 8 8 8 2 1 1 1 1 1 1 1 1
2 2 2 2 2 2 2 2 1 1 1 1 1 1 1 1
0 0 0 0 0 0 0 2 1 1 1 1 1 1 1 1
0 0 0 0 0 0 0 2 2 2 2 2 2 2 2 2
0 0 0 0 0 0 0 2 8 8 2 0 0 0 0 0
0 0 0 0 0 0 0 2 8 8 2 0 0 0 0 0
0 0 0 0 0 0 0 2 8 8 2 0 0 0 0 0

Example 3:

Input:
0 0 0 2 0 0 0 0 0 0 0 0 2 0 0 0
0 0 0 2 0 0 0 0 0 0 0 0 2 0 0 0
0 0 0 2 0 0 0 0 0 0 0 0 2 2 2 2
0 0 0 2 0 0 0 0 0 0 0 0 2 0 0 0
2 2 2 2 2 2 2 2 2 2 2 2 2 0 0 0
0 0 2 0 0 0 0 0 0 0 0 0 2 0 0 0
0 0 2 0 0 0 0 0 0 0 0 0 2 0 0 0
0 0 2 0 0 0 0 0 0 0 0 0 2 0 0 0
0 0 2 0 0 0 0 0 0 0 0 0 2 0 0 0
2 2 2 0 0 0 0 0 0 0 0 0 2 0 0 0
0 0 2 0 0 0 0 0 0 0 0 0 2 2 2 2
0 0 2 0 0 0 0 0 0 0 0 0 2 0 0 0
0 0 2 0 0 0 0 0 0 0 0 0 2 0 0 0
0 0 2 0 0 0 0 0 0 0 0 0 2 0 0 0
0 0 2 0 0 0 0 0 0 0 0 0 2 0 0 0
Output:
0 0 0 2 0 0 0 0 0 0 0 0 2 8 8 8
0 0 0 2 0 0 0 0 0 0 0 0 2 8 8 8
0 0 0 2 0 0 0 0 0 0 0 0 2 2 2 2
0 0 0 2 0 0 0 0 0 0 0 0 2 0 0 0
2 2 2 2 2 2 2 2 2 2 2 2 2 0 0 0
0 0 2 1 1 1 1 1 1 1 1 1 2 0 0 0
0 0 2 1 1 1 1 1 1 1 1 1 2 0 0 0
0 0 2 1 1 1 1 1 1 1 1 1 2 0 0 0
0 0 2 1 1 1 1 1 1 1 1 1 2 0 0 0
2 2 2 1 1 1 1 1 1 1 1 1 2 0 0 0
0 0 2 1 1 1 1 1 1 1 1 1 2 2 2 2
0 0 2 1 1 1 1 1 1 1 1 1 2 0 0 0
0 0 2 1 1 1 1 1 1 1 1 1 2 0 0 0
0 0 2 1 1 1 1 1 1 1 1 1 2 0 0 0
0 0 2 1 1 1 1 1 1 1 1 1 2 0 0 0

Example 4:

Input:
0 0 0 0 0 0 0 0 0 0 2 0 0 0 0 0
0 0 0 0 0 0 0 0 0 0 2 0 0 0 0 0
2 2 2 2 2 2 2 2 2 2 2 0 0 0 0 0
0 0 0 0 0 0 0 0 0 0 2 0 0 0 0 0
0 0 0 0 0 0 0 0 0 0 2 2 2 2 2 2
0 0 0 0 0 0 0 0 0 0 2 0 0 0 0 0
0 0 0 0 0 0 0 0 0 0 2 0 0 0 0 0
0 0 0 0 0 0 0 0 0 0 2 0 0 0 0 0
0 0 0 0 0 0 0 0 0 0 2 0 0 0 0 0
2 2 2 2 2 2 2 2 2 2 2 2 2 2 2 2
0 0 0 2 0 0 0 0 0 0 2 0 2 0 0 0
2 2 2 2 0 0 0 0 0 0 2 0 2 0 0 0
0 0 0 2 0 0 0 0 0 0 2 0 2 0 0 0
Output:
0 0 0 0 0 0 0 0 0 0 2 0 0 0 0 0
0 0 0 0 0 0 0 0 0 0 2 0 0 0 0 0
2 2 2 2 2 2 2 2 2 2 2 0 0 0 0 0
1 1 1 1 1 1 1 1 1 1 2 0 0 0 0 0
1 1 1 1 1 1 1 1 1 1 2 2 2 2 2 2
1 1 1 1 1 1 1 1 1 1 2 0 0 0 0 0
1 1 1 1 1 1 1 1 1 1 2 0 0 0 0 0
1 1 1 1 1 1 1 1 1 1 2 0 0 0 0 0
1 1 1 1 1 1 1 1 1 1 2 0 0 0 0 0
2 2 2 2 2 2 2 2 2 2 2 2 2 2 2 2
8 8 8 2 0 0 0 0 0 0 2 8 2 0 0 0
2 2 2 2 0 0 0 0 0 0 2 8 2 0 0 0
8 8 8 2 0 0 0 0 0 0 2 8 2 0 0 0

Example 5:

Input:
0 0 0 0 0 0 0 0 0 0 0 0 0 0 0 0 2 0
0 0 0 0 0 0 0 0 0 0 0 0 0 0 0 0 2 0
0 0 0 0 0 0 0 0 0 0 0 0 0 0 0 0 2 0
0 0 0 0 0 0 0 0 0 0 0 0 0 0 0 0 2 0
0 0 0 0 0 0 0 0 0 0 0 0 0 0 0 0 2 0
0 0 0 0 0 0 0 0 0 0 0 0 0 0 0 0 2 0
0 0 0 0 0 0 0 0 0 0 0 0 0 0 0 0 2 0
0 0 0 0 0 0 0 0 0 0 0 0 0 0 0 0 2 0
0 0 0 0 0 0 0 0 0 0 0 0 0 0 0 0 2 0
0 0 0 0 0 0 0 0 0 0 0 0 0 0 0 0 2 0
0 0 0 0 0 0 0 0 0 0 0 0 0 0 0 0 2 0
Output:
1 1 1 1 1 1 1 1 1 1 1 1 1 1 1 1 2 8
1 1 1 1 1 1 1 1 1 1 1 1 1 1 1 1 2 8
1 1 1 1 1 1 1 1 1 1 1 1 1 1 1 1 2 8
1 1 1 1 1 1 1 1 1 1 1 1 1 1 1 1 2 8
1 1 1 1 1 1 1 1 1 1 1 1 1 1 1 1 2 8
1 1 1 1 1 1 1 1 1 1 1 1 1 1 1 1 2 8
1 1 1 1 1 1 1 1 1 1 1 1 1 1 1 1 2 8
1 1 1 1 1 1 1 1 1 1 1 1 1 1 1 1 2 8
1 1 1 1 1 1 1 1 1 1 1 1 1 1 1 1 2 8
1 1 1 1 1 1 1 1 1 1 1 1 1 1 1 1 2 8
1 1 1 1 1 1 1 1 1 1 1 1 1 1 1 1 2 8

Example 6:

Input:
0 0 0 0 0 0 0 2 0 2 0
0 0 0 0 0 0 0 2 0 2 0
0 0 0 0 0 0 0 2 0 2 0
0 0 0 0 0 0 0 2 0 2 0
0 0 0 0 0 0 0 2 0 2 0
0 0 0 0 0 0 0 2 0 2 0
0 0 0 0 0 0 0 2 0 2 0
0 0 0 0 0 0 0 2 0 2 0
0 0 0 0 0 0 0 2 0 2 0
0 0 0 0 0 0 0 2 0 2 0
0 0 0 0 0 0 0 2 0 2 0
0 0 0 0 0 0 0 2 0 2 0
0 0 0 0 0 0 0 2 0 2 0
0 0 0 0 0 0 0 2 0 2 0
0 0 0 0 0 0 0 2 0 2 0
Output:
1 1 1 1 1 1 1 2 8 2 8
1 1 1 1 1 1 1 2 8 2 8
1 1 1 1 1 1 1 2 8 2 8
1 1 1 1 1 1 1 2 8 2 8
1 1 1 1 1 1 1 2 8 2 8
1 1 1 1 1 1 1 2 8 2 8
1 1 1 1 1 1 1 2 8 2 8
1 1 1 1 1 1 1 2 8 2 8
1 1 1 1 1 1 1 2 8 2 8
1 1 1 1 1 1 1 2 8 2 8
1 1 1 1 1 1 1 2 8 2 8
1 1 1 1 1 1 1 2 8 2 8
1 1 1 1 1 1 1 2 8 2 8
1 1 1 1 1 1 1 2 8 2 8
1 1 1 1 1 1 1 2 8 2 8

Example 7:

Input:
0 0 0 0 0 0 2 0 0 2 0
0 0 0 0 0 0 2 0 0 2 0
0 0 0 0 0 0 2 2 2 2 0
0 0 0 0 0 0 2 0 0 2 0
0 0 0 0 0 0 2 0 0 2 0
0 0 0 0 0 0 2 0 0 2 0
0 0 0 0 0 0 2 0 0 2 0
0 0 0 0 0 0 2 0 0 2 2
0 0 0 0 0 0 2 0 0 2 0
0 0 0 0 0 0 2 0 0 2 0
0 0 0 0 0 0 2 0 0 2 0
2 2 2 2 2 2 2 0 0 2 0
0 0 0 0 0 0 2 0 0 2 0
2 2 2 2 2 2 2 0 0 2 0
0 0 2 0 0 0 2 0 0 2 0
2 2 2 0 0 0 2 0 0 2 0
0 0 2 0 0 0 2 0 0 2 0
Output:
1 1 1 1 1 1 2 0 0 2 0
1 1 1 1 1 1 2 0 0 2 0
1 1 1 1 1 1 2 2 2 2 0
1 1 1 1 1 1 2 0 0 2 0
1 1 1 1 1 1 2 0 0 2 0
1 1 1 1 1 1 2 0 0 2 0
1 1 1 1 1 1 2 0 0 2 0
1 1 1 1 1 1 2 0 0 2 2
1 1 1 1 1 1 2 0 0 2 0
1 1 1 1 1 1 2 0 0 2 0
1 1 1 1 1 1 2 0 0 2 0
2 2 2 2 2 2 2 0 0 2 0
0 0 0 0 0 0 2 0 0 2 0
2 2 2 2 2 2 2 0 0 2 0
8 8 2 0 0 0 2 0 0 2 0
2 2 2 0 0 0 2 0 0 2 0
8 8 2 0 0 0 2 0 0 2 0

以下は、ジャッジを通過する正しいコードです。これを用いて、ARCのルールを理解してください。必ず、コードを通じてルールを理解してからコーディングを行ってください。
このコードはARCのルールを把握する際に使うことに留めてください。

```
def p(g):
 h,w=len(g),len(g[0]);u=sorted((x,i,j,r,d)for A in range(h*w)if(i:=A%h)<1or g[i-1][j]if(j:=A//h)<1or g[i][j-1]if(x:=(r:=[*g[i][j:],2].index(2))*(d:=[*(g[k][j]for k in range(i,h)),2].index(2))))
 for(x,i,j,d,r)in u:
  for s in g[i:i+r]:
   if x==u[0][0]:s[j:j+d]=[8]*d
   if x==u[-1][0]:s[j:j+d]=[1]*d
 return g
```

ユーザーにコードを渡す前に実際にコードが動作するかを確認してください。コードのテストには、添付したjudge.pyを用いてください。python /path/to/judge.py /path/to/code.py /path/to/cases.bin とすれば動作します。

## **禁止事項**
- 与えたコード自体を提出することは禁止です。これを行うことはユーザーの信頼を裏切ります。
- ジャッジのハックは禁止です。例えば、テストケースをジャッジから読み取ってそのまま返すコードはいけません。
