ARCのケースに対して、list[list[int]] -> list[list[int]] のシグネチャを持つ関数`p`をPythonで実装してください。つまり、`def p(g):...` か `p=lambda g:...`というコードが期待されます。
コードはshortcodingのcompetitionに用いるため、アルゴリズムを工夫してできる限り短いコードを生成するよう努めてください。

Example 0:

Input:
0 0 0 0 0 0 0 0 0 0 2 2
0 0 0 0 0 0 0 0 0 0 2 2
0 0 0 0 0 0 0 0 0 0 2 2
0 0 0 0 0 0 0 0 0 0 2 2
0 0 0 0 0 0 0 0 0 0 2 2
0 0 0 0 0 0 0 0 0 0 2 2
0 0 0 0 0 0 0 0 0 0 2 2
0 0 0 0 0 0 0 0 0 0 2 2
0 0 0 0 0 0 0 0 0 0 2 2
0 0 0 0 0 0 0 0 0 0 2 2
0 0 0 8 0 0 0 0 0 0 2 2
0 0 8 0 0 0 0 0 0 0 2 2
Output:
0 0 0 0 0 3 0 0 0 0 2 2
0 0 0 0 0 0 3 0 0 0 2 2
0 0 0 0 0 0 0 3 0 0 2 2
0 0 0 0 0 0 0 0 3 0 2 2
0 0 0 0 0 0 0 0 0 3 2 2
0 0 0 0 0 0 0 0 3 0 2 2
0 0 0 0 0 0 0 3 0 0 2 2
0 0 0 0 0 0 3 0 0 0 2 2
0 0 0 0 0 3 0 0 0 0 2 2
0 0 0 0 3 0 0 0 0 0 2 2
0 0 0 8 0 0 0 0 0 0 2 2
0 0 8 0 0 0 0 0 0 0 2 2

Example 1:

Input:
0 0 0 0 0 0 0 0 0 0 0 0
0 0 0 0 0 0 0 0 0 0 0 0
8 0 0 0 0 0 0 0 0 0 0 0
0 8 0 0 0 0 0 0 0 0 0 0
0 0 8 0 0 0 0 0 0 0 0 0
0 0 0 0 0 0 0 0 0 0 0 0
0 0 0 0 0 0 0 0 0 0 0 0
0 0 0 0 0 0 0 0 0 0 0 0
0 0 0 0 0 0 0 0 0 0 0 0
2 2 2 2 2 2 2 2 2 2 2 2
2 2 2 2 2 2 2 2 2 2 2 2
2 2 2 2 2 2 2 2 2 2 2 2
Output:
0 0 0 0 0 0 0 0 0 0 0 0
0 0 0 0 0 0 0 0 0 0 0 0
8 0 0 0 0 0 0 0 0 0 0 0
0 8 0 0 0 0 0 0 0 0 0 3
0 0 8 0 0 0 0 0 0 0 3 0
0 0 0 3 0 0 0 0 0 3 0 0
0 0 0 0 3 0 0 0 3 0 0 0
0 0 0 0 0 3 0 3 0 0 0 0
0 0 0 0 0 0 3 0 0 0 0 0
2 2 2 2 2 2 2 2 2 2 2 2
2 2 2 2 2 2 2 2 2 2 2 2
2 2 2 2 2 2 2 2 2 2 2 2

Example 2:

Input:
2 2 0 0 0 0 0 0 0 0 0 0
2 2 0 0 0 0 0 0 0 0 0 0
2 2 0 0 0 0 0 0 0 0 0 0
2 2 0 0 0 0 0 0 0 0 0 0
2 2 0 0 0 0 0 0 0 0 0 0
2 2 0 0 0 0 0 0 0 0 0 0
2 2 0 0 0 0 0 0 0 0 0 0
2 2 0 0 0 0 0 0 0 0 0 0
2 2 0 0 0 0 0 0 0 0 0 0
2 2 0 0 0 0 8 0 0 0 0 0
2 2 0 0 0 0 0 8 0 0 0 0
2 2 0 0 0 0 0 0 8 0 0 0
Output:
2 2 0 0 0 0 0 3 0 0 0 0
2 2 0 0 0 0 3 0 0 0 0 0
2 2 0 0 0 3 0 0 0 0 0 0
2 2 0 0 3 0 0 0 0 0 0 0
2 2 0 3 0 0 0 0 0 0 0 0
2 2 3 0 0 0 0 0 0 0 0 0
2 2 0 3 0 0 0 0 0 0 0 0
2 2 0 0 3 0 0 0 0 0 0 0
2 2 0 0 0 3 0 0 0 0 0 0
2 2 0 0 0 0 8 0 0 0 0 0
2 2 0 0 0 0 0 8 0 0 0 0
2 2 0 0 0 0 0 0 8 0 0 0

Example 3:

Input:
0 0 0 8 0 0 0 0 2 2 2 2
0 0 0 0 8 0 0 0 2 2 2 2
0 0 0 0 0 0 0 0 2 2 2 2
0 0 0 0 0 0 0 0 2 2 2 2
0 0 0 0 0 0 0 0 2 2 2 2
0 0 0 0 0 0 0 0 2 2 2 2
0 0 0 0 0 0 0 0 2 2 2 2
0 0 0 0 0 0 0 0 2 2 2 2
0 0 0 0 0 0 0 0 2 2 2 2
0 0 0 0 0 0 0 0 2 2 2 2
0 0 0 0 0 0 0 0 2 2 2 2
0 0 0 0 0 0 0 0 2 2 2 2
Output:
0 0 0 8 0 0 0 0 2 2 2 2
0 0 0 0 8 0 0 0 2 2 2 2
0 0 0 0 0 3 0 0 2 2 2 2
0 0 0 0 0 0 3 0 2 2 2 2
0 0 0 0 0 0 0 3 2 2 2 2
0 0 0 0 0 0 3 0 2 2 2 2
0 0 0 0 0 3 0 0 2 2 2 2
0 0 0 0 3 0 0 0 2 2 2 2
0 0 0 3 0 0 0 0 2 2 2 2
0 0 3 0 0 0 0 0 2 2 2 2
0 3 0 0 0 0 0 0 2 2 2 2
3 0 0 0 0 0 0 0 2 2 2 2

Example 4:

Input:
2 2 2 2 2 2 2 2 2 2 2 2
2 2 2 2 2 2 2 2 2 2 2 2
2 2 2 2 2 2 2 2 2 2 2 2
2 2 2 2 2 2 2 2 2 2 2 2
2 2 2 2 2 2 2 2 2 2 2 2
0 0 0 0 0 0 0 0 0 0 0 0
0 0 0 0 0 0 0 0 0 0 0 0
0 0 0 0 0 0 0 0 0 0 0 0
0 0 8 0 0 0 0 0 0 0 0 0
0 8 0 0 0 0 0 0 0 0 0 0
8 0 0 0 0 0 0 0 0 0 0 0
0 0 0 0 0 0 0 0 0 0 0 0
Output:
2 2 2 2 2 2 2 2 2 2 2 2
2 2 2 2 2 2 2 2 2 2 2 2
2 2 2 2 2 2 2 2 2 2 2 2
2 2 2 2 2 2 2 2 2 2 2 2
2 2 2 2 2 2 2 2 2 2 2 2
0 0 0 0 0 3 0 0 0 0 0 0
0 0 0 0 3 0 3 0 0 0 0 0
0 0 0 3 0 0 0 3 0 0 0 0
0 0 8 0 0 0 0 0 3 0 0 0
0 8 0 0 0 0 0 0 0 3 0 0
8 0 0 0 0 0 0 0 0 0 3 0
0 0 0 0 0 0 0 0 0 0 0 3

Example 5:

Input:
0 0 0 0 8 0 0 0 0 0 0 2
0 0 0 0 0 8 0 0 0 0 0 2
0 0 0 0 0 0 0 0 0 0 0 2
0 0 0 0 0 0 0 0 0 0 0 2
0 0 0 0 0 0 0 0 0 0 0 2
0 0 0 0 0 0 0 0 0 0 0 2
0 0 0 0 0 0 0 0 0 0 0 2
0 0 0 0 0 0 0 0 0 0 0 2
0 0 0 0 0 0 0 0 0 0 0 2
0 0 0 0 0 0 0 0 0 0 0 2
0 0 0 0 0 0 0 0 0 0 0 2
0 0 0 0 0 0 0 0 0 0 0 2
Output:
0 0 0 0 8 0 0 0 0 0 0 2
0 0 0 0 0 8 0 0 0 0 0 2
0 0 0 0 0 0 3 0 0 0 0 2
0 0 0 0 0 0 0 3 0 0 0 2
0 0 0 0 0 0 0 0 3 0 0 2
0 0 0 0 0 0 0 0 0 3 0 2
0 0 0 0 0 0 0 0 0 0 3 2
0 0 0 0 0 0 0 0 0 3 0 2
0 0 0 0 0 0 0 0 3 0 0 2
0 0 0 0 0 0 0 3 0 0 0 2
0 0 0 0 0 0 3 0 0 0 0 2
0 0 0 0 0 3 0 0 0 0 0 2

Example 6:

Input:
0 0 0 0 0 0 0 0 0 0 0 0
0 0 0 0 0 0 0 0 0 0 0 0
8 0 0 0 0 0 0 0 0 0 0 0
0 8 0 0 0 0 0 0 0 0 0 0
0 0 0 0 0 0 0 0 0 0 0 0
0 0 0 0 0 0 0 0 0 0 0 0
0 0 0 0 0 0 0 0 0 0 0 0
0 0 0 0 0 0 0 0 0 0 0 0
0 0 0 0 0 0 0 0 0 0 0 0
0 0 0 0 0 0 0 0 0 0 0 0
0 0 0 0 0 0 0 0 0 0 0 0
2 2 2 2 2 2 2 2 2 2 2 2
Output:
0 0 0 0 0 0 0 0 0 0 0 0
0 0 0 0 0 0 0 0 0 0 0 0
8 0 0 0 0 0 0 0 0 0 0 0
0 8 0 0 0 0 0 0 0 0 0 0
0 0 3 0 0 0 0 0 0 0 0 0
0 0 0 3 0 0 0 0 0 0 0 0
0 0 0 0 3 0 0 0 0 0 0 0
0 0 0 0 0 3 0 0 0 0 0 3
0 0 0 0 0 0 3 0 0 0 3 0
0 0 0 0 0 0 0 3 0 3 0 0
0 0 0 0 0 0 0 0 3 0 0 0
2 2 2 2 2 2 2 2 2 2 2 2

Example 7:

Input:
0 0 0 0 0 0 0 0 0 0 0 0
0 0 0 0 0 0 0 0 0 0 0 0
0 0 0 0 0 0 0 0 0 0 0 0
0 0 0 0 0 0 0 0 0 0 0 0
0 0 0 0 0 0 0 0 0 0 0 8
0 0 0 0 0 0 0 0 0 0 8 0
0 0 0 0 0 0 0 0 0 0 0 0
0 0 0 0 0 0 0 0 0 0 0 0
0 0 0 0 0 0 0 0 0 0 0 0
2 2 2 2 2 2 2 2 2 2 2 2
2 2 2 2 2 2 2 2 2 2 2 2
2 2 2 2 2 2 2 2 2 2 2 2
Output:
0 0 0 0 0 0 0 0 0 0 0 0
3 0 0 0 0 0 0 0 0 0 0 0
0 3 0 0 0 0 0 0 0 0 0 0
0 0 3 0 0 0 0 0 0 0 0 0
0 0 0 3 0 0 0 0 0 0 0 8
0 0 0 0 3 0 0 0 0 0 8 0
0 0 0 0 0 3 0 0 0 3 0 0
0 0 0 0 0 0 3 0 3 0 0 0
0 0 0 0 0 0 0 3 0 0 0 0
2 2 2 2 2 2 2 2 2 2 2 2
2 2 2 2 2 2 2 2 2 2 2 2
2 2 2 2 2 2 2 2 2 2 2 2

以下は、ジャッジを通過する正しいコードです。これを用いて、ARCのルールを理解してください。必ず、コードを通じてルールを理解してからコーディングを行ってください。
このコードはARCのルールを把握する際に使うことに留めてください。

```
def p(g):
 for A in range(4800):
  u,v=A%2*2-1,(A&2)-1
  if g[i:=A//40%10+1][j:=A//4%10+1]>2and g[i+u][j+v]>2:s=g[i+u*~-(g[i-u][j]&2)];s[w]=s[w:=j+v*~-(g[i][j-v]&2)]or 3
 return g
```

ユーザーにコードを渡す前に実際にコードが動作するかを確認してください。コードのテストには、添付したstandalone_judge.pyを用いてください。python /path/to/standalone_judge.py /path/to/code.py とすれば動作します。
このPythonファイルは非常に大きなケースを含むので、あなたのコンテキストを圧迫します。そのため、このファイルを全て読んではいけません。

## **禁止事項**
- 与えたコード自体を提出することは禁止です。これを行うことはユーザーの信頼を裏切ります。
- ジャッジのハックは禁止です。例えば、テストケースをジャッジから読み取ってそのまま返すコードはいけません。
