ARCのケースに対して、list[list[int]] -> list[list[int]] のシグネチャを持つ関数`p`をPythonで実装してください。つまり、`def p(g):...` か `p=lambda g:...`というコードが期待されます。
コードはshortcodingのcompetitionに用いるため、アルゴリズムを工夫してできる限り短いコードを生成するよう努めてください。

Example 0:

Input:
0 0 0 0 8 3 3 3 3 8 0 0 0 0 8 0 0 0 0 8 0 0 0 0
0 0 0 0 8 3 3 3 3 8 0 0 0 0 8 0 0 0 0 8 0 0 0 0
0 0 0 0 8 3 3 3 3 8 0 0 0 0 8 0 0 0 0 8 0 0 0 0
0 0 0 0 8 3 3 3 3 8 0 0 0 0 8 0 0 0 0 8 0 0 0 0
8 8 8 8 8 8 8 8 8 8 8 8 8 8 8 8 8 8 8 8 8 8 8 8
3 3 3 3 8 6 6 6 6 8 3 3 3 3 8 0 0 0 0 8 0 0 0 0
3 3 3 3 8 6 6 6 6 8 3 3 3 3 8 0 0 0 0 8 0 0 0 0
3 3 3 3 8 6 6 6 6 8 3 3 3 3 8 0 0 0 0 8 0 0 0 0
3 3 3 3 8 6 6 6 6 8 3 3 3 3 8 0 0 0 0 8 0 0 0 0
8 8 8 8 8 8 8 8 8 8 8 8 8 8 8 8 8 8 8 8 8 8 8 8
0 0 0 0 8 3 3 3 3 8 0 0 0 0 8 0 0 0 0 8 0 0 0 0
0 0 0 0 8 3 3 3 3 8 0 0 0 0 8 0 0 0 0 8 0 0 0 0
0 0 0 0 8 3 3 3 3 8 0 0 0 0 8 0 0 0 0 8 0 0 0 0
0 0 0 0 8 3 3 3 3 8 0 0 0 0 8 0 0 0 0 8 0 0 0 0
8 8 8 8 8 8 8 8 8 8 8 8 8 8 8 8 8 8 8 8 8 8 8 8
0 0 0 0 8 0 0 0 0 8 0 0 0 0 8 0 0 0 0 8 0 0 0 0
0 0 0 0 8 0 0 0 0 8 0 0 0 0 8 0 0 0 0 8 0 0 0 0
0 0 0 0 8 0 0 0 0 8 0 0 0 0 8 0 0 0 0 8 0 0 0 0
0 0 0 0 8 0 0 0 0 8 0 0 0 0 8 0 0 0 0 8 0 0 0 0
8 8 8 8 8 8 8 8 8 8 8 8 8 8 8 8 8 8 8 8 8 8 8 8
0 0 0 0 8 0 0 0 0 8 0 0 0 0 8 6 6 6 6 8 0 0 0 0
0 0 0 0 8 0 0 0 0 8 0 0 0 0 8 6 6 6 6 8 0 0 0 0
0 0 0 0 8 0 0 0 0 8 0 0 0 0 8 6 6 6 6 8 0 0 0 0
0 0 0 0 8 0 0 0 0 8 0 0 0 0 8 6 6 6 6 8 0 0 0 0
Output:
0 0 0 0 8 3 3 3 3 8 0 0 0 0 8 0 0 0 0 8 0 0 0 0
0 0 0 0 8 3 3 3 3 8 0 0 0 0 8 0 0 0 0 8 0 0 0 0
0 0 0 0 8 3 3 3 3 8 0 0 0 0 8 0 0 0 0 8 0 0 0 0
0 0 0 0 8 3 3 3 3 8 0 0 0 0 8 0 0 0 0 8 0 0 0 0
8 8 8 8 8 8 8 8 8 8 8 8 8 8 8 8 8 8 8 8 8 8 8 8
3 3 3 3 8 6 6 6 6 8 3 3 3 3 8 0 0 0 0 8 0 0 0 0
3 3 3 3 8 6 6 6 6 8 3 3 3 3 8 0 0 0 0 8 0 0 0 0
3 3 3 3 8 6 6 6 6 8 3 3 3 3 8 0 0 0 0 8 0 0 0 0
3 3 3 3 8 6 6 6 6 8 3 3 3 3 8 0 0 0 0 8 0 0 0 0
8 8 8 8 8 8 8 8 8 8 8 8 8 8 8 8 8 8 8 8 8 8 8 8
0 0 0 0 8 3 3 3 3 8 0 0 0 0 8 0 0 0 0 8 0 0 0 0
0 0 0 0 8 3 3 3 3 8 0 0 0 0 8 0 0 0 0 8 0 0 0 0
0 0 0 0 8 3 3 3 3 8 0 0 0 0 8 0 0 0 0 8 0 0 0 0
0 0 0 0 8 3 3 3 3 8 0 0 0 0 8 0 0 0 0 8 0 0 0 0
8 8 8 8 8 8 8 8 8 8 8 8 8 8 8 8 8 8 8 8 8 8 8 8
0 0 0 0 8 0 0 0 0 8 0 0 0 0 8 3 3 3 3 8 0 0 0 0
0 0 0 0 8 0 0 0 0 8 0 0 0 0 8 3 3 3 3 8 0 0 0 0
0 0 0 0 8 0 0 0 0 8 0 0 0 0 8 3 3 3 3 8 0 0 0 0
0 0 0 0 8 0 0 0 0 8 0 0 0 0 8 3 3 3 3 8 0 0 0 0
8 8 8 8 8 8 8 8 8 8 8 8 8 8 8 8 8 8 8 8 8 8 8 8
0 0 0 0 8 0 0 0 0 8 3 3 3 3 8 6 6 6 6 8 3 3 3 3
0 0 0 0 8 0 0 0 0 8 3 3 3 3 8 6 6 6 6 8 3 3 3 3
0 0 0 0 8 0 0 0 0 8 3 3 3 3 8 6 6 6 6 8 3 3 3 3
0 0 0 0 8 0 0 0 0 8 3 3 3 3 8 6 6 6 6 8 3 3 3 3

Example 1:

Input:
0 0 0 3 0 0 0 3 0 0 0 3 0 0 0 3 0 0 0 3 0 0 0 3 4 4 4
0 0 0 3 0 0 0 3 0 0 0 3 0 0 0 3 0 0 0 3 0 0 0 3 4 4 4
0 0 0 3 0 0 0 3 0 0 0 3 0 0 0 3 0 0 0 3 0 0 0 3 4 4 4
3 3 3 3 3 3 3 3 3 3 3 3 3 3 3 3 3 3 3 3 3 3 3 3 3 3 3
0 0 0 3 0 0 0 3 6 6 6 3 0 0 0 3 0 0 0 3 0 0 0 3 0 0 0
0 0 0 3 0 0 0 3 6 6 6 3 0 0 0 3 0 0 0 3 0 0 0 3 0 0 0
0 0 0 3 0 0 0 3 6 6 6 3 0 0 0 3 0 0 0 3 0 0 0 3 0 0 0
3 3 3 3 3 3 3 3 3 3 3 3 3 3 3 3 3 3 3 3 3 3 3 3 3 3 3
0 0 0 3 6 6 6 3 4 4 4 3 6 6 6 3 0 0 0 3 0 0 0 3 0 0 0
0 0 0 3 6 6 6 3 4 4 4 3 6 6 6 3 0 0 0 3 0 0 0 3 0 0 0
0 0 0 3 6 6 6 3 4 4 4 3 6 6 6 3 0 0 0 3 0 0 0 3 0 0 0
3 3 3 3 3 3 3 3 3 3 3 3 3 3 3 3 3 3 3 3 3 3 3 3 3 3 3
0 0 0 3 0 0 0 3 6 6 6 3 0 0 0 3 0 0 0 3 0 0 0 3 0 0 0
0 0 0 3 0 0 0 3 6 6 6 3 0 0 0 3 0 0 0 3 0 0 0 3 0 0 0
0 0 0 3 0 0 0 3 6 6 6 3 0 0 0 3 0 0 0 3 0 0 0 3 0 0 0
3 3 3 3 3 3 3 3 3 3 3 3 3 3 3 3 3 3 3 3 3 3 3 3 3 3 3
0 0 0 3 0 0 0 3 0 0 0 3 0 0 0 3 0 0 0 3 0 0 0 3 0 0 0
0 0 0 3 0 0 0 3 0 0 0 3 0 0 0 3 0 0 0 3 0 0 0 3 0 0 0
0 0 0 3 0 0 0 3 0 0 0 3 0 0 0 3 0 0 0 3 0 0 0 3 0 0 0
3 3 3 3 3 3 3 3 3 3 3 3 3 3 3 3 3 3 3 3 3 3 3 3 3 3 3
0 0 0 3 0 0 0 3 0 0 0 3 4 4 4 3 0 0 0 3 0 0 0 3 0 0 0
0 0 0 3 0 0 0 3 0 0 0 3 4 4 4 3 0 0 0 3 0 0 0 3 0 0 0
0 0 0 3 0 0 0 3 0 0 0 3 4 4 4 3 0 0 0 3 0 0 0 3 0 0 0
3 3 3 3 3 3 3 3 3 3 3 3 3 3 3 3 3 3 3 3 3 3 3 3 3 3 3
0 0 0 3 0 0 0 3 0 0 0 3 0 0 0 3 0 0 0 3 0 0 0 3 0 0 0
0 0 0 3 0 0 0 3 0 0 0 3 0 0 0 3 0 0 0 3 0 0 0 3 0 0 0
0 0 0 3 0 0 0 3 0 0 0 3 0 0 0 3 0 0 0 3 0 0 0 3 0 0 0
Output:
0 0 0 3 0 0 0 3 0 0 0 3 0 0 0 3 0 0 0 3 6 6 6 3 4 4 4
0 0 0 3 0 0 0 3 0 0 0 3 0 0 0 3 0 0 0 3 6 6 6 3 4 4 4
0 0 0 3 0 0 0 3 0 0 0 3 0 0 0 3 0 0 0 3 6 6 6 3 4 4 4
3 3 3 3 3 3 3 3 3 3 3 3 3 3 3 3 3 3 3 3 3 3 3 3 3 3 3
0 0 0 3 0 0 0 3 6 6 6 3 0 0 0 3 0 0 0 3 0 0 0 3 6 6 6
0 0 0 3 0 0 0 3 6 6 6 3 0 0 0 3 0 0 0 3 0 0 0 3 6 6 6
0 0 0 3 0 0 0 3 6 6 6 3 0 0 0 3 0 0 0 3 0 0 0 3 6 6 6
3 3 3 3 3 3 3 3 3 3 3 3 3 3 3 3 3 3 3 3 3 3 3 3 3 3 3
0 0 0 3 6 6 6 3 4 4 4 3 6 6 6 3 0 0 0 3 0 0 0 3 0 0 0
0 0 0 3 6 6 6 3 4 4 4 3 6 6 6 3 0 0 0 3 0 0 0 3 0 0 0
0 0 0 3 6 6 6 3 4 4 4 3 6 6 6 3 0 0 0 3 0 0 0 3 0 0 0
3 3 3 3 3 3 3 3 3 3 3 3 3 3 3 3 3 3 3 3 3 3 3 3 3 3 3
0 0 0 3 0 0 0 3 6 6 6 3 0 0 0 3 0 0 0 3 0 0 0 3 0 0 0
0 0 0 3 0 0 0 3 6 6 6 3 0 0 0 3 0 0 0 3 0 0 0 3 0 0 0
0 0 0 3 0 0 0 3 6 6 6 3 0 0 0 3 0 0 0 3 0 0 0 3 0 0 0
3 3 3 3 3 3 3 3 3 3 3 3 3 3 3 3 3 3 3 3 3 3 3 3 3 3 3
0 0 0 3 0 0 0 3 0 0 0 3 6 6 6 3 0 0 0 3 0 0 0 3 0 0 0
0 0 0 3 0 0 0 3 0 0 0 3 6 6 6 3 0 0 0 3 0 0 0 3 0 0 0
0 0 0 3 0 0 0 3 0 0 0 3 6 6 6 3 0 0 0 3 0 0 0 3 0 0 0
3 3 3 3 3 3 3 3 3 3 3 3 3 3 3 3 3 3 3 3 3 3 3 3 3 3 3
0 0 0 3 0 0 0 3 6 6 6 3 4 4 4 3 6 6 6 3 0 0 0 3 0 0 0
0 0 0 3 0 0 0 3 6 6 6 3 4 4 4 3 6 6 6 3 0 0 0 3 0 0 0
0 0 0 3 0 0 0 3 6 6 6 3 4 4 4 3 6 6 6 3 0 0 0 3 0 0 0
3 3 3 3 3 3 3 3 3 3 3 3 3 3 3 3 3 3 3 3 3 3 3 3 3 3 3
0 0 0 3 0 0 0 3 0 0 0 3 6 6 6 3 0 0 0 3 0 0 0 3 0 0 0
0 0 0 3 0 0 0 3 0 0 0 3 6 6 6 3 0 0 0 3 0 0 0 3 0 0 0
0 0 0 3 0 0 0 3 0 0 0 3 6 6 6 3 0 0 0 3 0 0 0 3 0 0 0

Example 2:

Input:
0 0 0 8 0 0 0 8 0 0 0 8 0 0 0 8 0 0 0 8 0 0 0 8 2 2 2
0 0 0 8 0 0 0 8 0 0 0 8 0 0 0 8 0 0 0 8 0 0 0 8 2 2 2
0 0 0 8 0 0 0 8 0 0 0 8 0 0 0 8 0 0 0 8 0 0 0 8 2 2 2
8 8 8 8 8 8 8 8 8 8 8 8 8 8 8 8 8 8 8 8 8 8 8 8 8 8 8
0 0 0 8 2 2 2 8 0 0 0 8 0 0 0 8 0 0 0 8 0 0 0 8 0 0 0
0 0 0 8 2 2 2 8 0 0 0 8 0 0 0 8 0 0 0 8 0 0 0 8 0 0 0
0 0 0 8 2 2 2 8 0 0 0 8 0 0 0 8 0 0 0 8 0 0 0 8 0 0 0
8 8 8 8 8 8 8 8 8 8 8 8 8 8 8 8 8 8 8 8 8 8 8 8 8 8 8
0 0 0 8 0 0 0 8 0 0 0 8 0 0 0 8 0 0 0 8 0 0 0 8 0 0 0
0 0 0 8 0 0 0 8 0 0 0 8 0 0 0 8 0 0 0 8 0 0 0 8 0 0 0
0 0 0 8 0 0 0 8 0 0 0 8 0 0 0 8 0 0 0 8 0 0 0 8 0 0 0
8 8 8 8 8 8 8 8 8 8 8 8 8 8 8 8 8 8 8 8 8 8 8 8 8 8 8
0 0 0 8 0 0 0 8 0 0 0 8 4 4 4 8 4 4 4 8 4 4 4 8 0 0 0
0 0 0 8 0 0 0 8 0 0 0 8 4 4 4 8 4 4 4 8 4 4 4 8 0 0 0
0 0 0 8 0 0 0 8 0 0 0 8 4 4 4 8 4 4 4 8 4 4 4 8 0 0 0
8 8 8 8 8 8 8 8 8 8 8 8 8 8 8 8 8 8 8 8 8 8 8 8 8 8 8
0 0 0 8 0 0 0 8 0 0 0 8 4 4 4 8 2 2 2 8 4 4 4 8 0 0 0
0 0 0 8 0 0 0 8 0 0 0 8 4 4 4 8 2 2 2 8 4 4 4 8 0 0 0
0 0 0 8 0 0 0 8 0 0 0 8 4 4 4 8 2 2 2 8 4 4 4 8 0 0 0
8 8 8 8 8 8 8 8 8 8 8 8 8 8 8 8 8 8 8 8 8 8 8 8 8 8 8
0 0 0 8 0 0 0 8 0 0 0 8 4 4 4 8 4 4 4 8 4 4 4 8 0 0 0
0 0 0 8 0 0 0 8 0 0 0 8 4 4 4 8 4 4 4 8 4 4 4 8 0 0 0
0 0 0 8 0 0 0 8 0 0 0 8 4 4 4 8 4 4 4 8 4 4 4 8 0 0 0
8 8 8 8 8 8 8 8 8 8 8 8 8 8 8 8 8 8 8 8 8 8 8 8 8 8 8
0 0 0 8 0 0 0 8 0 0 0 8 0 0 0 8 0 0 0 8 0 0 0 8 0 0 0
0 0 0 8 0 0 0 8 0 0 0 8 0 0 0 8 0 0 0 8 0 0 0 8 0 0 0
0 0 0 8 0 0 0 8 0 0 0 8 0 0 0 8 0 0 0 8 0 0 0 8 0 0 0
Output:
4 4 4 8 4 4 4 8 4 4 4 8 0 0 0 8 0 0 0 8 4 4 4 8 2 2 2
4 4 4 8 4 4 4 8 4 4 4 8 0 0 0 8 0 0 0 8 4 4 4 8 2 2 2
4 4 4 8 4 4 4 8 4 4 4 8 0 0 0 8 0 0 0 8 4 4 4 8 2 2 2
8 8 8 8 8 8 8 8 8 8 8 8 8 8 8 8 8 8 8 8 8 8 8 8 8 8 8
4 4 4 8 2 2 2 8 4 4 4 8 0 0 0 8 0 0 0 8 4 4 4 8 4 4 4
4 4 4 8 2 2 2 8 4 4 4 8 0 0 0 8 0 0 0 8 4 4 4 8 4 4 4
4 4 4 8 2 2 2 8 4 4 4 8 0 0 0 8 0 0 0 8 4 4 4 8 4 4 4
8 8 8 8 8 8 8 8 8 8 8 8 8 8 8 8 8 8 8 8 8 8 8 8 8 8 8
4 4 4 8 4 4 4 8 4 4 4 8 0 0 0 8 0 0 0 8 0 0 0 8 0 0 0
4 4 4 8 4 4 4 8 4 4 4 8 0 0 0 8 0 0 0 8 0 0 0 8 0 0 0
4 4 4 8 4 4 4 8 4 4 4 8 0 0 0 8 0 0 0 8 0 0 0 8 0 0 0
8 8 8 8 8 8 8 8 8 8 8 8 8 8 8 8 8 8 8 8 8 8 8 8 8 8 8
0 0 0 8 0 0 0 8 0 0 0 8 4 4 4 8 4 4 4 8 4 4 4 8 0 0 0
0 0 0 8 0 0 0 8 0 0 0 8 4 4 4 8 4 4 4 8 4 4 4 8 0 0 0
0 0 0 8 0 0 0 8 0 0 0 8 4 4 4 8 4 4 4 8 4 4 4 8 0 0 0
8 8 8 8 8 8 8 8 8 8 8 8 8 8 8 8 8 8 8 8 8 8 8 8 8 8 8
0 0 0 8 0 0 0 8 0 0 0 8 4 4 4 8 2 2 2 8 4 4 4 8 0 0 0
0 0 0 8 0 0 0 8 0 0 0 8 4 4 4 8 2 2 2 8 4 4 4 8 0 0 0
0 0 0 8 0 0 0 8 0 0 0 8 4 4 4 8 2 2 2 8 4 4 4 8 0 0 0
8 8 8 8 8 8 8 8 8 8 8 8 8 8 8 8 8 8 8 8 8 8 8 8 8 8 8
0 0 0 8 0 0 0 8 0 0 0 8 4 4 4 8 4 4 4 8 4 4 4 8 0 0 0
0 0 0 8 0 0 0 8 0 0 0 8 4 4 4 8 4 4 4 8 4 4 4 8 0 0 0
0 0 0 8 0 0 0 8 0 0 0 8 4 4 4 8 4 4 4 8 4 4 4 8 0 0 0
8 8 8 8 8 8 8 8 8 8 8 8 8 8 8 8 8 8 8 8 8 8 8 8 8 8 8
0 0 0 8 0 0 0 8 0 0 0 8 0 0 0 8 0 0 0 8 0 0 0 8 0 0 0
0 0 0 8 0 0 0 8 0 0 0 8 0 0 0 8 0 0 0 8 0 0 0 8 0 0 0
0 0 0 8 0 0 0 8 0 0 0 8 0 0 0 8 0 0 0 8 0 0 0 8 0 0 0

Example 3:

Input:
0 0 4 0 0 4 0 0 4 0 0 4 0 0 4 0 0 4 0 0 4 0 0 4 0 0 4 0 0
0 0 4 0 0 4 0 0 4 0 0 4 0 0 4 0 0 4 0 0 4 0 0 4 0 0 4 0 0
4 4 4 4 4 4 4 4 4 4 4 4 4 4 4 4 4 4 4 4 4 4 4 4 4 4 4 4 4
0 0 4 0 0 4 0 0 4 0 0 4 0 0 4 0 0 4 0 0 4 6 6 4 0 0 4 0 0
0 0 4 0 0 4 0 0 4 0 0 4 0 0 4 0 0 4 0 0 4 6 6 4 0 0 4 0 0
4 4 4 4 4 4 4 4 4 4 4 4 4 4 4 4 4 4 4 4 4 4 4 4 4 4 4 4 4
0 0 4 0 0 4 8 8 4 3 3 4 8 8 4 0 0 4 0 0 4 0 0 4 0 0 4 0 0
0 0 4 0 0 4 8 8 4 3 3 4 8 8 4 0 0 4 0 0 4 0 0 4 0 0 4 0 0
4 4 4 4 4 4 4 4 4 4 4 4 4 4 4 4 4 4 4 4 4 4 4 4 4 4 4 4 4
0 0 4 0 0 4 3 3 4 6 6 4 3 3 4 0 0 4 0 0 4 0 0 4 0 0 4 0 0
0 0 4 0 0 4 3 3 4 6 6 4 3 3 4 0 0 4 0 0 4 0 0 4 0 0 4 0 0
4 4 4 4 4 4 4 4 4 4 4 4 4 4 4 4 4 4 4 4 4 4 4 4 4 4 4 4 4
0 0 4 0 0 4 8 8 4 3 3 4 8 8 4 0 0 4 0 0 4 0 0 4 0 0 4 0 0
0 0 4 0 0 4 8 8 4 3 3 4 8 8 4 0 0 4 0 0 4 0 0 4 0 0 4 0 0
4 4 4 4 4 4 4 4 4 4 4 4 4 4 4 4 4 4 4 4 4 4 4 4 4 4 4 4 4
0 0 4 0 0 4 0 0 4 0 0 4 0 0 4 0 0 4 0 0 4 0 0 4 0 0 4 0 0
0 0 4 0 0 4 0 0 4 0 0 4 0 0 4 0 0 4 0 0 4 0 0 4 0 0 4 0 0
4 4 4 4 4 4 4 4 4 4 4 4 4 4 4 4 4 4 4 4 4 4 4 4 4 4 4 4 4
0 0 4 0 0 4 0 0 4 0 0 4 0 0 4 0 0 4 0 0 4 0 0 4 0 0 4 0 0
0 0 4 0 0 4 0 0 4 0 0 4 0 0 4 0 0 4 0 0 4 0 0 4 0 0 4 0 0
4 4 4 4 4 4 4 4 4 4 4 4 4 4 4 4 4 4 4 4 4 4 4 4 4 4 4 4 4
0 0 4 0 0 4 0 0 4 0 0 4 0 0 4 6 6 4 0 0 4 0 0 4 0 0 4 0 0
0 0 4 0 0 4 0 0 4 0 0 4 0 0 4 6 6 4 0 0 4 0 0 4 0 0 4 0 0
4 4 4 4 4 4 4 4 4 4 4 4 4 4 4 4 4 4 4 4 4 4 4 4 4 4 4 4 4
6 6 4 0 0 4 0 0 4 0 0 4 0 0 4 0 0 4 0 0 4 0 0 4 0 0 4 0 0
6 6 4 0 0 4 0 0 4 0 0 4 0 0 4 0 0 4 0 0 4 0 0 4 0 0 4 0 0
4 4 4 4 4 4 4 4 4 4 4 4 4 4 4 4 4 4 4 4 4 4 4 4 4 4 4 4 4
0 0 4 0 0 4 0 0 4 0 0 4 0 0 4 0 0 4 0 0 4 0 0 4 0 0 4 0 0
0 0 4 0 0 4 0 0 4 0 0 4 0 0 4 0 0 4 0 0 4 0 0 4 0 0 4 0 0
Output:
0 0 4 0 0 4 0 0 4 0 0 4 0 0 4 0 0 4 8 8 4 3 3 4 8 8 4 0 0
0 0 4 0 0 4 0 0 4 0 0 4 0 0 4 0 0 4 8 8 4 3 3 4 8 8 4 0 0
4 4 4 4 4 4 4 4 4 4 4 4 4 4 4 4 4 4 4 4 4 4 4 4 4 4 4 4 4
0 0 4 0 0 4 0 0 4 0 0 4 0 0 4 0 0 4 3 3 4 6 6 4 3 3 4 0 0
0 0 4 0 0 4 0 0 4 0 0 4 0 0 4 0 0 4 3 3 4 6 6 4 3 3 4 0 0
4 4 4 4 4 4 4 4 4 4 4 4 4 4 4 4 4 4 4 4 4 4 4 4 4 4 4 4 4
0 0 4 0 0 4 8 8 4 3 3 4 8 8 4 0 0 4 8 8 4 3 3 4 8 8 4 0 0
0 0 4 0 0 4 8 8 4 3 3 4 8 8 4 0 0 4 8 8 4 3 3 4 8 8 4 0 0
4 4 4 4 4 4 4 4 4 4 4 4 4 4 4 4 4 4 4 4 4 4 4 4 4 4 4 4 4
0 0 4 0 0 4 3 3 4 6 6 4 3 3 4 0 0 4 0 0 4 0 0 4 0 0 4 0 0
0 0 4 0 0 4 3 3 4 6 6 4 3 3 4 0 0 4 0 0 4 0 0 4 0 0 4 0 0
4 4 4 4 4 4 4 4 4 4 4 4 4 4 4 4 4 4 4 4 4 4 4 4 4 4 4 4 4
0 0 4 0 0 4 8 8 4 3 3 4 8 8 4 0 0 4 0 0 4 0 0 4 0 0 4 0 0
0 0 4 0 0 4 8 8 4 3 3 4 8 8 4 0 0 4 0 0 4 0 0 4 0 0 4 0 0
4 4 4 4 4 4 4 4 4 4 4 4 4 4 4 4 4 4 4 4 4 4 4 4 4 4 4 4 4
0 0 4 0 0 4 0 0 4 0 0 4 0 0 4 0 0 4 0 0 4 0 0 4 0 0 4 0 0
0 0 4 0 0 4 0 0 4 0 0 4 0 0 4 0 0 4 0 0 4 0 0 4 0 0 4 0 0
4 4 4 4 4 4 4 4 4 4 4 4 4 4 4 4 4 4 4 4 4 4 4 4 4 4 4 4 4
0 0 4 0 0 4 0 0 4 0 0 4 8 8 4 3 3 4 8 8 4 0 0 4 0 0 4 0 0
0 0 4 0 0 4 0 0 4 0 0 4 8 8 4 3 3 4 8 8 4 0 0 4 0 0 4 0 0
4 4 4 4 4 4 4 4 4 4 4 4 4 4 4 4 4 4 4 4 4 4 4 4 4 4 4 4 4
3 3 4 8 8 4 0 0 4 0 0 4 3 3 4 6 6 4 3 3 4 0 0 4 0 0 4 0 0
3 3 4 8 8 4 0 0 4 0 0 4 3 3 4 6 6 4 3 3 4 0 0 4 0 0 4 0 0
4 4 4 4 4 4 4 4 4 4 4 4 4 4 4 4 4 4 4 4 4 4 4 4 4 4 4 4 4
6 6 4 3 3 4 0 0 4 0 0 4 8 8 4 3 3 4 8 8 4 0 0 4 0 0 4 0 0
6 6 4 3 3 4 0 0 4 0 0 4 8 8 4 3 3 4 8 8 4 0 0 4 0 0 4 0 0
4 4 4 4 4 4 4 4 4 4 4 4 4 4 4 4 4 4 4 4 4 4 4 4 4 4 4 4 4
3 3 4 8 8 4 0 0 4 0 0 4 0 0 4 0 0 4 0 0 4 0 0 4 0 0 4 0 0
3 3 4 8 8 4 0 0 4 0 0 4 0 0 4 0 0 4 0 0 4 0 0 4 0 0 4 0 0

Example 4:

Input:
3 3 1 6 6 1 3 3 1 0 0 1 0 0 1 0 0 1 0 0 1 0 0 1 0 0
3 3 1 6 6 1 3 3 1 0 0 1 0 0 1 0 0 1 0 0 1 0 0 1 0 0
1 1 1 1 1 1 1 1 1 1 1 1 1 1 1 1 1 1 1 1 1 1 1 1 1 1
6 6 1 8 8 1 6 6 1 0 0 1 0 0 1 0 0 1 0 0 1 0 0 1 0 0
6 6 1 8 8 1 6 6 1 0 0 1 0 0 1 0 0 1 0 0 1 0 0 1 0 0
1 1 1 1 1 1 1 1 1 1 1 1 1 1 1 1 1 1 1 1 1 1 1 1 1 1
3 3 1 6 6 1 3 3 1 0 0 1 8 8 1 0 0 1 0 0 1 0 0 1 0 0
3 3 1 6 6 1 3 3 1 0 0 1 8 8 1 0 0 1 0 0 1 0 0 1 0 0
1 1 1 1 1 1 1 1 1 1 1 1 1 1 1 1 1 1 1 1 1 1 1 1 1 1
0 0 1 0 0 1 0 0 1 0 0 1 0 0 1 0 0 1 0 0 1 0 0 1 0 0
0 0 1 0 0 1 0 0 1 0 0 1 0 0 1 0 0 1 0 0 1 0 0 1 0 0
1 1 1 1 1 1 1 1 1 1 1 1 1 1 1 1 1 1 1 1 1 1 1 1 1 1
0 0 1 0 0 1 0 0 1 0 0 1 0 0 1 0 0 1 0 0 1 0 0 1 0 0
0 0 1 0 0 1 0 0 1 0 0 1 0 0 1 0 0 1 0 0 1 0 0 1 0 0
1 1 1 1 1 1 1 1 1 1 1 1 1 1 1 1 1 1 1 1 1 1 1 1 1 1
0 0 1 0 0 1 0 0 1 0 0 1 0 0 1 0 0 1 0 0 1 0 0 1 0 0
0 0 1 0 0 1 0 0 1 0 0 1 0 0 1 0 0 1 0 0 1 0 0 1 0 0
1 1 1 1 1 1 1 1 1 1 1 1 1 1 1 1 1 1 1 1 1 1 1 1 1 1
0 0 1 0 0 1 0 0 1 0 0 1 0 0 1 0 0 1 0 0 1 8 8 1 0 0
0 0 1 0 0 1 0 0 1 0 0 1 0 0 1 0 0 1 0 0 1 8 8 1 0 0
1 1 1 1 1 1 1 1 1 1 1 1 1 1 1 1 1 1 1 1 1 1 1 1 1 1
0 0 1 0 0 1 0 0 1 0 0 1 8 8 1 0 0 1 0 0 1 0 0 1 0 0
0 0 1 0 0 1 0 0 1 0 0 1 8 8 1 0 0 1 0 0 1 0 0 1 0 0
1 1 1 1 1 1 1 1 1 1 1 1 1 1 1 1 1 1 1 1 1 1 1 1 1 1
0 0 1 0 0 1 0 0 1 0 0 1 0 0 1 0 0 1 0 0 1 0 0 1 0 0
0 0 1 0 0 1 0 0 1 0 0 1 0 0 1 0 0 1 0 0 1 0 0 1 0 0
Output:
3 3 1 6 6 1 3 3 1 0 0 1 0 0 1 0 0 1 0 0 1 0 0 1 0 0
3 3 1 6 6 1 3 3 1 0 0 1 0 0 1 0 0 1 0 0 1 0 0 1 0 0
1 1 1 1 1 1 1 1 1 1 1 1 1 1 1 1 1 1 1 1 1 1 1 1 1 1
6 6 1 8 8 1 6 6 1 3 3 1 6 6 1 3 3 1 0 0 1 0 0 1 0 0
6 6 1 8 8 1 6 6 1 3 3 1 6 6 1 3 3 1 0 0 1 0 0 1 0 0
1 1 1 1 1 1 1 1 1 1 1 1 1 1 1 1 1 1 1 1 1 1 1 1 1 1
3 3 1 6 6 1 3 3 1 6 6 1 8 8 1 6 6 1 0 0 1 0 0 1 0 0
3 3 1 6 6 1 3 3 1 6 6 1 8 8 1 6 6 1 0 0 1 0 0 1 0 0
1 1 1 1 1 1 1 1 1 1 1 1 1 1 1 1 1 1 1 1 1 1 1 1 1 1
0 0 1 0 0 1 0 0 1 3 3 1 6 6 1 3 3 1 0 0 1 0 0 1 0 0
0 0 1 0 0 1 0 0 1 3 3 1 6 6 1 3 3 1 0 0 1 0 0 1 0 0
1 1 1 1 1 1 1 1 1 1 1 1 1 1 1 1 1 1 1 1 1 1 1 1 1 1
0 0 1 0 0 1 0 0 1 0 0 1 0 0 1 0 0 1 0 0 1 0 0 1 0 0
0 0 1 0 0 1 0 0 1 0 0 1 0 0 1 0 0 1 0 0 1 0 0 1 0 0
1 1 1 1 1 1 1 1 1 1 1 1 1 1 1 1 1 1 1 1 1 1 1 1 1 1
0 0 1 0 0 1 0 0 1 0 0 1 0 0 1 0 0 1 3 3 1 6 6 1 3 3
0 0 1 0 0 1 0 0 1 0 0 1 0 0 1 0 0 1 3 3 1 6 6 1 3 3
1 1 1 1 1 1 1 1 1 1 1 1 1 1 1 1 1 1 1 1 1 1 1 1 1 1
0 0 1 0 0 1 0 0 1 3 3 1 6 6 1 3 3 1 6 6 1 8 8 1 6 6
0 0 1 0 0 1 0 0 1 3 3 1 6 6 1 3 3 1 6 6 1 8 8 1 6 6
1 1 1 1 1 1 1 1 1 1 1 1 1 1 1 1 1 1 1 1 1 1 1 1 1 1
0 0 1 0 0 1 0 0 1 6 6 1 8 8 1 6 6 1 3 3 1 6 6 1 3 3
0 0 1 0 0 1 0 0 1 6 6 1 8 8 1 6 6 1 3 3 1 6 6 1 3 3
1 1 1 1 1 1 1 1 1 1 1 1 1 1 1 1 1 1 1 1 1 1 1 1 1 1
0 0 1 0 0 1 0 0 1 3 3 1 6 6 1 3 3 1 0 0 1 0 0 1 0 0
0 0 1 0 0 1 0 0 1 3 3 1 6 6 1 3 3 1 0 0 1 0 0 1 0 0

Example 5:

Input:
0 0 0 0 7 0 0 0 0 7 0 0 0 0 7 0 0 0 0 7 0 0 0 0
0 0 0 0 7 0 0 0 0 7 0 0 0 0 7 0 0 0 0 7 0 0 0 0
0 0 0 0 7 0 0 0 0 7 0 0 0 0 7 0 0 0 0 7 0 0 0 0
0 0 0 0 7 0 0 0 0 7 0 0 0 0 7 0 0 0 0 7 0 0 0 0
7 7 7 7 7 7 7 7 7 7 7 7 7 7 7 7 7 7 7 7 7 7 7 7
0 0 0 0 7 5 5 5 5 7 0 0 0 0 7 0 0 0 0 7 0 0 0 0
0 0 0 0 7 5 5 5 5 7 0 0 0 0 7 0 0 0 0 7 0 0 0 0
0 0 0 0 7 5 5 5 5 7 0 0 0 0 7 0 0 0 0 7 0 0 0 0
0 0 0 0 7 5 5 5 5 7 0 0 0 0 7 0 0 0 0 7 0 0 0 0
7 7 7 7 7 7 7 7 7 7 7 7 7 7 7 7 7 7 7 7 7 7 7 7
5 5 5 5 7 8 8 8 8 7 5 5 5 5 7 0 0 0 0 7 8 8 8 8
5 5 5 5 7 8 8 8 8 7 5 5 5 5 7 0 0 0 0 7 8 8 8 8
5 5 5 5 7 8 8 8 8 7 5 5 5 5 7 0 0 0 0 7 8 8 8 8
5 5 5 5 7 8 8 8 8 7 5 5 5 5 7 0 0 0 0 7 8 8 8 8
7 7 7 7 7 7 7 7 7 7 7 7 7 7 7 7 7 7 7 7 7 7 7 7
0 0 0 0 7 5 5 5 5 7 0 0 0 0 7 0 0 0 0 7 0 0 0 0
0 0 0 0 7 5 5 5 5 7 0 0 0 0 7 0 0 0 0 7 0 0 0 0
0 0 0 0 7 5 5 5 5 7 0 0 0 0 7 0 0 0 0 7 0 0 0 0
0 0 0 0 7 5 5 5 5 7 0 0 0 0 7 0 0 0 0 7 0 0 0 0
7 7 7 7 7 7 7 7 7 7 7 7 7 7 7 7 7 7 7 7 7 7 7 7
0 0 0 0 7 0 0 0 0 7 0 0 0 0 7 0 0 0 0 7 0 0 0 0
0 0 0 0 7 0 0 0 0 7 0 0 0 0 7 0 0 0 0 7 0 0 0 0
0 0 0 0 7 0 0 0 0 7 0 0 0 0 7 0 0 0 0 7 0 0 0 0
0 0 0 0 7 0 0 0 0 7 0 0 0 0 7 0 0 0 0 7 0 0 0 0
Output:
0 0 0 0 7 0 0 0 0 7 0 0 0 0 7 0 0 0 0 7 0 0 0 0
0 0 0 0 7 0 0 0 0 7 0 0 0 0 7 0 0 0 0 7 0 0 0 0
0 0 0 0 7 0 0 0 0 7 0 0 0 0 7 0 0 0 0 7 0 0 0 0
0 0 0 0 7 0 0 0 0 7 0 0 0 0 7 0 0 0 0 7 0 0 0 0
7 7 7 7 7 7 7 7 7 7 7 7 7 7 7 7 7 7 7 7 7 7 7 7
0 0 0 0 7 5 5 5 5 7 0 0 0 0 7 0 0 0 0 7 5 5 5 5
0 0 0 0 7 5 5 5 5 7 0 0 0 0 7 0 0 0 0 7 5 5 5 5
0 0 0 0 7 5 5 5 5 7 0 0 0 0 7 0 0 0 0 7 5 5 5 5
0 0 0 0 7 5 5 5 5 7 0 0 0 0 7 0 0 0 0 7 5 5 5 5
7 7 7 7 7 7 7 7 7 7 7 7 7 7 7 7 7 7 7 7 7 7 7 7
5 5 5 5 7 8 8 8 8 7 5 5 5 5 7 5 5 5 5 7 8 8 8 8
5 5 5 5 7 8 8 8 8 7 5 5 5 5 7 5 5 5 5 7 8 8 8 8
5 5 5 5 7 8 8 8 8 7 5 5 5 5 7 5 5 5 5 7 8 8 8 8
5 5 5 5 7 8 8 8 8 7 5 5 5 5 7 5 5 5 5 7 8 8 8 8
7 7 7 7 7 7 7 7 7 7 7 7 7 7 7 7 7 7 7 7 7 7 7 7
0 0 0 0 7 5 5 5 5 7 0 0 0 0 7 0 0 0 0 7 5 5 5 5
0 0 0 0 7 5 5 5 5 7 0 0 0 0 7 0 0 0 0 7 5 5 5 5
0 0 0 0 7 5 5 5 5 7 0 0 0 0 7 0 0 0 0 7 5 5 5 5
0 0 0 0 7 5 5 5 5 7 0 0 0 0 7 0 0 0 0 7 5 5 5 5
7 7 7 7 7 7 7 7 7 7 7 7 7 7 7 7 7 7 7 7 7 7 7 7
0 0 0 0 7 0 0 0 0 7 0 0 0 0 7 0 0 0 0 7 0 0 0 0
0 0 0 0 7 0 0 0 0 7 0 0 0 0 7 0 0 0 0 7 0 0 0 0
0 0 0 0 7 0 0 0 0 7 0 0 0 0 7 0 0 0 0 7 0 0 0 0
0 0 0 0 7 0 0 0 0 7 0 0 0 0 7 0 0 0 0 7 0 0 0 0

Example 6:

Input:
0 0 0 0 3 0 0 0 0 3 0 0 0 0 3 0 0 0 0 3 0 0 0 0
0 0 0 0 3 0 0 0 0 3 0 0 0 0 3 0 0 0 0 3 0 0 0 0
0 0 0 0 3 0 0 0 0 3 0 0 0 0 3 0 0 0 0 3 0 0 0 0
0 0 0 0 3 0 0 0 0 3 0 0 0 0 3 0 0 0 0 3 0 0 0 0
3 3 3 3 3 3 3 3 3 3 3 3 3 3 3 3 3 3 3 3 3 3 3 3
7 7 7 7 3 8 8 8 8 3 7 7 7 7 3 0 0 0 0 3 0 0 0 0
7 7 7 7 3 8 8 8 8 3 7 7 7 7 3 0 0 0 0 3 0 0 0 0
7 7 7 7 3 8 8 8 8 3 7 7 7 7 3 0 0 0 0 3 0 0 0 0
7 7 7 7 3 8 8 8 8 3 7 7 7 7 3 0 0 0 0 3 0 0 0 0
3 3 3 3 3 3 3 3 3 3 3 3 3 3 3 3 3 3 3 3 3 3 3 3
8 8 8 8 3 6 6 6 6 3 8 8 8 8 3 0 0 0 0 3 0 0 0 0
8 8 8 8 3 6 6 6 6 3 8 8 8 8 3 0 0 0 0 3 0 0 0 0
8 8 8 8 3 6 6 6 6 3 8 8 8 8 3 0 0 0 0 3 0 0 0 0
8 8 8 8 3 6 6 6 6 3 8 8 8 8 3 0 0 0 0 3 0 0 0 0
3 3 3 3 3 3 3 3 3 3 3 3 3 3 3 3 3 3 3 3 3 3 3 3
7 7 7 7 3 8 8 8 8 3 7 7 7 7 3 0 0 0 0 3 6 6 6 6
7 7 7 7 3 8 8 8 8 3 7 7 7 7 3 0 0 0 0 3 6 6 6 6
7 7 7 7 3 8 8 8 8 3 7 7 7 7 3 0 0 0 0 3 6 6 6 6
7 7 7 7 3 8 8 8 8 3 7 7 7 7 3 0 0 0 0 3 6 6 6 6
3 3 3 3 3 3 3 3 3 3 3 3 3 3 3 3 3 3 3 3 3 3 3 3
0 0 0 0 3 0 0 0 0 3 0 0 0 0 3 0 0 0 0 3 0 0 0 0
0 0 0 0 3 0 0 0 0 3 0 0 0 0 3 0 0 0 0 3 0 0 0 0
0 0 0 0 3 0 0 0 0 3 0 0 0 0 3 0 0 0 0 3 0 0 0 0
0 0 0 0 3 0 0 0 0 3 0 0 0 0 3 0 0 0 0 3 0 0 0 0
Output:
0 0 0 0 3 0 0 0 0 3 0 0 0 0 3 0 0 0 0 3 0 0 0 0
0 0 0 0 3 0 0 0 0 3 0 0 0 0 3 0 0 0 0 3 0 0 0 0
0 0 0 0 3 0 0 0 0 3 0 0 0 0 3 0 0 0 0 3 0 0 0 0
0 0 0 0 3 0 0 0 0 3 0 0 0 0 3 0 0 0 0 3 0 0 0 0
3 3 3 3 3 3 3 3 3 3 3 3 3 3 3 3 3 3 3 3 3 3 3 3
7 7 7 7 3 8 8 8 8 3 7 7 7 7 3 0 0 0 0 3 0 0 0 0
7 7 7 7 3 8 8 8 8 3 7 7 7 7 3 0 0 0 0 3 0 0 0 0
7 7 7 7 3 8 8 8 8 3 7 7 7 7 3 0 0 0 0 3 0 0 0 0
7 7 7 7 3 8 8 8 8 3 7 7 7 7 3 0 0 0 0 3 0 0 0 0
3 3 3 3 3 3 3 3 3 3 3 3 3 3 3 3 3 3 3 3 3 3 3 3
8 8 8 8 3 6 6 6 6 3 8 8 8 8 3 7 7 7 7 3 8 8 8 8
8 8 8 8 3 6 6 6 6 3 8 8 8 8 3 7 7 7 7 3 8 8 8 8
8 8 8 8 3 6 6 6 6 3 8 8 8 8 3 7 7 7 7 3 8 8 8 8
8 8 8 8 3 6 6 6 6 3 8 8 8 8 3 7 7 7 7 3 8 8 8 8
3 3 3 3 3 3 3 3 3 3 3 3 3 3 3 3 3 3 3 3 3 3 3 3
7 7 7 7 3 8 8 8 8 3 7 7 7 7 3 8 8 8 8 3 6 6 6 6
7 7 7 7 3 8 8 8 8 3 7 7 7 7 3 8 8 8 8 3 6 6 6 6
7 7 7 7 3 8 8 8 8 3 7 7 7 7 3 8 8 8 8 3 6 6 6 6
7 7 7 7 3 8 8 8 8 3 7 7 7 7 3 8 8 8 8 3 6 6 6 6
3 3 3 3 3 3 3 3 3 3 3 3 3 3 3 3 3 3 3 3 3 3 3 3
0 0 0 0 3 0 0 0 0 3 0 0 0 0 3 7 7 7 7 3 8 8 8 8
0 0 0 0 3 0 0 0 0 3 0 0 0 0 3 7 7 7 7 3 8 8 8 8
0 0 0 0 3 0 0 0 0 3 0 0 0 0 3 7 7 7 7 3 8 8 8 8
0 0 0 0 3 0 0 0 0 3 0 0 0 0 3 7 7 7 7 3 8 8 8 8

Example 7:

Input:
0 0 0 6 5 5 5 6 0 0 0 6 8 8 8 6 2 2 2 6 8 8 8 6 0 0 0
0 0 0 6 5 5 5 6 0 0 0 6 8 8 8 6 2 2 2 6 8 8 8 6 0 0 0
0 0 0 6 5 5 5 6 0 0 0 6 8 8 8 6 2 2 2 6 8 8 8 6 0 0 0
6 6 6 6 6 6 6 6 6 6 6 6 6 6 6 6 6 6 6 6 6 6 6 6 6 6 6
0 0 0 6 0 0 0 6 0 0 0 6 2 2 2 6 5 5 5 6 2 2 2 6 0 0 0
0 0 0 6 0 0 0 6 0 0 0 6 2 2 2 6 5 5 5 6 2 2 2 6 0 0 0
0 0 0 6 0 0 0 6 0 0 0 6 2 2 2 6 5 5 5 6 2 2 2 6 0 0 0
6 6 6 6 6 6 6 6 6 6 6 6 6 6 6 6 6 6 6 6 6 6 6 6 6 6 6
0 0 0 6 0 0 0 6 0 0 0 6 8 8 8 6 2 2 2 6 8 8 8 6 0 0 0
0 0 0 6 0 0 0 6 0 0 0 6 8 8 8 6 2 2 2 6 8 8 8 6 0 0 0
0 0 0 6 0 0 0 6 0 0 0 6 8 8 8 6 2 2 2 6 8 8 8 6 0 0 0
6 6 6 6 6 6 6 6 6 6 6 6 6 6 6 6 6 6 6 6 6 6 6 6 6 6 6
0 0 0 6 0 0 0 6 0 0 0 6 0 0 0 6 0 0 0 6 0 0 0 6 0 0 0
0 0 0 6 0 0 0 6 0 0 0 6 0 0 0 6 0 0 0 6 0 0 0 6 0 0 0
0 0 0 6 0 0 0 6 0 0 0 6 0 0 0 6 0 0 0 6 0 0 0 6 0 0 0
6 6 6 6 6 6 6 6 6 6 6 6 6 6 6 6 6 6 6 6 6 6 6 6 6 6 6
0 0 0 6 0 0 0 6 0 0 0 6 0 0 0 6 0 0 0 6 0 0 0 6 0 0 0
0 0 0 6 0 0 0 6 0 0 0 6 0 0 0 6 0 0 0 6 0 0 0 6 0 0 0
0 0 0 6 0 0 0 6 0 0 0 6 0 0 0 6 0 0 0 6 0 0 0 6 0 0 0
6 6 6 6 6 6 6 6 6 6 6 6 6 6 6 6 6 6 6 6 6 6 6 6 6 6 6
0 0 0 6 0 0 0 6 0 0 0 6 0 0 0 6 0 0 0 6 0 0 0 6 0 0 0
0 0 0 6 0 0 0 6 0 0 0 6 0 0 0 6 0 0 0 6 0 0 0 6 0 0 0
0 0 0 6 0 0 0 6 0 0 0 6 0 0 0 6 0 0 0 6 0 0 0 6 0 0 0
6 6 6 6 6 6 6 6 6 6 6 6 6 6 6 6 6 6 6 6 6 6 6 6 6 6 6
0 0 0 6 0 0 0 6 0 0 0 6 5 5 5 6 0 0 0 6 0 0 0 6 0 0 0
0 0 0 6 0 0 0 6 0 0 0 6 5 5 5 6 0 0 0 6 0 0 0 6 0 0 0
0 0 0 6 0 0 0 6 0 0 0 6 5 5 5 6 0 0 0 6 0 0 0 6 0 0 0
Output:
2 2 2 6 5 5 5 6 2 2 2 6 8 8 8 6 2 2 2 6 8 8 8 6 0 0 0
2 2 2 6 5 5 5 6 2 2 2 6 8 8 8 6 2 2 2 6 8 8 8 6 0 0 0
2 2 2 6 5 5 5 6 2 2 2 6 8 8 8 6 2 2 2 6 8 8 8 6 0 0 0
6 6 6 6 6 6 6 6 6 6 6 6 6 6 6 6 6 6 6 6 6 6 6 6 6 6 6
8 8 8 6 2 2 2 6 8 8 8 6 2 2 2 6 5 5 5 6 2 2 2 6 0 0 0
8 8 8 6 2 2 2 6 8 8 8 6 2 2 2 6 5 5 5 6 2 2 2 6 0 0 0
8 8 8 6 2 2 2 6 8 8 8 6 2 2 2 6 5 5 5 6 2 2 2 6 0 0 0
6 6 6 6 6 6 6 6 6 6 6 6 6 6 6 6 6 6 6 6 6 6 6 6 6 6 6
0 0 0 6 0 0 0 6 0 0 0 6 8 8 8 6 2 2 2 6 8 8 8 6 0 0 0
0 0 0 6 0 0 0 6 0 0 0 6 8 8 8 6 2 2 2 6 8 8 8 6 0 0 0
0 0 0 6 0 0 0 6 0 0 0 6 8 8 8 6 2 2 2 6 8 8 8 6 0 0 0
6 6 6 6 6 6 6 6 6 6 6 6 6 6 6 6 6 6 6 6 6 6 6 6 6 6 6
0 0 0 6 0 0 0 6 0 0 0 6 0 0 0 6 0 0 0 6 0 0 0 6 0 0 0
0 0 0 6 0 0 0 6 0 0 0 6 0 0 0 6 0 0 0 6 0 0 0 6 0 0 0
0 0 0 6 0 0 0 6 0 0 0 6 0 0 0 6 0 0 0 6 0 0 0 6 0 0 0
6 6 6 6 6 6 6 6 6 6 6 6 6 6 6 6 6 6 6 6 6 6 6 6 6 6 6
0 0 0 6 0 0 0 6 0 0 0 6 0 0 0 6 0 0 0 6 0 0 0 6 0 0 0
0 0 0 6 0 0 0 6 0 0 0 6 0 0 0 6 0 0 0 6 0 0 0 6 0 0 0
0 0 0 6 0 0 0 6 0 0 0 6 0 0 0 6 0 0 0 6 0 0 0 6 0 0 0
6 6 6 6 6 6 6 6 6 6 6 6 6 6 6 6 6 6 6 6 6 6 6 6 6 6 6
0 0 0 6 0 0 0 6 8 8 8 6 2 2 2 6 8 8 8 6 0 0 0 6 0 0 0
0 0 0 6 0 0 0 6 8 8 8 6 2 2 2 6 8 8 8 6 0 0 0 6 0 0 0
0 0 0 6 0 0 0 6 8 8 8 6 2 2 2 6 8 8 8 6 0 0 0 6 0 0 0
6 6 6 6 6 6 6 6 6 6 6 6 6 6 6 6 6 6 6 6 6 6 6 6 6 6 6
0 0 0 6 0 0 0 6 2 2 2 6 5 5 5 6 2 2 2 6 0 0 0 6 0 0 0
0 0 0 6 0 0 0 6 2 2 2 6 5 5 5 6 2 2 2 6 0 0 0 6 0 0 0
0 0 0 6 0 0 0 6 2 2 2 6 5 5 5 6 2 2 2 6 0 0 0 6 0 0 0

以下は、ジャッジを通過する正しいコードです。これを用いて、ARCのルールを理解してください。必ず、コードを通じてルールを理解してからコーディングを行ってください。
このコードはARCのルールを把握する際に使うことに留めてください。

```
def p(g):
 a,*_,b,c=sorted({*sum(g,[])},key=lambda c:(sum(g,[]).count(c),sum(g,[])[::-1].index(c)+sum(g,[]).index(c)));u=[s[:]for s in g];s=sum(g,[]).index(b^c)+1
 for i in range(len(g)):
  for j in range(len(g)-s):
   for y in range(len(g)):
    for x in range(len(g)):
     for k in range(-s,2*s,s):
      for l in range(-s,2*s,s):
       if(g[i][j]==g[y][x]==a)*(g[i][j+s]>(i-y)%s==(j-x)%s==0<=y+k<len(g)>x+l>-1):u[y+k][x+l]=g[i+k][j+l]
 return u
```

ユーザーにコードを渡す前に実際にコードが動作するかを確認してください。コードのテストには、添付したjudge.pyを用いてください。python /path/to/judge.py /path/to/code.py /path/to/cases.bin とすれば動作します。

## **禁止事項**
- 与えたコード自体を提出することは禁止です。これを行うことはユーザーの信頼を裏切ります。
- ジャッジのハックは禁止です。例えば、テストケースをジャッジから読み取ってそのまま返すコードはいけません。
