10
_ 2
80 158
a 3
59 182 425
b 3
67 191 437
c 10
11 170 237 259 278 295 312 329 348 365
d 10
203 223 233 255 274 291 307 325 344 361
g 13
6 26 41 116 143 160 207 375 384 398 408 458 484
i 12
101 145 162 188 197 209 400 410 418 430 460 469
j 9
128 165 186 195 403 413 420 432 443
key 1
33
m 6
54 249 268 319 338 406
0 1 1 1 1 1 1 1 0 1
1 0 1 1 1 1 1 1 0 1
1 1 0 1 1 1 1 1 0 1
1 1 1 0 1 1 1 1 0 1
1 1 1 1 0 1 1 1 0 1
1 1 1 1 1 0 1 1 0 1
1 1 1 1 1 1 0 1 0 1
1 1 1 1 1 1 1 0 0 1
0 0 0 0 0 0 0 0 0 0
1 1 1 1 1 1 1 1 0 0
