13
p 9
14 42 55 237 254 269 293 310 325
o 6
6 101 118 139 414 434
r 6
0 120 141 213 416 436
i 2
96 158
u 3
75 176 391
d 3
83 185 403
a 10
31 170 228 243 260 275 288 299 316 331
t 10
197 215 224 239 256 271 283 295 312 327
n 13
26 44 57 122 143 160 201 341 350 364 374 418 438
e 12
113 145 162 182 191 203 366 376 384 396 420 429
f 9
134 165 180 189 369 379 386 398 409
key 1
51
s 6
70 235 252 291 308 372
0 1 1 1 1 1 1 1 1 1 1 0 1
1 0 1 1 1 1 1 1 1 1 1 0 1
1 1 0 1 1 1 1 1 1 1 1 0 1
1 1 1 0 1 1 1 1 1 1 1 0 1
1 1 1 1 0 1 1 1 1 1 1 0 1
1 1 1 1 1 0 1 1 1 1 1 0 1
1 1 1 1 1 1 0 1 1 1 1 0 1
1 1 1 1 1 1 1 0 1 1 1 0 1
1 1 1 1 1 1 1 1 0 1 1 0 1
1 1 1 1 1 1 1 1 1 0 1 0 1
1 1 1 1 1 1 1 1 1 1 0 0 1
0 0 0 0 0 0 0 0 0 0 0 0 0
1 1 1 1 1 1 1 1 1 1 1 0 0
