ARCのケースに対して、list[list[int]] -> list[list[int]] のシグネチャを持つ関数`p`をPythonで実装してください。つまり、`def p(g):...` か `p=lambda g:...`というコードが期待されます。
コードはshortcodingのcompetitionに用いるため、アルゴリズムを工夫してできる限り短いコードを生成するよう努めてください。

Example 0:

Input:
2 1 4
5 5 5
0 0 0
0 0 0
0 0 0
0 0 0
0 0 0
0 0 0
Output:
2 1 4
5 5 5
2 2 2
1 1 1
4 4 4
2 2 2
1 1 1
4 4 4

Example 1:

Input:
3 2 1 4
5 5 5 5
0 0 0 0
0 0 0 0
0 0 0 0
0 0 0 0
0 0 0 0
0 0 0 0
0 0 0 0
0 0 0 0
Output:
3 2 1 4
5 5 5 5
3 3 3 3
2 2 2 2
1 1 1 1
4 4 4 4
3 3 3 3
2 2 2 2
1 1 1 1
4 4 4 4

Example 2:

Input:
8 3
5 5
0 0
0 0
0 0
0 0
Output:
8 3
5 5
8 8
3 3
8 8
3 3

Example 3:

Input:
1 2 3 4 8
5 5 5 5 5
0 0 0 0 0
0 0 0 0 0
0 0 0 0 0
0 0 0 0 0
0 0 0 0 0
0 0 0 0 0
0 0 0 0 0
0 0 0 0 0
0 0 0 0 0
0 0 0 0 0
Output:
1 2 3 4 8
5 5 5 5 5
1 1 1 1 1
2 2 2 2 2
3 3 3 3 3
4 4 4 4 4
8 8 8 8 8
1 1 1 1 1
2 2 2 2 2
3 3 3 3 3
4 4 4 4 4
8 8 8 8 8

Example 4:

Input:
2 7 4 9 1 6
5 5 5 5 5 5
0 0 0 0 0 0
0 0 0 0 0 0
0 0 0 0 0 0
0 0 0 0 0 0
0 0 0 0 0 0
0 0 0 0 0 0
0 0 0 0 0 0
0 0 0 0 0 0
0 0 0 0 0 0
0 0 0 0 0 0
0 0 0 0 0 0
0 0 0 0 0 0
Output:
2 7 4 9 1 6
5 5 5 5 5 5
2 2 2 2 2 2
7 7 7 7 7 7
4 4 4 4 4 4
9 9 9 9 9 9
1 1 1 1 1 1
6 6 6 6 6 6
2 2 2 2 2 2
7 7 7 7 7 7
4 4 4 4 4 4
9 9 9 9 9 9
1 1 1 1 1 1
6 6 6 6 6 6

Example 5:

Input:
7 6
5 5
0 0
0 0
0 0
0 0
Output:
7 6
5 5
7 7
6 6
7 7
6 6

Example 6:

Input:
9 1
5 5
0 0
0 0
0 0
0 0
Output:
9 1
5 5
9 9
1 1
9 9
1 1

Example 7:

Input:
3 7 1 9
5 5 5 5
0 0 0 0
0 0 0 0
0 0 0 0
0 0 0 0
0 0 0 0
0 0 0 0
0 0 0 0
0 0 0 0
Output:
3 7 1 9
5 5 5 5
3 3 3 3
7 7 7 7
1 1 1 1
9 9 9 9
3 3 3 3
7 7 7 7
1 1 1 1
9 9 9 9

以下は、ジャッジを通過する正しいコードです。これを用いて、ARCのルールを理解してください。必ず、コードを通じてルールを理解してからコーディングを行ってください。
このコードはARCのルールを把握する際に使うことに留めてください。

```
p=lambda g:g[:2]+[[v]*len(g[0])for v in g[0]]*2
```

ユーザーにコードを渡す前に実際にコードが動作するかを確認してください。コードのテストには、添付したjudge.pyを用いてください。python /path/to/judge.py /path/to/code.py /path/to/cases.bin とすれば動作します。

## **禁止事項**
- 与えたコード自体を提出することは禁止です。これを行うことはユーザーの信頼を裏切ります。
- ジャッジのハックは禁止です。例えば、テストケースをジャッジから読み取ってそのまま返すコードはいけません。
