ARCのケースに対して、list[list[int]] -> list[list[int]] のシグネチャを持つ関数`p`をPythonで実装してください。つまり、`def p(g):...` か `p=lambda g:...`というコードが期待されます。
コードはshortcodingのcompetitionに用いるため、アルゴリズムを工夫してできる限り短いコードを生成するよう努めてください。

Example 0:

Input:
0 0 0 0 0 0 0 0
0 2 2 2 2 2 0 0
0 2 0 0 0 2 0 0
0 2 0 2 0 2 0 0
0 2 0 0 0 2 0 0
0 2 2 2 2 2 0 0
0 0 0 0 0 0 0 0
0 0 0 0 0 0 0 0
Output:
0 0 0 0 0 0 0 0
0 2 2 2 2 2 0 0
0 2 1 1 1 2 0 0
0 2 1 2 1 2 0 0
0 2 1 1 1 2 0 0
0 2 2 2 2 2 0 0
0 0 0 0 0 0 0 0
0 0 0 0 0 0 0 0

Example 1:

Input:
0 0 0 2 0 0 0 0
0 2 0 2 0 0 0 0
0 0 0 2 0 0 0 0
2 2 2 2 2 2 2 0
0 0 2 0 0 0 2 0
0 0 2 0 2 0 2 0
0 0 2 0 0 0 2 0
0 0 2 2 2 2 2 0
Output:
0 0 0 2 0 0 0 0
0 2 0 2 0 0 0 0
0 0 0 2 0 0 0 0
2 2 2 2 2 2 2 0
0 0 2 1 1 1 2 0
0 0 2 1 2 1 2 0
0 0 2 1 1 1 2 0
0 0 2 2 2 2 2 0

Example 2:

Input:
0 0 0 2 2 2 2 2 0 0 0 0
0 0 0 2 0 0 0 2 0 0 0 0
0 0 0 2 0 2 0 2 2 2 2 0
0 0 0 2 0 0 0 2 0 0 2 0
0 0 0 2 2 2 2 2 0 0 2 0
0 0 0 2 0 0 0 2 0 0 2 0
0 0 0 2 0 2 0 2 2 2 2 0
0 0 0 2 0 0 0 2 0 0 0 0
0 0 0 2 2 2 2 2 0 0 0 0
0 0 0 0 0 0 0 2 2 2 2 2
0 0 0 0 0 0 0 2 0 0 0 2
0 0 0 0 0 0 0 2 0 2 0 2
Output:
0 0 0 2 2 2 2 2 0 0 0 0
0 0 0 2 1 1 1 2 0 0 0 0
0 0 0 2 1 2 1 2 2 2 2 0
0 0 0 2 1 1 1 2 1 1 2 0
0 0 0 2 2 2 2 2 1 1 2 0
0 0 0 2 1 1 1 2 1 1 2 0
0 0 0 2 1 2 1 2 2 2 2 0
0 0 0 2 1 1 1 2 0 0 0 0
0 0 0 2 2 2 2 2 0 0 0 0
0 0 0 0 0 0 0 2 2 2 2 2
0 0 0 0 0 0 0 2 0 0 0 2
0 0 0 0 0 0 0 2 0 2 0 2

Example 3:

Input:
0 0 2 2 2 2 2 0 0
0 0 2 0 0 0 2 0 0
0 0 2 0 0 0 2 0 0
2 2 2 2 2 2 2 0 0
2 0 0 0 2 0 0 0 0
2 0 2 0 2 0 0 0 0
2 0 0 0 2 2 2 2 2
2 2 2 2 2 0 0 0 0
0 0 0 0 2 0 0 0 0
Output:
0 0 2 2 2 2 2 0 0
0 0 2 1 1 1 2 0 0
0 0 2 1 1 1 2 0 0
2 2 2 2 2 2 2 0 0
2 1 1 1 2 0 0 0 0
2 1 2 1 2 0 0 0 0
2 1 1 1 2 2 2 2 2
2 2 2 2 2 0 0 0 0
0 0 0 0 2 0 0 0 0

Example 4:

Input:
0 0 0 0 0 2 2 2 2 2 2
0 0 0 0 0 2 0 0 0 0 2
0 0 0 0 0 2 0 0 0 0 2
0 0 0 0 0 2 2 2 2 2 2
0 0 0 0 0 0 0 0 0 0 0
0 0 0 0 0 0 0 0 0 0 0
0 0 0 0 0 0 0 0 0 0 0
0 0 0 0 0 0 0 0 0 0 0
0 0 0 0 0 0 0 0 0 0 0
0 0 0 0 0 0 0 0 0 0 0
0 0 0 0 0 0 0 0 0 0 0
Output:
0 0 0 0 0 2 2 2 2 2 2
0 0 0 0 0 2 1 1 1 1 2
0 0 0 0 0 2 1 1 1 1 2
0 0 0 0 0 2 2 2 2 2 2
0 0 0 0 0 0 0 0 0 0 0
0 0 0 0 0 0 0 0 0 0 0
0 0 0 0 0 0 0 0 0 0 0
0 0 0 0 0 0 0 0 0 0 0
0 0 0 0 0 0 0 0 0 0 0
0 0 0 0 0 0 0 0 0 0 0
0 0 0 0 0 0 0 0 0 0 0

Example 5:

Input:
0 0 0 0 0 0 0 0 0 0
0 0 0 0 0 0 0 0 0 0
0 0 0 0 0 0 0 0 0 0
0 0 0 0 2 2 2 2 0 0
0 0 0 0 2 0 0 2 0 0
0 0 0 0 2 0 0 2 0 0
0 0 0 0 2 0 0 2 0 0
0 0 0 0 2 2 2 2 0 0
0 0 0 0 0 0 0 0 0 0
0 0 0 0 0 0 0 0 0 0
Output:
0 0 0 0 0 0 0 0 0 0
0 0 0 0 0 0 0 0 0 0
0 0 0 0 0 0 0 0 0 0
0 0 0 0 2 2 2 2 0 0
0 0 0 0 2 1 1 2 0 0
0 0 0 0 2 1 1 2 0 0
0 0 0 0 2 1 1 2 0 0
0 0 0 0 2 2 2 2 0 0
0 0 0 0 0 0 0 0 0 0
0 0 0 0 0 0 0 0 0 0

Example 6:

Input:
0 0 0 0 0 0 0 0 0 0 0
0 0 0 0 0 0 0 0 0 0 0
0 0 0 0 0 0 0 0 0 0 0
0 0 0 0 0 0 0 0 0 0 0
0 0 0 0 0 2 2 2 2 0 0
0 0 0 0 0 2 0 0 2 0 0
0 0 0 0 0 2 0 0 2 0 0
0 0 0 0 0 2 2 2 2 0 0
0 0 0 0 0 0 0 0 0 0 0
0 0 0 0 0 0 0 0 0 0 0
0 0 0 0 0 0 0 0 0 0 0
Output:
0 0 0 0 0 0 0 0 0 0 0
0 0 0 0 0 0 0 0 0 0 0
0 0 0 0 0 0 0 0 0 0 0
0 0 0 0 0 0 0 0 0 0 0
0 0 0 0 0 2 2 2 2 0 0
0 0 0 0 0 2 1 1 2 0 0
0 0 0 0 0 2 1 1 2 0 0
0 0 0 0 0 2 2 2 2 0 0
0 0 0 0 0 0 0 0 0 0 0
0 0 0 0 0 0 0 0 0 0 0
0 0 0 0 0 0 0 0 0 0 0

Example 7:

Input:
2 2 2 2 2 0 0 0 0 0 0 0
0 0 0 0 2 0 0 0 0 0 0 0
0 0 0 0 2 0 0 0 0 0 0 0
2 2 2 2 2 0 0 0 0 0 0 0
0 0 0 0 0 0 0 0 0 0 0 0
0 0 0 0 0 0 2 2 2 2 0 0
0 0 0 0 0 0 2 0 0 2 0 0
0 0 0 0 0 0 2 0 0 2 0 0
0 0 0 2 2 2 2 0 0 2 0 0
0 0 0 2 0 0 2 2 2 2 0 0
0 0 0 2 0 0 2 0 0 0 0 0
0 0 0 2 0 0 2 0 0 0 0 0
Output:
2 2 2 2 2 0 0 0 0 0 0 0
0 0 0 0 2 0 0 0 0 0 0 0
0 0 0 0 2 0 0 0 0 0 0 0
2 2 2 2 2 0 0 0 0 0 0 0
0 0 0 0 0 0 0 0 0 0 0 0
0 0 0 0 0 0 2 2 2 2 0 0
0 0 0 0 0 0 2 1 1 2 0 0
0 0 0 0 0 0 2 1 1 2 0 0
0 0 0 2 2 2 2 1 1 2 0 0
0 0 0 2 0 0 2 2 2 2 0 0
0 0 0 2 0 0 2 0 0 0 0 0
0 0 0 2 0 0 2 0 0 0 0 0

以下は、ジャッジを通過する正しいコードです。これを用いて、ARCのルールを理解してください。必ず、コードを通じてルールを理解してからコーディングを行ってください。
このコードはARCのルールを把握する際に使うことに留めてください。

```
def p(g):
 r,c=len(g),len(g[0]);s=[(i,j)for i in range(r)for j in range(c)if(i<1or i>r-2or j<1or j>c-2)and not g[i][j]]
 while s:
  i,j=s.pop()
  if 0<=i<r and 0<=j<c and not g[i][j]:g[i][j]=-1;s+=[(i+1,j),(i-1,j),(i,j+1),(i,j-1)]
 for i in range(r):
  for j in range(c):
   if g[i][j]<0:g[i][j]=0
   elif not g[i][j]:g[i][j]=1
 return g
```

ユーザーにコードを渡す前に実際にコードが動作するかを確認してください。コードのテストには、添付したjudge.pyを用いてください。python /path/to/judge.py /path/to/code.py /path/to/cases.bin とすれば動作します。

## **禁止事項**
- 与えたコード自体を提出することは禁止です。これを行うことはユーザーの信頼を裏切ります。
- ジャッジのハックは禁止です。例えば、テストケースをジャッジから読み取ってそのまま返すコードはいけません。
