ARCのケースに対して、list[list[int]] -> list[list[int]] のシグネチャを持つ関数`p`をPythonで実装してください。つまり、`def p(g):...` か `p=lambda g:...`というコードが期待されます。
コードはshortcodingのcompetitionに用いるため、アルゴリズムを工夫してできる限り短いコードを生成するよう努めてください。

Example 0:

Input:
0 0 0 0 0 0 0 0 0 0 0 0 0
0 0 0 0 0 0 0 0 0 0 0 0 0
0 0 0 0 0 0 0 0 0 0 0 0 0
0 0 0 0 8 0 0 0 0 0 0 0 0
0 0 0 0 0 0 0 0 0 0 0 0 0
0 0 0 0 0 0 0 0 0 0 0 0 0
0 0 0 0 0 0 0 0 0 0 0 0 0
0 0 0 0 0 0 0 0 0 0 0 0 0
0 0 0 0 0 0 0 0 0 0 0 0 0
0 0 0 0 0 0 0 0 0 0 0 0 0
0 0 0 0 0 0 0 0 0 0 0 0 0
0 0 0 0 0 0 0 0 0 0 0 0 0
0 0 0 0 0 0 0 0 0 0 0 0 0
Output:
0 0 0 0 0 0 5 0 0 0 0 0 0
0 0 0 0 5 5 5 0 0 0 0 0 0
0 0 0 0 5 0 0 0 0 0 0 0 0
0 0 0 0 8 0 0 0 0 0 0 0 0
0 0 0 0 5 0 0 0 0 0 0 0 0
0 0 5 5 5 0 0 0 0 0 0 0 0
0 0 5 0 0 0 0 0 0 0 0 0 0
5 5 5 0 0 0 0 0 0 0 0 0 0
5 0 0 0 0 0 0 0 0 0 0 0 0
5 0 0 0 0 0 0 0 0 0 0 0 0
0 0 0 0 0 0 0 0 0 0 0 0 0
0 0 0 0 0 0 0 0 0 0 0 0 0
0 0 0 0 0 0 0 0 0 0 0 0 0

Example 1:

Input:
0 0 0 0 0 0 0 0 0 0 0 0 0
0 0 0 0 0 0 0 0 0 0 0 0 0
0 0 0 0 0 0 0 0 0 0 0 0 0
0 0 0 0 0 0 0 0 0 0 0 0 0
0 0 0 0 0 0 0 0 0 0 0 0 0
0 0 0 0 0 0 0 0 0 0 0 0 0
0 0 0 0 0 0 0 0 0 0 0 0 0
0 0 0 0 0 0 8 0 0 0 0 0 0
0 0 0 0 0 0 0 0 0 0 0 0 0
0 0 0 0 0 0 0 0 0 0 0 0 0
0 0 0 0 0 0 0 0 0 0 0 0 0
0 0 0 0 0 0 0 0 0 0 0 0 0
0 0 0 0 0 0 0 0 0 0 0 0 0
Output:
0 0 0 0 0 0 0 0 0 0 0 0 5
0 0 0 0 0 0 0 0 0 0 5 5 5
0 0 0 0 0 0 0 0 0 0 5 0 0
0 0 0 0 0 0 0 0 5 5 5 0 0
0 0 0 0 0 0 0 0 5 0 0 0 0
0 0 0 0 0 0 5 5 5 0 0 0 0
0 0 0 0 0 0 5 0 0 0 0 0 0
0 0 0 0 0 0 8 0 0 0 0 0 0
0 0 0 0 0 0 5 0 0 0 0 0 0
0 0 0 0 5 5 5 0 0 0 0 0 0
0 0 0 0 5 0 0 0 0 0 0 0 0
0 0 5 5 5 0 0 0 0 0 0 0 0
0 0 5 0 0 0 0 0 0 0 0 0 0

Example 2:

Input:
0 0 0 0 0 0 0 0 0 0 0 0 0
0 0 0 0 0 0 0 0 0 0 0 0 0
0 0 0 0 0 0 0 0 0 0 0 0 0
0 0 0 0 0 0 0 0 0 0 0 0 0
0 0 0 0 0 0 0 0 0 0 0 0 0
0 0 0 0 0 8 0 0 0 0 0 0 0
0 0 0 0 0 0 0 0 0 0 0 0 0
0 0 0 0 0 0 0 0 0 0 0 0 0
0 0 0 0 0 0 0 0 0 0 0 0 0
0 0 0 0 0 0 0 0 0 0 0 0 0
0 0 0 0 0 0 0 0 0 0 0 0 0
0 0 0 0 0 0 0 0 0 0 0 0 0
0 0 0 0 0 0 0 0 0 0 0 0 0
Output:
0 0 0 0 0 0 0 0 0 5 0 0 0
0 0 0 0 0 0 0 5 5 5 0 0 0
0 0 0 0 0 0 0 5 0 0 0 0 0
0 0 0 0 0 5 5 5 0 0 0 0 0
0 0 0 0 0 5 0 0 0 0 0 0 0
0 0 0 0 0 8 0 0 0 0 0 0 0
0 0 0 0 0 5 0 0 0 0 0 0 0
0 0 0 5 5 5 0 0 0 0 0 0 0
0 0 0 5 0 0 0 0 0 0 0 0 0
0 5 5 5 0 0 0 0 0 0 0 0 0
0 5 0 0 0 0 0 0 0 0 0 0 0
5 5 0 0 0 0 0 0 0 0 0 0 0
0 0 0 0 0 0 0 0 0 0 0 0 0

Example 3:

Input:
0 0 0 0 0 0 0 0 0 0 0 0 0
0 0 0 0 0 0 0 0 0 0 0 0 0
0 0 0 0 0 0 0 0 0 0 0 0 0
0 0 0 0 0 0 0 0 0 0 0 0 0
0 0 0 0 0 0 0 0 0 0 0 0 0
0 0 0 0 0 0 0 0 0 0 0 0 0
0 0 0 0 0 0 0 0 0 0 0 0 0
0 0 0 0 0 0 0 0 0 0 0 0 0
0 8 0 0 0 0 0 0 0 0 0 0 0
0 0 0 0 0 0 0 0 0 0 0 0 0
0 0 0 0 0 0 0 0 0 0 0 0 0
0 0 0 0 0 0 0 0 0 0 0 0 0
0 0 0 0 0 0 0 0 0 0 0 0 0
Output:
0 0 0 0 0 0 0 5 5 5 0 0 0
0 0 0 0 0 0 0 5 0 0 0 0 0
0 0 0 0 0 5 5 5 0 0 0 0 0
0 0 0 0 0 5 0 0 0 0 0 0 0
0 0 0 5 5 5 0 0 0 0 0 0 0
0 0 0 5 0 0 0 0 0 0 0 0 0
0 5 5 5 0 0 0 0 0 0 0 0 0
0 5 0 0 0 0 0 0 0 0 0 0 0
0 8 0 0 0 0 0 0 0 0 0 0 0
0 5 0 0 0 0 0 0 0 0 0 0 0
5 5 0 0 0 0 0 0 0 0 0 0 0
0 0 0 0 0 0 0 0 0 0 0 0 0
0 0 0 0 0 0 0 0 0 0 0 0 0

Example 4:

Input:
0 0 0 0 0 0 0 0 0 0 0 0 0
0 0 0 0 0 8 0 0 0 0 0 0 0
0 0 0 0 0 0 0 0 0 0 0 0 0
0 0 0 0 0 0 0 0 0 0 0 0 0
0 0 0 0 0 0 0 0 0 0 0 0 0
0 0 0 0 0 0 0 0 0 0 0 0 0
0 0 0 0 0 0 0 0 0 0 0 0 0
0 0 0 0 0 0 0 0 0 0 0 0 0
0 0 0 0 0 0 0 0 0 0 0 0 0
0 0 0 0 0 0 0 0 0 0 0 0 0
0 0 0 0 0 0 0 0 0 0 0 0 0
0 0 0 0 0 0 0 0 0 0 0 0 0
0 0 0 0 0 0 0 0 0 0 0 0 0
Output:
0 0 0 0 0 5 0 0 0 0 0 0 0
0 0 0 0 0 8 0 0 0 0 0 0 0
0 0 0 0 0 5 0 0 0 0 0 0 0
0 0 0 5 5 5 0 0 0 0 0 0 0
0 0 0 5 0 0 0 0 0 0 0 0 0
0 5 5 5 0 0 0 0 0 0 0 0 0
0 5 0 0 0 0 0 0 0 0 0 0 0
5 5 0 0 0 0 0 0 0 0 0 0 0
0 0 0 0 0 0 0 0 0 0 0 0 0
0 0 0 0 0 0 0 0 0 0 0 0 0
0 0 0 0 0 0 0 0 0 0 0 0 0
0 0 0 0 0 0 0 0 0 0 0 0 0
0 0 0 0 0 0 0 0 0 0 0 0 0

Example 5:

Input:
0 0 0 0 0 0 0 0 0 0 0 0 0
0 0 0 0 0 0 0 8 0 0 0 0 0
0 0 0 0 0 0 0 0 0 0 0 0 0
0 0 0 0 0 0 0 0 0 0 0 0 0
0 0 0 0 0 0 0 0 0 0 0 0 0
0 0 0 0 0 0 0 0 0 0 0 0 0
0 0 0 0 0 0 0 0 0 0 0 0 0
0 0 0 0 0 0 0 0 0 0 0 0 0
0 0 0 0 0 0 0 0 0 0 0 0 0
0 0 0 0 0 0 0 0 0 0 0 0 0
0 0 0 0 0 0 0 0 0 0 0 0 0
0 0 0 0 0 0 0 0 0 0 0 0 0
0 0 0 0 0 0 0 0 0 0 0 0 0
Output:
0 0 0 0 0 0 0 5 0 0 0 0 0
0 0 0 0 0 0 0 8 0 0 0 0 0
0 0 0 0 0 0 0 5 0 0 0 0 0
0 0 0 0 0 5 5 5 0 0 0 0 0
0 0 0 0 0 5 0 0 0 0 0 0 0
0 0 0 5 5 5 0 0 0 0 0 0 0
0 0 0 5 0 0 0 0 0 0 0 0 0
0 5 5 5 0 0 0 0 0 0 0 0 0
0 5 0 0 0 0 0 0 0 0 0 0 0
5 5 0 0 0 0 0 0 0 0 0 0 0
0 0 0 0 0 0 0 0 0 0 0 0 0
0 0 0 0 0 0 0 0 0 0 0 0 0
0 0 0 0 0 0 0 0 0 0 0 0 0

Example 6:

Input:
0 0 0 0 0 0 0 0 0 0 0 0 0
0 0 0 0 0 0 0 0 0 0 0 0 0
0 0 0 0 0 0 0 0 0 0 0 0 0
0 0 0 0 0 0 0 0 0 0 0 0 0
0 0 0 0 0 0 0 0 0 0 0 0 0
0 0 8 0 0 0 0 0 0 0 0 0 0
0 0 0 0 0 0 0 0 0 0 0 0 0
0 0 0 0 0 0 0 0 0 0 0 0 0
0 0 0 0 0 0 0 0 0 0 0 0 0
0 0 0 0 0 0 0 0 0 0 0 0 0
0 0 0 0 0 0 0 0 0 0 0 0 0
0 0 0 0 0 0 0 0 0 0 0 0 0
0 0 0 0 0 0 0 0 0 0 0 0 0
Output:
0 0 0 0 0 0 5 0 0 0 0 0 0
0 0 0 0 5 5 5 0 0 0 0 0 0
0 0 0 0 5 0 0 0 0 0 0 0 0
0 0 5 5 5 0 0 0 0 0 0 0 0
0 0 5 0 0 0 0 0 0 0 0 0 0
0 0 8 0 0 0 0 0 0 0 0 0 0
0 0 5 0 0 0 0 0 0 0 0 0 0
5 5 5 0 0 0 0 0 0 0 0 0 0
5 0 0 0 0 0 0 0 0 0 0 0 0
5 0 0 0 0 0 0 0 0 0 0 0 0
0 0 0 0 0 0 0 0 0 0 0 0 0
0 0 0 0 0 0 0 0 0 0 0 0 0
0 0 0 0 0 0 0 0 0 0 0 0 0

Example 7:

Input:
0 0 0 0 0 0 0 0 0 0 0 0 0
0 0 0 0 0 0 0 0 0 0 0 0 0
0 0 0 0 0 0 0 0 0 0 0 0 0
0 0 0 0 0 0 0 0 0 0 0 0 0
0 0 0 0 0 0 0 0 0 0 0 0 0
0 0 0 0 0 0 0 0 0 0 0 0 0
0 0 0 0 0 0 0 0 0 0 0 0 0
0 0 0 0 0 0 0 0 0 0 0 0 0
0 0 0 0 0 0 0 0 0 0 0 0 0
0 0 0 0 0 0 0 0 0 0 0 0 0
0 0 0 0 0 0 0 0 0 0 0 0 0
0 0 0 0 0 0 0 8 0 0 0 0 0
0 0 0 0 0 0 0 0 0 0 0 0 0
Output:
0 0 0 0 0 0 0 0 0 0 0 0 0
0 0 0 0 0 0 0 0 0 0 0 0 0
0 0 0 0 0 0 0 0 0 0 0 0 0
0 0 0 0 0 0 0 0 0 0 0 0 0
0 0 0 0 0 0 0 0 0 0 0 0 0
0 0 0 0 0 0 0 0 0 0 0 5 5
0 0 0 0 0 0 0 0 0 0 0 5 0
0 0 0 0 0 0 0 0 0 5 5 5 0
0 0 0 0 0 0 0 0 0 5 0 0 0
0 0 0 0 0 0 0 5 5 5 0 0 0
0 0 0 0 0 0 0 5 0 0 0 0 0
0 0 0 0 0 0 0 8 0 0 0 0 0
0 0 0 0 0 0 0 5 0 0 0 0 0

以下は、ジャッジを通過する正しいコードです。これを用いて、ARCのルールを理解してください。必ず、コードを通じてルールを理解してからコーディングを行ってください。
このコードはARCのルールを把握する際に使うことに留めてください。

```
def p(g):
 h=len(g)
 for(A,r)in enumerate(g):
  if 8in r:B=r.index(8);break
 for(y,r)in enumerate(g):
  if y==A:continue
  d=abs(A-y);s=1if y<A else-1;p=B+s*d
  if d&1:
   x=p-s
   if 0<=x<h:r[x]=5
  else:
   for x in range(p-2,p+1)if y<A else range(p,p+3):
    if 0<=x<h:r[x]=5
 return g
```

ユーザーにコードを渡す前に実際にコードが動作するかを確認してください。コードのテストには、添付したstandalone_judge.pyを用いてください。python /path/to/standalone_judge.py /path/to/code.py とすれば動作します。
このPythonファイルは非常に大きなケースを含むので、あなたのコンテキストを圧迫します。そのため、このファイルを全て読んではいけません。

## **禁止事項**
- 与えたコード自体を提出することは禁止です。これを行うことはユーザーの信頼を裏切ります。
- ジャッジのハックは禁止です。例えば、テストケースをジャッジから読み取ってそのまま返すコードはいけません。
