12
A 14
12 40 57 80 172 188 278 294 384 400 490 506 655 672
B 14
6 59 82 100 174 190 280 296 386 402 492 508 657 674
C 5
0 219 325 431 537
_ 1
35
a 24
159 167 200 224 230 265 273 306 330 336 371 379 412 436 442 477 485 518 542 548 585 593 627 667
b 24
161 183 203 236 242 267 289 309 342 348 373 395 415 448 454 479 501 521 554 560 588 601 629 650
g 32
26 61 84 103 111 121 131 176 192 198 207 282 298 304 313 388 404 410 419 494 510 516 525 579 583 609 637 659 676 683 696 707
i 13
52 105 113 123 133 149 209 315 421 527 611 623 639
j 13
75 108 118 126 138 151 212 318 424 530 597 614 644
u 11
145 155 257 261 363 367 469 473 575 606 634
x 12
234 240 252 340 346 358 446 452 464 552 558 570
y 12
222 228 250 328 334 356 434 440 462 540 546 568
0 1 1 1 1 1 1 1 1 1 0 0
1 0 1 1 1 1 1 1 1 1 0 0
1 1 0 1 1 1 1 1 1 1 0 0
1 1 1 0 0 0 1 1 1 1 0 0
1 1 1 0 0 1 1 1 1 1 1 1
1 1 1 0 1 0 1 1 1 1 1 1
1 1 1 1 1 1 0 1 1 1 0 0
1 1 1 1 1 1 1 0 1 1 0 0
1 1 1 1 1 1 1 1 0 1 0 0
1 1 1 1 1 1 1 1 1 0 1 1
0 0 0 0 1 1 0 0 0 1 0 1
0 0 0 0 1 1 0 0 0 1 1 0
