9
p 14
12 40 57 80 172 188 272 288 372 388 472 488 633 650
f 22
6 59 82 100 174 190 231 246 274 290 331 346 374 390 431 446 474 490 531 546 635 652
o 5
0 219 319 419 519
n 21
35 159 167 200 224 259 267 300 324 359 367 400 424 459 467 500 524 561 570 605 645
i 20
161 183 203 233 261 283 303 333 361 383 403 433 461 483 503 533 564 578 607 628
a 32
26 61 84 103 111 121 131 176 192 198 207 276 292 298 307 376 392 398 407 476 492 498 507 555 559 586 615 637 654 661 674 685
d 13
52 105 113 123 133 149 209 309 409 509 588 601 617
r 21
75 108 118 126 138 151 212 222 244 312 322 344 412 422 444 512 522 544 574 591 622
e 11
145 155 251 255 351 355 451 455 551 583 612
0 1 1 1 1 1 1 1 1
1 0 1 1 1 1 1 1 1
1 1 0 1 1 1 1 1 1
1 1 1 0 1 1 1 1 1
1 1 1 1 0 1 1 1 1
1 1 1 1 1 0 1 1 1
1 1 1 1 1 1 0 1 1
1 1 1 1 1 1 1 0 1
1 1 1 1 1 1 1 1 0
