ARCのケースに対して、list[list[int]] -> list[list[int]] のシグネチャを持つ関数`p`をPythonで実装してください。つまり、`def p(g):...` か `p=lambda g:...`というコードが期待されます。
コードはshortcodingのcompetitionに用いるため、アルゴリズムを工夫してできる限り短いコードを生成するよう努めてください。

Example 0:

Input:
2 0 0
0 0 0
0 0 2
Output:
2 0 8 2 0 8
8 0 8 8 0 8
8 0 2 8 0 2
2 0 8 2 0 8
8 0 8 8 0 8
8 0 2 8 0 2

Example 1:

Input:
0 5 0 0 0 0
0 0 0 0 0 0
0 0 0 0 0 0
0 0 0 0 0 0
5 0 0 0 0 5
0 0 0 0 0 0
Output:
8 5 0 0 0 8 8 5 0 0 0 8
8 8 0 0 0 8 8 8 0 0 0 8
8 8 0 0 0 8 8 8 0 0 0 8
8 8 0 0 0 8 8 8 0 0 0 8
5 8 0 0 0 5 5 8 0 0 0 5
8 8 0 0 0 8 8 8 0 0 0 8
8 5 0 0 0 8 8 5 0 0 0 8
8 8 0 0 0 8 8 8 0 0 0 8
8 8 0 0 0 8 8 8 0 0 0 8
8 8 0 0 0 8 8 8 0 0 0 8
5 8 0 0 0 5 5 8 0 0 0 5
8 8 0 0 0 8 8 8 0 0 0 8

Example 2:

Input:
0 4
0 0
Output:
0 4 0 4
0 8 0 8
0 4 0 4
0 8 0 8

Example 3:

Input:
0 0 3 0
0 0 0 0
0 0 0 3
3 0 0 0
Output:
8 0 3 8 8 0 3 8
8 0 8 8 8 0 8 8
8 0 8 3 8 0 8 3
3 0 8 8 3 0 8 8
8 0 3 8 8 0 3 8
8 0 8 8 8 0 8 8
8 0 8 3 8 0 8 3
3 0 8 8 3 0 8 8

Example 4:

Input:
0 0 0 0 0 0
0 0 0 0 0 0
0 0 0 0 0 0
0 0 0 0 0 0
0 0 0 0 0 0
3 0 0 0 0 0
Output:
8 0 0 0 0 0 8 0 0 0 0 0
8 0 0 0 0 0 8 0 0 0 0 0
8 0 0 0 0 0 8 0 0 0 0 0
8 0 0 0 0 0 8 0 0 0 0 0
8 0 0 0 0 0 8 0 0 0 0 0
3 0 0 0 0 0 3 0 0 0 0 0
8 0 0 0 0 0 8 0 0 0 0 0
8 0 0 0 0 0 8 0 0 0 0 0
8 0 0 0 0 0 8 0 0 0 0 0
8 0 0 0 0 0 8 0 0 0 0 0
8 0 0 0 0 0 8 0 0 0 0 0
3 0 0 0 0 0 3 0 0 0 0 0

Example 5:

Input:
7 0
0 7
Output:
7 8 7 8
8 7 8 7
7 8 7 8
8 7 8 7

Example 6:

Input:
6 0
0 6
Output:
6 8 6 8
8 6 8 6
6 8 6 8
8 6 8 6

Example 7:

Input:
6 0 0 0
0 6 0 0
0 0 0 0
0 0 0 0
Output:
6 8 0 0 6 8 0 0
8 6 0 0 8 6 0 0
8 8 0 0 8 8 0 0
8 8 0 0 8 8 0 0
6 8 0 0 6 8 0 0
8 6 0 0 8 6 0 0
8 8 0 0 8 8 0 0
8 8 0 0 8 8 0 0

以下は、ジャッジを通過する正しいコードです。これを用いて、ARCのルールを理解してください。必ず、コードを通じてルールを理解してからコーディングを行ってください。
このコードはARCのルールを把握する際に使うことに留めてください。

```
def p(g):a,b=len(g),len(g[0]);c=[any(x)for x in zip(*g)];return[[g[i%a][j%b]or 8*c[j%b]for j in range(b*2)]for i in range(a*2)]
```

ユーザーにコードを渡す前に実際にコードが動作するかを確認してください。コードのテストには、添付したstandalone_judge.pyを用いてください。python /path/to/standalone_judge.py /path/to/code.py とすれば動作します。
このPythonファイルは非常に大きなケースを含むので、あなたのコンテキストを圧迫します。そのため、このファイルを全て読んではいけません。

## **禁止事項**
- 与えたコード自体を提出することは禁止です。これを行うことはユーザーの信頼を裏切ります。
- ジャッジのハックは禁止です。例えば、テストケースをジャッジから読み取ってそのまま返すコードはいけません。
