16
m 7
6 103 123 189 237 398 418
p 7
0 105 125 191 239 400 420
o 2
215 317
l 2
218 279
u 3
73 342 443
f 3
81 351 455
n 5
25 151 156 373 378
i 2
167 319
r 20
20 40 55 107 127 141 173 193 206 221 241 257 283 302 330 402 422 457 467 484
s 16
98 143 202 208 223 259 285 304 332 346 355 393 436 448 459 469
t 16
118 146 178 211 253 262 288 307 335 348 357 413 438 450 462 472
e 11
89 175 184 199 226 232 250 281 364 368 386
key 1
47
d 6
68 300 311 366 371 465
c 3
170 273 326
a 2
313 383
0 1 1 1 1 1 1 1 1 1 1 1 0 1 1 1
1 0 1 1 1 1 1 1 1 1 1 1 0 1 1 1
1 1 0 1 1 1 1 1 1 1 1 1 0 1 1 1
1 1 1 0 1 1 1 1 1 1 1 1 0 1 1 1
1 1 1 1 0 1 1 1 1 1 1 1 0 1 1 1
1 1 1 1 1 0 1 1 1 1 1 1 0 1 1 1
1 1 1 1 1 1 0 1 1 1 1 1 0 1 1 1
1 1 1 1 1 1 1 0 1 1 1 1 0 1 1 1
1 1 1 1 1 1 1 1 0 1 1 1 0 1 1 1
1 1 1 1 1 1 1 1 1 0 1 1 0 1 1 1
1 1 1 1 1 1 1 1 1 1 0 1 0 1 1 1
1 1 1 1 1 1 1 1 1 1 1 0 0 1 1 1
0 0 0 0 0 0 0 0 0 0 0 0 0 0 0 0
1 1 1 1 1 1 1 1 1 1 1 1 0 0 1 1
1 1 1 1 1 1 1 1 1 1 1 1 0 1 0 1
1 1 1 1 1 1 1 1 1 1 1 1 0 1 1 0
