1 2
<<<<<<< HEAD
0 0 0 5 4 2 5 0 2 0 0 0 0 0 0 0 2 4 4
271
0 0 0 0 0 0 0 0 0 5 8 0 0 0 0 0 0 0 0 0 0 0 0 0 0 0 0 0 0 0 0 0 0 0 0 0 0 8 8 8 6 6 6 6 6 6 6 6 6 6 8 8 8 8 8 8 8 6 6 6 6 6 0 0 0 0 0 0 0 0 0 0 0 0 0 0 0 0 0 0 0 0 0 0 0 0 0 0 0 0 0 5 8 5 8 8 8 8 8 8 5 5 5 5 8 5 8 8 5 8 5 8 5 8 5 8 8 8 8 8 8 8 8 8 8 8 0 0 0 0 0 0 0 0 0 0 0 0 0 0 0 0 0 0 0 0 0 0 0 0 0 0 0 0 0 0 0 0 0 0 0 0 0 0 0 0 0 0 0 0 0 0 0 0 0 0 0 0 0 0 0 0 0 0 0 0 0 0 0 0 0 0 0 0 0 0 0 0 0 0 0 0 0 0 0 0 0 0 0 0 0 0 0 0 0 0 0 0 0 0 0 0 0 0 0 0 0 0 0 0 0 0 0 0 0 0 0 0 0 0 0 0 0 0 0 0 0 0 0 0 0 0 0 0 0 0 8 4 5 5 5 5 5 8 8 8 8 8 8 8 8
16
0 0 0 0 0 3 3 3 3 3 4 4 4 4 4 4
214
L 100 L 101 L 102 L 9 L 112 L 40 L 114 L 41 L 58 L 10 L 9 L 102 L 111 L 114 L 9 L 100 L 9 L 105 L 110 L 9 L 114 L 97 L 110 L 103 L 101 L 40 L 56 M 4 20 M 5 21 L 112 M 10 21 L 49 L 44 L 108 L 101 L 110 M 3 47 M 5 28 M 5 29 L 105 M 24 29 L 9 L 105 L 102 L 9 L 51 L 60 M 4 18 L 123 L 114 L 91 L 112 L 93 L 91 L 105 L 93 L 44 M 3 8 L 45 L 49 M 8 10 M 3 8 M 3 13 M 8 20 M 4 12 L 125 M 7 57 L 9 L 110 L 61 L 91 L 91 L 48 L 93 L 42 L 53 M 17 146 L 93 L 59 L 110 M 3 25 M 3 28 L 61 L 49 L 59 L 101 L 61 L 91 L 40 L 48 L 44 L 48 L 41 L 93 M 6 52 L 119 L 104 L 105 L 108 L 101 L 9 L 101 M 7 66 L 9 L 40 L 108 L 44 L 103 L 41 L 44 L 42 L 101 L 61 L 101 L 59 M 3 98 L 43 L 108 M 5 98 L 45 L 103 L 93 L 124 L 61 M 9 123 M 4 25 M 3 20 M 4 27 L 43 M 7 25 M 6 158 M 7 67 M 4 126 L 102 M 10 126 L 57 M 8 158 M 5 218 L 48 L 60 L 108 L 43 L 102 L 37 L 51 L 60 L 54 L 97 L 110 L 100 M 3 13 L 103 L 43 L 102 L 47 L 47 M 7 14 L 49 L 45 L 110 L 91 M 5 29 M 4 78 M 6 25 M 3 10 M 6 40 M 5 140 M 8 28 M 3 119 M 8 30 L 61 M 7 151 L 93 L 58 M 20 60 M 4 238 L 43 M 3 239 M 7 26 L 44 M 8 25 M 5 252 L 114 L 91 L 58 L 93 L 61 L 109 L 97 L 112 L 40 L 108 L 105 L 115 L 116 L 44 L 122 L 105 L 112 L 40 L 42 M 3 19 L 58 M 3 55 L 41 L 41 L 10 L 9 L 114 L 101 L 116 L 117 L 114 M 3 195
=======
0 0 5 0 6 2 0 0 1 0 0 0 0 0 0 0 6 3 4
286
0 0 0 0 0 0 0 0 0 5 8 0 0 0 0 0 0 0 0 0 0 0 0 0 0 0 0 0 0 0 0 0 0 0 0 0 0 0 0 0 5 5 5 5 5 5 8 8 8 5 5 8 0 0 0 0 8 8 5 8 8 5 8 0 0 0 0 0 0 0 0 0 0 0 0 0 0 0 0 0 0 0 0 0 0 0 0 0 0 0 0 5 8 5 8 8 8 8 8 8 8 5 5 5 8 5 5 8 8 8 5 8 8 8 5 8 8 8 8 8 8 8 8 8 8 8 0 0 0 0 0 0 0 0 0 0 0 0 0 0 0 0 0 0 0 0 0 0 0 0 0 0 0 0 0 0 0 0 0 0 0 0 0 0 0 0 0 0 0 0 0 0 0 0 0 0 0 0 0 0 0 0 0 0 0 0 0 0 0 0 0 0 0 0 0 0 0 0 0 0 0 0 0 0 0 0 0 0 0 0 0 0 0 0 0 0 0 0 0 0 0 0 0 0 0 0 0 0 0 0 0 0 0 0 0 0 0 0 0 0 0 0 0 0 0 0 0 0 0 0 0 0 0 0 0 0 8 4 5 5 8 5 8 8 5 8 8 8 8 8 8 0 0 0 0 0 0 0 8 0 0 0 0 0 0 8
19
0 0 0 0 0 5 5 5 2 2 5 5 5 2 5 0 0 0 5
185
L 100 L 101 L 102 L 9 L 112 L 40 L 103 L 41 L 58 L 10 L 9 L 102 L 111 L 114 L 9 L 114 L 9 L 105 L 110 L 9 L 114 L 97 L 110 L 103 L 101 L 40 L 56 M 4 20 M 5 21 L 106 M 10 21 L 108 L 101 L 110 M 3 45 L 45 L 49 M 5 28 M 5 29 L 105 M 24 29 L 9 L 105 L 102 L 9 L 51 L 60 M 4 20 L 123 L 103 L 91 L 106 L 93 L 91 L 105 L 93 L 44 M 3 8 L 43 L 49 M 7 10 M 4 18 L 43 L 49 M 10 20 M 3 25 L 125 L 41 L 58 L 102 L 61 L 91 L 40 L 106 L 44 L 105 L 41 L 93 L 59 M 4 10 L 114 L 44 L 101 L 41 M 14 150 M 7 100 M 5 22 L 101 M 17 22 M 3 114 L 103 L 91 L 114 L 93 L 91 L 101 L 93 L 61 L 61 M 7 116 L 62 L 48 M 3 21 L 97 L 110 L 121 L 40 L 40 L 106 L 45 L 114 L 41 L 42 L 42 L 50 L 43 L 40 L 105 L 45 L 101 M 4 9 L 60 L 51 M 3 69 M 5 109 M 3 71 L 102 M 258 114 M 87 114 L 103 L 61 L 91 L 91 M 7 63 M 3 25 M 3 125 L 50 L 42 L 105 L 43 L 49 M 3 45 M 5 32 L 42 M 9 521 M 4 29 L 50 L 42 L 106 M 3 27 L 114 L 44 M 10 29 M 7 560 M 22 153 M 5 23 L 114 M 18 23 M 3 638 L 103 L 91 L 58 L 93 L 61 L 122 L 105 L 112 L 40 M 3 97 L 58 L 58 L 45 L 49 L 93 L 41 L 10 L 9 L 114 L 101 L 116 L 117 L 114 L 110 L 9 L 103
>>>>>>> b9c96cd9d (285)
