<<<<<<< HEAD
9
d 2
15 161
f 11
287 316 329 345 354 373 384 405 414 431 439
r 16
6 53 82 101 109 119 129 227 242 252 267 367 393 450 469 487
p 11
36 103 111 121 131 229 244 254 269 369 395
i 11
65 106 116 124 136 234 247 261 274 380 398
e 5
186 207 223 225 424
n 4
149 176 341 401
g 8
219 238 263 327 352 382 412 437
l 8
217 231 258 314 343 371 403 429
0 1 1 1 1 1 1 1 1
1 0 1 1 1 1 1 1 1
1 1 0 1 1 1 1 1 1
1 1 1 0 1 1 1 1 1
1 1 1 1 0 1 1 1 1
1 1 1 1 1 0 1 1 1
1 1 1 1 1 1 0 1 1
1 1 1 1 1 1 1 0 1
1 1 1 1 1 1 1 1 0
=======
6
r 21
15 157 165 210 236 271 279 324 350 385 393 438 464 499 507 552 578 615 624 659 705
e 20
159 187 213 245 273 301 327 359 387 415 441 473 501 529 555 587 618 632 661 682
g 32
6 51 80 101 109 119 129 180 202 208 217 294 316 322 331 408 430 436 445 522 544 550 559 609 613 640 669 697 720 727 737 754
j 21
36 103 111 121 131 147 219 234 256 333 348 370 447 462 484 561 576 598 642 655 671
i 21
65 106 116 124 136 149 222 243 258 336 357 372 450 471 486 564 585 600 628 645 676
f 11
143 153 263 267 377 381 491 495 605 637 666
0 1 1 1 1 1
1 0 1 1 1 1
1 1 0 1 1 1
1 1 1 0 1 1
1 1 1 1 0 1
1 1 1 1 1 0
>>>>>>> b9c96cd9d (285)
