ARCのケースに対して、list[list[int]] -> list[list[int]] のシグネチャを持つ関数`p`をPythonで実装してください。つまり、`def p(g):...` か `p=lambda g:...`というコードが期待されます。
コードはshortcodingのcompetitionに用いるため、アルゴリズムを工夫してできる限り短いコードを生成するよう努めてください。

Example 0:

Input:
3 3 0 9 0 0
3 3 0 9 0 0
0 0 0 9 0 0
9 9 9 9 0 0
0 0 0 0 0 0
0 0 0 0 0 0
Output:
3 3 0 9 0 0
3 3 0 9 0 0
0 0 0 9 0 0
9 9 9 9 0 0
0 0 0 0 3 0
0 0 0 0 0 3

Example 1:

Input:
0 0 8 0 6 0 8 0
0 0 8 0 0 0 8 0
0 0 8 8 8 8 8 0
0 0 0 0 0 0 0 0
0 0 0 0 0 0 0 0
0 0 0 0 0 0 0 0
0 0 0 0 0 0 0 0
0 0 0 0 0 0 0 0
Output:
0 0 8 0 6 0 8 0
0 0 8 0 0 0 8 0
0 0 8 8 8 8 8 0
0 6 0 0 0 0 0 6
6 0 0 0 0 0 0 0
0 0 0 0 0 0 0 0
0 0 0 0 0 0 0 0
0 0 0 0 0 0 0 0

Example 2:

Input:
0 0 0 0 0 0 0 0 0
0 0 0 0 0 0 0 0 0
0 0 0 0 0 0 0 0 0
0 0 0 0 0 0 0 0 0
0 0 0 0 0 0 0 0 0
0 4 4 4 4 4 4 0 0
0 4 0 0 0 0 4 0 0
0 4 0 2 2 0 4 0 0
0 4 0 2 2 0 4 0 0
Output:
0 0 0 0 0 0 0 0 0
0 0 0 0 0 0 0 0 0
0 0 0 0 0 0 0 0 0
0 0 0 0 0 0 0 0 2
2 0 0 0 0 0 0 2 0
0 4 4 4 4 4 4 0 0
0 4 0 0 0 0 4 0 0
0 4 0 2 2 0 4 0 0
0 4 0 2 2 0 4 0 0

Example 3:

Input:
0 0 0 0 0 0 0 0 0 0 0 0
0 0 0 0 0 0 0 0 0 0 0 0
0 0 0 0 0 0 0 0 0 0 0 0
0 0 0 0 0 0 0 0 0 0 0 0
0 0 0 0 0 0 0 0 0 0 0 0
5 5 5 5 5 5 0 0 0 0 0 0
0 0 0 0 0 5 0 0 0 0 0 0
4 4 4 4 0 5 0 0 0 0 0 0
4 4 4 4 0 5 0 0 0 0 0 0
4 4 4 4 0 5 0 0 0 0 0 0
4 4 4 4 0 5 0 0 0 0 0 0
4 4 4 4 0 5 0 0 0 0 0 0
Output:
0 0 0 0 0 0 0 0 0 0 4 0
0 0 0 0 0 0 0 0 0 4 0 0
0 0 0 0 0 0 0 0 4 0 0 0
0 0 0 0 0 0 0 4 0 0 0 0
0 0 0 0 0 0 4 0 0 0 0 0
5 5 5 5 5 5 0 0 0 0 0 0
0 0 0 0 0 5 0 0 0 0 0 0
4 4 4 4 0 5 0 0 0 0 0 0
4 4 4 4 0 5 0 0 0 0 0 0
4 4 4 4 0 5 0 0 0 0 0 0
4 4 4 4 0 5 0 0 0 0 0 0
4 4 4 4 0 5 0 0 0 0 0 0

Example 4:

Input:
0 0 0 0 3 0 4 4 0 3 0 0
0 0 0 0 3 0 4 4 0 3 0 0
0 0 0 0 3 0 4 4 0 3 0 0
0 0 0 0 3 0 0 0 0 3 0 0
0 0 0 0 3 3 3 3 3 3 0 0
0 0 0 0 0 0 0 0 0 0 0 0
0 0 0 0 0 0 0 0 0 0 0 0
0 0 0 0 0 0 0 0 0 0 0 0
0 0 0 0 0 0 0 0 0 0 0 0
0 0 0 0 0 0 0 0 0 0 0 0
0 0 0 0 0 0 0 0 0 0 0 0
0 0 0 0 0 0 0 0 0 0 0 0
Output:
0 0 0 0 3 0 4 4 0 3 0 0
0 0 0 0 3 0 4 4 0 3 0 0
0 0 0 0 3 0 4 4 0 3 0 0
0 0 0 0 3 0 0 0 0 3 0 0
0 0 0 0 3 3 3 3 3 3 0 0
0 0 0 4 0 0 0 0 0 0 4 0
0 0 4 0 0 0 0 0 0 0 0 4
0 4 0 0 0 0 0 0 0 0 0 0
4 0 0 0 0 0 0 0 0 0 0 0
0 0 0 0 0 0 0 0 0 0 0 0
0 0 0 0 0 0 0 0 0 0 0 0
0 0 0 0 0 0 0 0 0 0 0 0

Example 5:

Input:
0 0 0 0 0 0 6 6 6 6
0 0 0 0 0 0 6 0 0 0
0 0 0 0 0 0 6 0 1 1
0 0 0 0 0 0 6 0 1 1
0 0 0 0 0 0 6 0 1 1
0 0 0 0 0 0 6 0 1 1
0 0 0 0 0 0 6 0 1 1
0 0 0 0 0 0 6 0 0 0
0 0 0 0 0 0 6 6 6 6
0 0 0 0 0 0 0 0 0 0
Output:
0 0 0 0 0 0 6 6 6 6
0 0 0 0 0 0 6 0 0 0
0 0 0 0 0 0 6 0 1 1
0 0 0 0 0 0 6 0 1 1
0 0 0 0 0 0 6 0 1 1
0 0 0 0 0 0 6 0 1 1
0 0 0 0 0 0 6 0 1 1
0 0 0 0 0 0 6 0 0 0
0 0 0 0 0 0 6 6 6 6
0 0 0 0 0 1 0 0 0 0

Example 6:

Input:
0 0 7 0 0 0
0 0 7 0 9 9
0 0 7 0 9 9
0 0 7 0 0 0
0 0 7 7 7 7
0 0 0 0 0 0
Output:
0 0 7 0 0 0
0 0 7 0 9 9
0 0 7 0 9 9
0 0 7 0 0 0
0 0 7 7 7 7
0 9 0 0 0 0

Example 7:

Input:
0 0 0 7 0 6
0 0 0 7 0 6
0 0 0 7 0 0
0 0 0 7 7 7
0 0 0 0 0 0
0 0 0 0 0 0
Output:
0 0 0 7 0 6
0 0 0 7 0 6
0 0 0 7 0 0
0 0 0 7 7 7
0 0 6 0 0 0
0 6 0 0 0 0

以下は、ジャッジを通過する正しいコードです。これを用いて、ARCのルールを理解してください。必ず、コードを通じてルールを理解してからコーディングを行ってください。
このコードはARCのルールを把握する際に使うことに留めてください。

```
R=range
def p(g):
 n,u=len(g),[]
 for i in R(1,n-1):
  for j in R(1,n-1):s=[g[i+k%3-1][j+k//3-1]for k in R(9)];*t,={*s}-{*s[1::2]};u+=[(j+(1-(2&(k:=-~s.index(t[0])//3)))*m,i+(1-k%2*2)*m,*t)for m in R(2,n*(len(t)*3==len({*s})))]
 for(x,y,v)in u:
  if-1<y<n and-1<x<n:g[y][x]=v
 return g
```

ユーザーにコードを渡す前に実際にコードが動作するかを確認してください。コードのテストには、添付したjudge.pyを用いてください。python /path/to/judge.py /path/to/code.py /path/to/cases.bin とすれば動作します。

## **禁止事項**
- 与えたコード自体を提出することは禁止です。これを行うことはユーザーの信頼を裏切ります。
- ジャッジのハックは禁止です。例えば、テストケースをジャッジから読み取ってそのまま返すコードはいけません。
