ARCのケースに対して、list[list[int]] -> list[list[int]] のシグネチャを持つ関数`p`をPythonで実装してください。つまり、`def p(g):...` か `p=lambda g:...`というコードが期待されます。
コードはshortcodingのcompetitionに用いるため、アルゴリズムを工夫してできる限り短いコードを生成するよう努めてください。

Example 0:

Input:
2 7 8 8 8
5 5 6 5 4
8 5 5 5 2
8 8 4 3 6
6 5 1 9 3
Output:
2 7 5 5 5
8 8 6 8 4
5 8 8 8 2
5 5 4 3 6
6 8 1 9 3

Example 1:

Input:
3 5 1
4 5 8
2 4 9
Output:
3 8 1
4 8 5
2 4 9

Example 2:

Input:
6 5 3
5 7 5
8 8 2
Output:
6 8 3
8 7 8
5 5 2

Example 3:

Input:
8 8 4 5
3 8 7 5
3 7 1 9
6 4 8 8
Output:
5 5 4 8
3 5 7 8
3 7 1 9
6 4 5 5

Example 4:

Input:
5 8 3 9 5
5 5 5 8 8
7 2 8 2 4
7 8 8 8 8
8 9 2 4 5
Output:
8 5 3 9 8
8 8 8 5 5
7 2 5 2 4
7 5 5 5 5
5 9 2 4 8

Example 5:

Input:
6 5 5
2 8 8
7 8 8
Output:
6 8 8
2 5 5
7 5 5

Example 6:

Input:
8 2 8
6 8 3
7 5 6
Output:
5 2 5
6 5 3
7 8 6

Example 7:

Input:
5 1 6 8
8 3 8 8
5 6 8 5
9 8 8 4
Output:
8 1 6 5
5 3 5 5
8 6 5 8
9 5 5 4

以下は、ジャッジを通過する正しいコードです。これを用いて、ARCのルールを理解してください。必ず、コードを通じてルールを理解してからコーディングを行ってください。
このコードはARCのルールを把握する際に使うことに留めてください。

```
p=lambda g:[[v^13*(v>v%3>1)for v in s]for s in g]
```

ユーザーにコードを渡す前に実際にコードが動作するかを確認してください。コードのテストには、添付したstandalone_judge.pyを用いてください。python /path/to/standalone_judge.py /path/to/code.py とすれば動作します。
このPythonファイルは非常に大きなケースを含むので、あなたのコンテキストを圧迫します。そのため、このファイルを全て読んではいけません。

## **禁止事項**
- 与えたコード自体を提出することは禁止です。これを行うことはユーザーの信頼を裏切ります。
- ジャッジのハックは禁止です。例えば、テストケースをジャッジから読み取ってそのまま返すコードはいけません。
