ARCのケースに対して、list[list[int]] -> list[list[int]] のシグネチャを持つ関数`p`をPythonで実装してください。つまり、`def p(g):...` か `p=lambda g:...`というコードが期待されます。
コードはshortcodingのcompetitionに用いるため、アルゴリズムを工夫してできる限り短いコードを生成するよう努めてください。

Example 0:

Input:
4 5 4
5 5 5
4 5 4
Output:
0 4 0
4 4 4
0 4 0

Example 1:

Input:
5 5 6 6 6
6 5 5 6 6
6 6 5 5 6
6 6 6 5 5
5 6 6 6 5
Output:
6 6 0 0 0
0 6 6 0 0
0 0 6 6 0
0 0 0 6 6
6 0 0 0 6

Example 2:

Input:
9 5 9 9 9
9 9 5 5 9
9 5 9 9 9
9 9 5 9 9
9 9 9 5 5
Output:
0 9 0 0 0
0 0 9 9 0
0 9 0 0 0
0 0 9 0 0
0 0 0 9 9

Example 3:

Input:
3 3 3 5 3
3 5 3 3 3
3 5 5 3 5
3 3 3 5 3
5 5 5 3 3
Output:
0 0 0 3 0
0 3 0 0 0
0 3 3 0 3
0 0 0 3 0
3 3 3 0 0

Example 4:

Input:
5 8 8 8 8
5 8 8 8 8
8 5 8 8 8
5 5 8 8 8
5 8 8 8 8
Output:
8 0 0 0 0
8 0 0 0 0
0 8 0 0 0
8 8 0 0 0
8 0 0 0 0

Example 5:

Input:
8 5 8
8 5 8
8 5 5
Output:
0 8 0
0 8 0
0 8 8

Example 6:

Input:
5 5 5
8 8 5
8 8 8
Output:
8 8 8
0 0 8
0 0 0

Example 7:

Input:
5 1 5 1
5 5 1 1
1 1 1 1
1 1 5 1
Output:
1 0 1 0
1 1 0 0
0 0 0 0
0 0 1 0

以下は、ジャッジを通過する正しいコードです。これを用いて、ARCのルールを理解してください。必ず、コードを通じてルールを理解してからコーディングを行ってください。
このコードはARCのルールを把握する際に使うことに留めてください。

```
p=lambda g:[[(v==5)*(sum({*sum(g,[])})-v)for v in s]for s in g]
```

ユーザーにコードを渡す前に実際にコードが動作するかを確認してください。コードのテストには、添付したjudge.pyを用いてください。python /path/to/judge.py /path/to/code.py /path/to/cases.bin とすれば動作します。

## **禁止事項**
- 与えたコード自体を提出することは禁止です。これを行うことはユーザーの信頼を裏切ります。
- ジャッジのハックは禁止です。例えば、テストケースをジャッジから読み取ってそのまま返すコードはいけません。
