ARCのケースに対して、list[list[int]] -> list[list[int]] のシグネチャを持つ関数`p`をPythonで実装してください。つまり、`def p(g):...` か `p=lambda g:...`というコードが期待されます。
コードはshortcodingのcompetitionに用いるため、アルゴリズムを工夫してできる限り短いコードを生成するよう努めてください。

Example 0:

Input:
0 0 0 0 0 0 0 0 0 0
0 7 6 0 0 0 0 0 0 0
0 9 4 0 0 0 0 0 0 0
0 0 0 0 0 0 0 0 0 0
0 0 0 0 0 8 8 0 0 0
0 0 0 0 0 8 8 0 0 0
0 0 0 0 0 0 0 0 0 0
0 0 8 8 0 0 0 0 0 0
0 0 8 8 0 0 0 0 8 8
0 0 0 0 0 0 0 0 8 8
Output:
0 0 0 0 0 0 0 0 0 0
0 0 0 0 0 0 0 0 0 0
0 0 0 0 0 0 0 0 0 0
0 0 0 0 0 0 0 0 0 0
0 0 0 0 0 7 6 0 0 0
0 0 0 0 0 9 4 0 0 0
0 0 0 0 0 0 0 0 0 0
0 0 7 6 0 0 0 0 0 0
0 0 9 4 0 0 0 0 7 6
0 0 0 0 0 0 0 0 9 4

Example 1:

Input:
0 0 0 0 0 0 0 0 0 0
0 8 8 0 0 0 0 0 0 0
0 8 8 8 0 0 8 8 0 0
0 0 0 0 0 0 8 8 8 0
0 0 0 0 0 0 0 0 0 0
0 0 0 0 0 7 7 0 0 0
0 0 0 0 0 6 6 6 0 0
0 0 0 8 8 0 0 0 0 0
0 0 0 8 8 8 0 0 0 0
0 0 0 0 0 0 0 0 0 0
Output:
0 0 0 0 0 0 0 0 0 0
0 7 7 0 0 0 0 0 0 0
0 6 6 6 0 0 7 7 0 0
0 0 0 0 0 0 6 6 6 0
0 0 0 0 0 0 0 0 0 0
0 0 0 0 0 0 0 0 0 0
0 0 0 0 0 0 0 0 0 0
0 0 0 7 7 0 0 0 0 0
0 0 0 6 6 6 0 0 0 0
0 0 0 0 0 0 0 0 0 0

Example 2:

Input:
0 0 0 0 0 0 0 0 0 0
0 8 8 0 0 0 8 8 0 0
8 8 8 8 0 8 8 8 8 0
0 0 8 0 0 0 0 8 0 0
0 0 0 0 0 0 0 0 0 0
0 4 4 0 0 0 0 0 0 0
3 4 3 3 0 0 8 8 0 0
0 0 3 0 0 8 8 8 8 0
0 0 0 0 0 0 0 8 0 0
0 0 0 0 0 0 0 0 0 0
Output:
0 0 0 0 0 0 0 0 0 0
0 4 4 0 0 0 4 4 0 0
3 4 3 3 0 3 4 3 3 0
0 0 3 0 0 0 0 3 0 0
0 0 0 0 0 0 0 0 0 0
0 0 0 0 0 0 0 0 0 0
0 0 0 0 0 0 4 4 0 0
0 0 0 0 0 3 4 3 3 0
0 0 0 0 0 0 0 3 0 0
0 0 0 0 0 0 0 0 0 0

Example 3:

Input:
0 0 0 0 0 0 0 0 0 0
0 0 8 0 8 8 0 0 0 0
0 0 8 8 8 8 0 0 0 0
0 0 0 0 0 0 0 0 0 0
0 0 8 0 8 8 0 0 0 0
0 0 8 8 8 8 0 0 0 0
0 0 0 0 0 0 0 0 0 0
8 0 8 8 0 0 7 0 7 7
8 8 8 8 0 0 7 4 4 7
0 0 0 0 0 0 0 0 0 0
Output:
0 0 0 0 0 0 0 0 0 0
0 0 7 0 7 7 0 0 0 0
0 0 7 4 4 7 0 0 0 0
0 0 0 0 0 0 0 0 0 0
0 0 7 0 7 7 0 0 0 0
0 0 7 4 4 7 0 0 0 0
0 0 0 0 0 0 0 0 0 0
7 0 7 7 0 0 0 0 0 0
7 4 4 7 0 0 0 0 0 0
0 0 0 0 0 0 0 0 0 0

Example 4:

Input:
0 0 0 0 0 0 0 0 0 0
0 0 0 0 0 0 0 0 0 0
0 0 0 0 0 8 0 0 0 8
0 0 0 0 8 8 0 0 8 8
0 0 0 0 0 0 0 0 0 0
0 0 0 0 0 0 0 0 0 0
0 0 0 0 0 8 0 0 0 0
0 0 0 0 8 8 0 0 0 9
0 0 0 0 0 0 0 0 9 2
0 0 0 0 0 0 0 0 0 0
Output:
0 0 0 0 0 0 0 0 0 0
0 0 0 0 0 0 0 0 0 0
0 0 0 0 0 9 0 0 0 9
0 0 0 0 9 2 0 0 9 2
0 0 0 0 0 0 0 0 0 0
0 0 0 0 0 0 0 0 0 0
0 0 0 0 0 9 0 0 0 0
0 0 0 0 9 2 0 0 0 0
0 0 0 0 0 0 0 0 0 0
0 0 0 0 0 0 0 0 0 0

Example 5:

Input:
0 0 8 0 0 0 0 0 0 0
0 0 8 8 0 0 0 0 0 0
0 0 0 0 0 0 0 0 0 0
0 0 0 0 0 0 0 0 8 0
0 0 0 0 8 0 0 0 8 8
0 0 0 0 8 8 0 0 0 0
0 0 0 0 0 0 0 0 0 0
0 0 0 0 0 0 0 2 0 0
0 0 0 0 0 0 0 4 2 0
0 0 0 0 0 0 0 0 0 0
Output:
0 0 2 0 0 0 0 0 0 0
0 0 4 2 0 0 0 0 0 0
0 0 0 0 0 0 0 0 0 0
0 0 0 0 0 0 0 0 2 0
0 0 0 0 2 0 0 0 4 2
0 0 0 0 4 2 0 0 0 0
0 0 0 0 0 0 0 0 0 0
0 0 0 0 0 0 0 0 0 0
0 0 0 0 0 0 0 0 0 0
0 0 0 0 0 0 0 0 0 0

Example 6:

Input:
0 0 0 0 0 0 0 0 8 0
0 0 0 0 0 0 0 8 8 0
0 0 0 0 8 0 0 0 0 0
0 0 0 8 8 0 0 0 0 0
0 0 0 0 0 0 0 0 0 0
0 0 0 0 0 0 0 0 0 0
0 0 0 0 0 0 0 0 0 0
0 0 0 0 0 0 0 8 0 0
0 0 1 0 0 0 8 8 0 0
0 2 2 0 0 0 0 0 0 0
Output:
0 0 0 0 0 0 0 0 1 0
0 0 0 0 0 0 0 2 2 0
0 0 0 0 1 0 0 0 0 0
0 0 0 2 2 0 0 0 0 0
0 0 0 0 0 0 0 0 0 0
0 0 0 0 0 0 0 0 0 0
0 0 0 0 0 0 0 0 0 0
0 0 0 0 0 0 0 1 0 0
0 0 0 0 0 0 2 2 0 0
0 0 0 0 0 0 0 0 0 0

Example 7:

Input:
0 0 0 0 0 0 0 0 0 0
0 0 0 0 0 0 0 8 8 0
0 0 8 8 0 8 0 8 8 0
8 0 8 8 0 8 8 8 8 0
8 8 8 8 0 0 0 0 0 0
0 0 0 0 0 0 0 0 9 4
0 0 8 8 0 0 7 0 7 7
8 0 8 8 0 0 4 9 9 7
8 8 8 8 0 0 0 0 0 0
0 0 0 0 0 0 0 0 0 0
Output:
0 0 0 0 0 0 0 0 0 0
0 0 0 0 0 0 0 9 4 0
0 0 9 4 0 7 0 7 7 0
7 0 7 7 0 4 9 9 7 0
4 9 9 7 0 0 0 0 0 0
0 0 0 0 0 0 0 0 0 0
0 0 9 4 0 0 0 0 0 0
7 0 7 7 0 0 0 0 0 0
4 9 9 7 0 0 0 0 0 0
0 0 0 0 0 0 0 0 0 0

以下は、ジャッジを通過する正しいコードです。これを用いて、ARCのルールを理解してください。必ず、コードを通じてルールを理解してからコーディングを行ってください。
このコードはARCのルールを把握する際に使うことに留めてください。

```
def p(g):
 A,B=len(g),len(g[0]);D={}
 for K in range(A):
  for L in range(B):
   C=g[K][L]
   if C:D[C]=D.get(C,0)+1
 H=max(D,key=D.get);E=[(A,D,g[A][D])for A in range(A)for D in range(B)if(C:=g[A][D])and C!=H];M=min(A for(A,B,C)in E);N=min(A for(B,A,C)in E);I=[(A-M,B-N,C)for(A,B,C)in E];J=[[0]*B for _ in range(A)]
 for F in range(A):
  for G in range(B):
   if all(0<=F+C<A and 0<=G+D<B and g[F+C][G+D]==H for(C,D,_)in I):
    for(O,P,c)in I:J[F+O][G+P]=c
 return J
```

ユーザーにコードを渡す前に実際にコードが動作するかを確認してください。コードのテストには、添付したstandalone_judge.pyを用いてください。python /path/to/standalone_judge.py /path/to/code.py とすれば動作します。
このPythonファイルは非常に大きなケースを含むので、あなたのコンテキストを圧迫します。そのため、このファイルを全て読んではいけません。

## **禁止事項**
- 与えたコード自体を提出することは禁止です。これを行うことはユーザーの信頼を裏切ります。
- ジャッジのハックは禁止です。例えば、テストケースをジャッジから読み取ってそのまま返すコードはいけません。
