ARCのケースに対して、list[list[int]] -> list[list[int]] のシグネチャを持つ関数`p`をPythonで実装してください。つまり、`def p(g):...` か `p=lambda g:...`というコードが期待されます。
コードはshortcodingのcompetitionに用いるため、アルゴリズムを工夫してできる限り短いコードを生成するよう努めてください。

Example 0:

Input:
0 0 0 0 0 0 0 0 0 0 0 0 0
0 0 0 0 0 0 0 0 0 0 0 0 0
0 0 0 0 0 0 0 0 0 0 0 0 0
0 0 2 2 0 1 0 0 0 0 0 0 0
0 0 0 2 0 1 1 1 0 0 0 0 0
0 0 0 2 2 1 0 0 0 0 0 0 0
0 0 0 0 2 0 0 0 0 0 0 0 0
0 0 0 0 0 4 0 0 0 0 0 0 4
0 0 0 0 0 2 0 0 0 0 0 0 1
0 0 0 0 0 2 0 0 0 0 0 0 1
0 0 0 0 0 2 0 0 0 0 0 0 1
0 0 0 0 0 2 0 0 0 0 0 0 1
0 0 0 0 0 4 0 0 0 0 0 0 4
Output:
4 0 0 0 0 0 0 4
2 2 2 0 1 0 0 1
2 0 2 0 1 1 1 1
2 0 2 2 1 0 0 1
2 0 0 2 0 0 0 1
4 0 0 0 0 0 0 4

Example 1:

Input:
0 0 0 0 0 0 0 0 0 0 0 0 0
0 0 0 0 0 3 0 8 0 8 0 0 0
0 0 0 0 3 3 3 8 8 8 0 0 0
0 0 0 0 0 3 0 8 0 8 0 0 0
0 0 0 0 0 3 3 8 8 8 0 0 0
0 0 0 0 0 0 0 8 0 8 0 0 0
0 4 0 0 0 0 0 0 4 0 0 0 0
0 8 0 0 0 0 0 0 3 0 0 0 0
0 8 0 0 0 0 0 0 3 0 0 0 0
0 8 0 0 0 0 0 0 3 0 0 0 0
0 8 0 0 0 0 0 0 3 0 0 0 0
0 8 0 0 0 0 0 0 3 0 0 0 0
0 4 0 0 0 0 0 0 4 0 0 0 0
Output:
4 0 0 0 0 0 0 4
8 8 0 8 0 3 0 3
8 8 8 8 3 3 3 3
8 8 0 8 0 3 0 3
8 8 8 8 3 3 0 3
8 8 0 8 0 0 0 3
4 0 0 0 0 0 0 4

Example 2:

Input:
0 0 0 0 0 0 0 0 0 0 0 0 0
0 0 4 0 0 0 0 4 0 0 0 0 0
0 0 2 0 0 0 0 1 0 0 0 0 0
0 0 2 0 0 0 0 1 0 0 0 0 0
0 0 4 0 0 0 0 4 0 0 0 0 0
0 0 0 0 0 0 0 0 0 0 0 0 0
0 0 0 0 0 0 0 0 0 0 0 0 0
0 0 0 0 0 0 0 0 0 0 0 0 0
0 0 0 0 0 0 0 0 0 0 0 0 0
0 0 0 1 1 2 0 0 0 0 0 0 0
0 0 0 0 1 2 2 0 0 0 0 0 0
0 0 0 0 0 0 0 0 0 0 0 0 0
0 0 0 0 0 0 0 0 0 0 0 0 0
Output:
4 0 0 0 0 4
2 0 2 1 1 1
2 2 2 1 0 1
4 0 0 0 0 4

Example 3:

Input:
0 0 0 0 0 0 0 0 0 0 0 0 0
0 0 0 0 0 4 0 0 0 0 4 0 0
0 0 0 0 0 7 0 0 0 0 3 0 0
0 0 0 0 0 7 0 0 0 0 3 0 0
0 0 0 0 0 7 0 0 0 0 3 0 0
0 0 0 0 0 4 0 0 0 0 4 0 0
0 0 0 0 0 0 0 0 0 0 0 0 0
0 0 0 0 0 0 0 0 0 0 0 0 0
0 0 0 0 0 0 0 0 0 0 0 0 0
0 0 0 0 0 7 7 0 3 0 0 0 0
0 0 0 0 0 7 7 3 3 0 0 0 0
0 0 0 0 0 0 7 0 3 0 0 0 0
0 0 0 0 0 0 0 0 0 0 0 0 0
Output:
4 0 0 0 0 4
7 7 7 0 3 3
7 7 7 3 3 3
7 0 7 0 3 3
4 0 0 0 0 4

Example 4:

Input:
0 0 0 0 0 0 0 0 0 0 0 0 0
0 4 0 0 0 0 0 0 4 0 0 0 0
0 2 0 0 0 0 0 0 8 0 0 0 0
0 2 0 0 0 0 0 0 8 0 0 0 0
0 2 0 0 0 0 0 0 8 0 0 0 0
0 2 0 0 0 0 0 0 8 0 0 0 0
0 4 0 0 0 0 0 0 4 0 0 0 0
0 0 0 0 0 0 0 0 0 0 0 0 0
0 0 0 0 0 0 0 0 0 0 0 0 0
0 8 0 8 2 0 0 0 0 0 0 0 0
0 8 8 8 2 2 2 0 0 0 0 0 0
0 8 0 0 0 2 0 0 0 0 0 0 0
0 8 0 0 0 2 2 0 0 0 0 0 0
Output:
4 0 0 0 0 0 0 4
2 0 0 2 8 0 8 8
2 2 2 2 8 8 8 8
2 0 2 0 0 0 8 8
2 2 2 0 0 0 8 8
4 0 0 0 0 0 0 4

Example 5:

Input:
0 4 0 0 0 0 4 0 0 0 0 0 0
0 5 0 0 0 0 2 0 0 0 0 0 0
0 5 0 0 0 0 2 0 0 0 0 0 0
0 5 0 0 0 0 2 0 0 0 0 0 0
0 5 0 0 0 0 2 0 0 0 0 0 0
0 4 0 0 0 0 4 0 0 0 0 0 0
0 0 0 0 0 0 0 0 0 0 0 0 0
0 0 0 0 0 0 0 0 0 0 0 0 0
0 0 0 0 0 0 0 0 0 0 0 0 0
0 0 0 0 0 0 0 0 0 5 2 0 0
0 0 0 0 0 0 0 0 5 0 0 2 0
0 0 0 0 0 0 0 0 5 0 0 2 0
0 0 0 0 0 0 0 0 5 0 0 2 0
Output:
4 0 0 0 0 4
5 0 5 2 0 2
5 5 0 0 2 2
5 5 0 0 2 2
5 5 0 0 2 2
4 0 0 0 0 4

Example 6:

Input:
0 0 0 0 0 0 0 0 0 0 0 0 0
0 0 0 0 4 0 0 0 0 4 0 0 0
0 0 0 0 9 0 0 0 0 2 0 0 0
0 0 0 0 9 0 0 0 0 2 0 0 0
0 0 0 0 9 0 0 0 0 2 0 0 0
0 0 0 0 4 0 0 0 0 4 0 0 0
0 0 0 0 0 0 0 0 0 0 0 0 0
0 0 0 0 0 0 0 0 0 0 0 0 0
0 0 0 0 2 0 0 9 0 0 0 0 0
0 0 0 0 0 2 9 0 0 0 0 0 0
0 0 0 0 2 2 9 0 0 0 0 0 0
0 0 0 0 0 0 0 0 0 0 0 0 0
0 0 0 0 0 0 0 0 0 0 0 0 0
Output:
4 0 0 0 0 4
9 9 0 0 2 2
9 0 9 2 0 2
9 0 9 2 2 2
4 0 0 0 0 4

Example 7:

Input:
0 0 0 0 0 0 0 4 0 0 0 0 4
0 0 0 0 0 0 0 2 0 0 0 0 3
0 0 0 0 0 0 0 2 0 0 0 0 3
0 0 0 0 0 0 0 2 0 0 0 0 3
0 0 0 0 0 0 0 4 0 0 0 0 4
0 0 0 0 0 3 2 0 0 0 0 0 0
0 0 0 0 3 0 0 2 0 0 0 0 0
0 0 0 0 3 0 2 2 0 0 0 0 0
0 0 0 0 0 0 0 0 0 0 0 0 0
0 0 0 0 0 0 0 0 0 0 0 0 0
0 0 0 0 0 0 0 0 0 0 0 0 0
0 0 0 0 0 0 0 0 0 0 0 0 0
0 0 0 0 0 0 0 0 0 0 0 0 0
Output:
4 0 0 0 0 4
2 0 2 3 0 3
2 2 0 0 3 3
2 2 2 0 3 3
4 0 0 0 0 4

以下は、ジャッジを通過する正しいコードです。これを用いて、ARCのルールを理解してください。必ず、コードを通じてルールを理解してからコーディングを行ってください。
このコードはARCのルールを把握する際に使うことに留めてください。

```
def p(j):
 A=enumerate;c=next;F=lambda k,W:k<1or j[k-1][W]<1or k>2and j[k-1][W]==4and j[k-2][W]>0;(k,B),(l,D),(a,l),l=[divmod(i,13)for(i,v)in A(sum(j,[]))if v==4];E=c(u for r in zip(*j)if 4 not in r for u in r if u);e=c(i for(i,r)in A(j)if any(u==E and F(i,v)for(v,u)in A(r)));G=c(i for(i,r)in A(zip(*j))if any(u==E and F(v,i)for(v,u)in A(r)))
 for w in range(a-k-1):
  for C in range(D-B-1):j[k+w+1][[D-C-1,B+C+1][j[k+1][B]==E]],j[e+w][G+C]=j[e+w][G+C],0
 return[r[B:D+1]for r in j[k:a+1]]
```

ユーザーにコードを渡す前に実際にコードが動作するかを確認してください。コードのテストには、添付したstandalone_judge.pyを用いてください。python /path/to/standalone_judge.py /path/to/code.py とすれば動作します。
このPythonファイルは非常に大きなケースを含むので、あなたのコンテキストを圧迫します。そのため、このファイルを全て読んではいけません。

## **禁止事項**
- 与えたコード自体を提出することは禁止です。これを行うことはユーザーの信頼を裏切ります。
- ジャッジのハックは禁止です。例えば、テストケースをジャッジから読み取ってそのまま返すコードはいけません。
