17
A 9
12 97 120 166 182 201 214 246 267
B 5
6 168 184 248 269
C 4
0 45 58 298
D 2
32 83
b 3
34 323 380
c 6
78 230 331 363 388 420
d 4
135 288 292 312
g 13
26 47 60 138 170 186 221 250 271 300 318 358 415
i 6
140 161 188 223 235 273
j 4
149 177 226 256
k 3
146 196 241
key 1
54
l 3
155 209 262
s 6
342 348 368 399 405 425
v 6
325 328 337 382 385 394
x 3
115 153 260
y 3
92 144 239
0 1 1 1 1 1 1 1 1 1 1 0 1 0 0 1 1
1 0 1 1 1 1 1 1 1 1 1 0 1 0 0 1 1
1 1 0 1 1 1 1 1 0 0 0 0 0 0 0 1 1
1 1 1 0 1 1 1 1 0 0 0 0 0 0 0 1 1
1 1 1 1 0 1 1 1 0 0 0 0 0 1 1 1 1
1 1 1 1 1 0 1 1 1 1 1 0 1 1 1 1 1
1 1 1 1 1 1 0 1 0 0 0 0 0 0 0 1 1
1 1 1 1 1 1 1 0 1 1 1 0 1 1 0 1 1
1 1 0 0 0 1 0 1 0 1 1 0 1 0 0 1 1
1 1 0 0 0 1 0 1 1 0 1 0 1 0 0 1 1
1 1 0 0 0 1 0 1 1 1 0 0 1 0 0 1 1
0 0 0 0 0 0 0 0 0 0 0 0 0 0 0 0 0
1 1 0 0 0 1 0 1 1 1 1 0 0 0 0 1 1
0 0 0 0 1 1 0 1 0 0 0 0 0 0 1 0 0
0 0 0 0 1 1 0 0 0 0 0 0 0 1 0 0 0
1 1 1 1 1 1 1 1 1 1 1 0 1 0 0 0 1
1 1 1 1 1 1 1 1 1 1 1 0 1 0 0 1 0
