11
i 9
12 97 120 166 182 201 214 246 267
t 5
6 168 184 248 269
f 8
0 45 58 149 177 226 256 298
o 5
32 83 146 196 241
u 6
34 155 209 262 323 380
r 6
78 230 331 363 388 420
n 16
135 140 161 188 223 235 273 288 292 312 342 348 368 399 405 425
e 19
26 47 60 138 170 186 221 250 271 300 318 325 328 337 358 382 385 394 415
key 1
54
d 3
115 153 260
p 3
92 144 239
0 1 1 1 1 1 1 1 0 1 1
1 0 1 1 1 1 1 1 0 1 1
1 1 0 1 1 1 1 1 0 1 1
1 1 1 0 1 1 1 1 0 1 1
1 1 1 1 0 1 1 1 0 1 1
1 1 1 1 1 0 1 1 0 1 1
1 1 1 1 1 1 0 1 0 1 1
1 1 1 1 1 1 1 0 0 1 1
0 0 0 0 0 0 0 0 0 0 0
1 1 1 1 1 1 1 1 0 0 1
1 1 1 1 1 1 1 1 0 1 0
