ARCのケースに対して、list[list[int]] -> list[list[int]] のシグネチャを持つ関数`p`をPythonで実装してください。つまり、`def p(g):...` か `p=lambda g:...`というコードが期待されます。
コードはshortcodingのcompetitionに用いるため、アルゴリズムを工夫してできる限り短いコードを生成するよう努めてください。

Example 0:

Input:
2 0 0 0 2 0 0 0 2 0
0 2 0 2 0 2 0 2 0 2
0 0 2 0 0 0 2 0 0 0
Output:
2 0 0 0 2 4 4 4 2 0
4 2 0 2 0 2 4 2 0 2
4 4 2 0 0 0 2 0 0 0

Example 1:

Input:
2 0 0 0 2 0 0 0 2 0 0 0 2 0 0
0 2 0 2 0 2 0 2 0 2 0 2 0 2 0
0 0 2 0 0 0 2 0 0 0 2 0 0 0 2
Output:
2 0 0 0 2 4 4 4 2 0 0 0 2 0 0
4 2 0 2 0 2 4 2 0 2 0 2 4 2 0
4 4 2 0 0 0 2 0 0 0 2 4 4 4 2

Example 2:

Input:
2 0 0 0 2 0 0 0 2 0 0 0 2 0 0 0 2 0
0 2 0 2 0 2 0 2 0 2 0 2 0 2 0 2 0 2
0 0 2 0 0 0 2 0 0 0 2 0 0 0 2 0 0 0
Output:
2 0 0 0 2 4 4 4 2 0 0 0 2 0 0 0 2 4
4 2 0 2 0 2 4 2 0 2 0 2 4 2 0 2 0 2
4 4 2 0 0 0 2 0 0 0 2 4 4 4 2 0 0 0

Example 3:

Input:
2 0 0 0 2 0 0 0 2 0 0 0 2 0 0 0 2 0 0 0 2 0 0 0 2
0 2 0 2 0 2 0 2 0 2 0 2 0 2 0 2 0 2 0 2 0 2 0 2 0
0 0 2 0 0 0 2 0 0 0 2 0 0 0 2 0 0 0 2 0 0 0 2 0 0
Output:
2 0 0 0 2 4 4 4 2 0 0 0 2 0 0 0 2 4 4 4 2 0 0 0 2
4 2 0 2 0 2 4 2 0 2 0 2 4 2 0 2 0 2 4 2 0 2 0 2 4
4 4 2 0 0 0 2 0 0 0 2 4 4 4 2 0 0 0 2 0 0 0 2 4 4

Example 4:

Input:
2 0 0 0 2 0 0 0 2 0 0 0 2 0 0 0 2 0 0 0 2 0
0 2 0 2 0 2 0 2 0 2 0 2 0 2 0 2 0 2 0 2 0 2
0 0 2 0 0 0 2 0 0 0 2 0 0 0 2 0 0 0 2 0 0 0
Output:
2 0 0 0 2 4 4 4 2 0 0 0 2 0 0 0 2 4 4 4 2 0
4 2 0 2 0 2 4 2 0 2 0 2 4 2 0 2 0 2 4 2 0 2
4 4 2 0 0 0 2 0 0 0 2 4 4 4 2 0 0 0 2 0 0 0

Example 5:

Input:
2 0 0 0 2 0 0 0
0 2 0 2 0 2 0 2
0 0 2 0 0 0 2 0
Output:
2 0 0 0 2 4 4 4
4 2 0 2 0 2 4 2
4 4 2 0 0 0 2 0

Example 6:

Input:
2 0 0 0 2 0 0 0 2 0 0 0 2 0 0 0
0 2 0 2 0 2 0 2 0 2 0 2 0 2 0 2
0 0 2 0 0 0 2 0 0 0 2 0 0 0 2 0
Output:
2 0 0 0 2 4 4 4 2 0 0 0 2 0 0 0
4 2 0 2 0 2 4 2 0 2 0 2 4 2 0 2
4 4 2 0 0 0 2 0 0 0 2 4 4 4 2 0

Example 7:

Input:
2 0 0 0 2 0 0 0 2 0 0 0 2 0 0 0 2 0 0 0
0 2 0 2 0 2 0 2 0 2 0 2 0 2 0 2 0 2 0 2
0 0 2 0 0 0 2 0 0 0 2 0 0 0 2 0 0 0 2 0
Output:
2 0 0 0 2 4 4 4 2 0 0 0 2 0 0 0 2 4 4 4
4 2 0 2 0 2 4 2 0 2 0 2 4 2 0 2 0 2 4 2
4 4 2 0 0 0 2 0 0 0 2 4 4 4 2 0 0 0 2 0

以下は、ジャッジを通過する正しいコードです。これを用いて、ARCのルールを理解してください。必ず、コードを通じてルールを理解してからコーディングを行ってください。
このコードはARCのルールを把握する際に使うことに留めてください。

```
def p(g):
 a,b,c=g;t=6,4,0,0,0,1,3,1,0,0,0,4
 for i in range(len(a)):
  o=t[i%12]
  if o&1:a[i]=4
  if o&2:b[i]=4
  if o&4:c[i]=4
 return g
```

ユーザーにコードを渡す前に実際にコードが動作するかを確認してください。コードのテストには、添付したstandalone_judge.pyを用いてください。python /path/to/standalone_judge.py /path/to/code.py とすれば動作します。
このPythonファイルは非常に大きなケースを含むので、あなたのコンテキストを圧迫します。そのため、このファイルを全て読んではいけません。

## **禁止事項**
- 与えたコード自体を提出することは禁止です。これを行うことはユーザーの信頼を裏切ります。
- ジャッジのハックは禁止です。例えば、テストケースをジャッジから読み取ってそのまま返すコードはいけません。
