11
A 6
6 42 59 82 195 316
B 4
0 27 104 367
_ 1
37
g 8
20 29 89 158 294 375 392 410
i 5
54 91 177 239 268
j 8
71 77 94 141 174 237 266 296
k 5
190 212 311 342 349
l 6
130 229 244 258 275 365
n 5
25 61 84 271 358
s 6
143 210 242 273 340 347
u 11
68 106 115 122 197 204 232 261 318 323 369
0 1 1 1 1 1 1 1 1 1 1
1 0 1 1 1 1 1 1 1 1 1
1 1 0 1 1 1 1 1 1 1 1
1 1 1 0 1 1 1 1 1 1 1
1 1 1 1 0 1 1 1 1 1 1
1 1 1 1 1 0 1 1 1 1 1
1 1 1 1 1 1 0 1 1 1 1
1 1 1 1 1 1 1 0 1 1 1
1 1 1 1 1 1 1 1 0 1 1
1 1 1 1 1 1 1 1 1 0 1
1 1 1 1 1 1 1 1 1 1 0
