11
n 6
6 42 59 82 195 316
p 4
0 27 104 367
u 1
37
f 8
20 29 89 158 294 375 392 410
d 5
54 91 177 239 268
e 8
71 77 94 141 174 237 266 296
r 5
190 212 311 342 349
a 6
130 229 244 258 275 365
l 5
25 61 84 271 358
t 6
143 210 242 273 340 347
i 11
68 106 115 122 197 204 232 261 318 323 369
0 1 1 1 1 1 1 1 1 1 1
1 0 1 1 1 1 1 1 1 1 1
1 1 0 1 1 1 1 1 1 1 1
1 1 1 0 1 1 1 1 1 1 1
1 1 1 1 0 1 1 1 1 1 1
1 1 1 1 1 0 1 1 1 1 1
1 1 1 1 1 1 0 1 1 1 1
1 1 1 1 1 1 1 0 1 1 1
1 1 1 1 1 1 1 1 0 1 1
1 1 1 1 1 1 1 1 1 0 1
1 1 1 1 1 1 1 1 1 1 0
