10
_ 2
80 158
a 3
59 176 405
b 3
67 185 417
c 10
11 170 230 247 266 283 296 309 328 345
d 10
197 217 226 243 262 279 291 305 324 341
g 13
6 26 41 116 143 160 201 355 364 378 388 438 464
i 12
101 145 162 182 191 203 380 390 398 410 440 449
j 9
128 165 180 189 383 393 400 412 423
key 1
33
m 6
54 237 256 299 318 386
0 1 1 1 1 1 1 1 0 1
1 0 1 1 1 1 1 1 0 1
1 1 0 1 1 1 1 1 0 1
1 1 1 0 1 1 1 1 0 1
1 1 1 1 0 1 1 1 0 1
1 1 1 1 1 0 1 1 0 1
1 1 1 1 1 1 0 1 0 1
1 1 1 1 1 1 1 0 0 1
0 0 0 0 0 0 0 0 0 0
1 1 1 1 1 1 1 1 0 0
