14
f 2
219 327
g 2
222 289
p 3
59 352 465
r 3
67 361 477
n 5
11 149 154 383 388
u 2
165 329
o 20
6 26 41 99 125 139 171 197 210 225 251 267 293 312 340 418 444 479 489 506
q 16
84 141 206 212 227 269 295 314 342 356 365 403 458 470 481 491
s 16
110 144 176 215 263 272 298 317 345 358 367 429 460 472 484 494
e 11
75 173 182 203 230 236 260 291 374 378 396
key 1
33
t 6
54 310 321 376 381 487
d 3
168 283 336
c 2
323 393
0 1 1 1 1 1 1 1 1 1 0 1 1 1
1 0 1 1 1 1 1 1 1 1 0 1 1 1
1 1 0 1 1 1 1 1 1 1 0 1 1 1
1 1 1 0 1 1 1 1 1 1 0 1 1 1
1 1 1 1 0 1 1 1 1 1 0 1 1 1
1 1 1 1 1 0 1 1 1 1 0 1 1 1
1 1 1 1 1 1 0 1 1 1 0 1 1 1
1 1 1 1 1 1 1 0 1 1 0 1 1 1
1 1 1 1 1 1 1 1 0 1 0 1 1 1
1 1 1 1 1 1 1 1 1 0 0 1 1 1
0 0 0 0 0 0 0 0 0 0 0 0 0 0
1 1 1 1 1 1 1 1 1 1 0 0 1 1
1 1 1 1 1 1 1 1 1 1 0 1 0 1
1 1 1 1 1 1 1 1 1 1 0 1 1 0
