ARCのケースに対して、list[list[int]] -> list[list[int]] のシグネチャを持つ関数`p`をPythonで実装してください。つまり、`def p(g):...` か `p=lambda g:...`というコードが期待されます。
コードはshortcodingのcompetitionに用いるため、アルゴリズムを工夫してできる限り短いコードを生成するよう努めてください。

Example 0:

Input:
0 0 0 0 0 0 0 0 0 0
0 0 0 0 0 0 0 0 0 0
0 9 9 0 0 0 0 0 0 0
0 6 6 0 0 0 0 0 0 0
0 0 0 0 0 0 0 0 0 0
0 0 0 0 0 8 4 0 0 0
0 0 0 0 0 7 7 0 0 0
0 0 0 0 0 0 0 0 0 0
0 0 0 0 0 0 0 0 0 0
0 0 0 0 0 0 0 0 0 0
Output:
0 0 0 0 0 0 0 0 0 0
0 0 0 0 0 0 0 0 0 0
0 9 9 0 0 0 0 0 0 0
0 6 6 0 0 0 0 0 0 0
0 3 3 0 0 0 0 0 0 0
0 3 3 0 0 8 4 0 0 0
0 0 0 0 0 7 7 0 0 0
0 0 0 0 0 3 3 0 0 0
0 0 0 0 0 3 3 0 0 0
0 0 0 0 0 3 3 0 0 0

Example 1:

Input:
0 0 0 0 0 0 0 0 0 0
0 0 4 8 0 0 0 0 0 0
0 0 9 4 0 0 0 0 0 0
0 0 0 0 0 0 0 0 0 0
0 0 0 0 0 0 2 1 0 0
0 0 0 0 0 0 1 2 0 0
0 0 0 0 0 0 0 0 0 0
0 0 0 0 0 0 0 0 0 0
0 0 0 0 0 0 0 0 0 0
0 0 0 0 0 0 0 0 0 0
Output:
0 0 0 0 0 0 0 0 0 0
0 0 4 8 0 0 0 0 0 0
0 0 9 4 0 0 0 0 0 0
0 0 3 3 0 0 0 0 0 0
0 0 3 3 0 0 2 1 0 0
0 0 3 3 0 0 1 2 0 0
0 0 0 0 0 0 3 3 0 0
0 0 0 0 0 0 3 3 0 0
0 0 0 0 0 0 0 0 0 0
0 0 0 0 0 0 0 0 0 0

Example 2:

Input:
0 0 0 0 0 0 0 0 0 0
0 0 2 4 0 0 9 8 0 0
0 0 6 7 0 0 8 9 0 0
0 0 0 0 0 0 0 0 0 0
0 0 0 0 0 0 0 0 0 0
0 0 0 0 7 6 0 0 0 0
0 0 0 0 6 6 0 0 0 0
0 0 0 0 0 0 0 0 0 0
0 0 0 0 0 0 0 0 0 0
0 0 0 0 0 0 0 0 0 0
Output:
0 0 0 0 0 0 0 0 0 0
0 0 2 4 0 0 9 8 0 0
0 0 6 7 0 0 8 9 0 0
0 0 3 3 0 0 3 3 0 0
0 0 3 3 0 0 3 3 0 0
0 0 3 3 7 6 0 0 0 0
0 0 3 3 6 6 0 0 0 0
0 0 0 0 3 3 0 0 0 0
0 0 0 0 3 3 0 0 0 0
0 0 0 0 0 0 0 0 0 0

Example 3:

Input:
0 0 0 0 0 0 0 0 0 0
1 1 0 0 0 0 2 9 0 0
2 1 0 0 0 0 1 6 0 0
0 0 0 4 7 0 0 0 0 0
0 0 0 8 4 0 0 0 0 0
0 0 0 0 0 0 0 0 0 0
0 0 0 0 0 0 0 0 0 0
0 0 0 0 0 0 0 0 0 0
0 0 0 0 0 0 0 0 0 0
0 0 0 0 0 0 0 0 0 0
Output:
0 0 0 0 0 0 0 0 0 0
1 1 0 0 0 0 2 9 0 0
2 1 0 0 0 0 1 6 0 0
3 3 0 4 7 0 3 3 0 0
3 3 0 8 4 0 3 3 0 0
0 0 0 3 3 0 3 3 0 0
0 0 0 3 3 0 3 3 0 0
0 0 0 3 3 0 0 0 0 0
0 0 0 0 0 0 0 0 0 0
0 0 0 0 0 0 0 0 0 0

Example 4:

Input:
0 0 0 0 0 0 0 0 0 0
0 0 6 1 0 0 0 0 0 0
0 0 6 9 0 0 0 0 0 0
0 0 0 0 0 0 0 0 0 0
0 0 0 0 0 0 0 7 1 0
0 0 0 0 0 0 0 7 7 0
0 0 0 0 0 0 0 0 0 0
0 0 0 0 0 0 0 0 0 0
0 0 0 0 0 0 0 0 0 0
0 0 0 0 0 0 0 0 0 0
Output:
0 0 0 0 0 0 0 0 0 0
0 0 6 1 0 0 0 0 0 0
0 0 6 9 0 0 0 0 0 0
0 0 3 3 0 0 0 0 0 0
0 0 3 3 0 0 0 7 1 0
0 0 3 3 0 0 0 7 7 0
0 0 0 0 0 0 0 3 3 0
0 0 0 0 0 0 0 3 3 0
0 0 0 0 0 0 0 0 0 0
0 0 0 0 0 0 0 0 0 0

Example 5:

Input:
0 0 0 0 0 0 0 0 0 0
0 0 0 0 0 0 0 0 0 0
0 0 0 0 0 0 0 0 2 1
0 0 0 0 0 0 0 0 2 1
0 0 0 0 0 7 7 0 0 0
0 0 0 0 0 7 9 0 0 0
0 0 0 0 0 0 0 0 0 0
0 0 0 0 0 0 0 0 0 0
0 0 0 0 0 0 0 0 0 0
0 0 0 0 0 0 0 0 0 0
Output:
0 0 0 0 0 0 0 0 0 0
0 0 0 0 0 0 0 0 0 0
0 0 0 0 0 0 0 0 2 1
0 0 0 0 0 0 0 0 2 1
0 0 0 0 0 7 7 0 3 3
0 0 0 0 0 7 9 0 3 3
0 0 0 0 0 3 3 0 0 0
0 0 0 0 0 3 3 0 0 0
0 0 0 0 0 0 0 0 0 0
0 0 0 0 0 0 0 0 0 0

Example 6:

Input:
0 0 0 0 0 0 0 8 8 0
0 0 0 0 0 0 0 4 8 0
0 0 0 0 0 0 0 0 0 0
0 7 8 0 0 0 0 0 0 0
0 7 8 0 0 0 0 0 0 0
0 0 0 0 0 0 0 0 0 0
0 0 0 0 0 0 0 0 0 0
0 0 0 0 0 0 0 0 0 0
0 0 0 0 0 0 0 0 0 0
0 0 0 0 0 0 0 0 0 0
Output:
0 0 0 0 0 0 0 8 8 0
0 0 0 0 0 0 0 4 8 0
0 0 0 0 0 0 0 3 3 0
0 7 8 0 0 0 0 3 3 0
0 7 8 0 0 0 0 0 0 0
0 3 3 0 0 0 0 0 0 0
0 3 3 0 0 0 0 0 0 0
0 0 0 0 0 0 0 0 0 0
0 0 0 0 0 0 0 0 0 0
0 0 0 0 0 0 0 0 0 0

Example 7:

Input:
0 0 0 0 0 0 0 0 0 0
0 0 2 5 0 0 0 0 0 0
0 0 4 4 0 0 0 0 0 0
2 5 0 0 0 5 7 0 0 0
1 5 0 0 0 4 7 0 0 0
0 0 0 0 0 0 0 0 0 0
0 0 0 0 0 0 0 0 0 0
0 0 0 0 0 0 0 0 0 0
0 0 0 0 0 0 0 0 0 0
0 0 0 0 0 0 0 0 0 0
Output:
0 0 0 0 0 0 0 0 0 0
0 0 2 5 0 0 0 0 0 0
0 0 4 4 0 0 0 0 0 0
2 5 3 3 0 5 7 0 0 0
1 5 3 3 0 4 7 0 0 0
3 3 3 3 0 3 3 0 0 0
3 3 0 0 0 3 3 0 0 0
3 3 0 0 0 3 3 0 0 0
0 0 0 0 0 0 0 0 0 0
0 0 0 0 0 0 0 0 0 0

以下は、ジャッジを通過する正しいコードです。これを用いて、ARCのルールを理解してください。必ず、コードを通じてルールを理解してからコーディングを行ってください。
このコードはARCのルールを把握する際に使うことに留めてください。

```
def p(g):
 for i in range(90):
  if all(s:=[g[k%2+(j:=~i//9)][i%9+k//2]for k in range(4)]):
   for u in g[j+2:][:len({*s})]:u[i%9]=u[i%9+1]=3
 return g
```

ユーザーにコードを渡す前に実際にコードが動作するかを確認してください。コードのテストには、添付したstandalone_judge.pyを用いてください。python /path/to/standalone_judge.py /path/to/code.py とすれば動作します。
このPythonファイルは非常に大きなケースを含むので、あなたのコンテキストを圧迫します。そのため、このファイルを全て読んではいけません。

## **禁止事項**
- 与えたコード自体を提出することは禁止です。これを行うことはユーザーの信頼を裏切ります。
- ジャッジのハックは禁止です。例えば、テストケースをジャッジから読み取ってそのまま返すコードはいけません。
