14
a 5
136 197 204 290 293
c 4
145 299 311 327
d 3
11 195 202
g 7
6 68 95 119 166 233 255
i 2
53 108
j 2
80 110
k 3
31 140 296
o 3
147 387 433
s 2
154 161
t 6
151 270 364 396 422 460
u 7
189 218 272 366 424 462 474
v 7
191 240 275 369 427 465 476
x 4
106 124 200 472
y 4
104 121 193 470
0 1 1 1 1 1 1 1 0 1 1 1 1 1
1 0 1 1 1 1 1 1 0 1 1 1 1 1
1 1 0 1 1 1 1 1 0 1 1 1 1 1
1 1 1 0 1 1 1 1 1 1 1 1 1 1
1 1 1 1 0 1 1 1 0 1 1 1 1 1
1 1 1 1 1 0 1 1 0 1 1 1 1 1
1 1 1 1 1 1 0 1 0 1 1 1 1 1
1 1 1 1 1 1 1 0 0 1 1 1 1 1
0 0 0 1 0 0 0 0 0 0 0 0 0 0
1 1 1 1 1 1 1 1 0 0 1 1 1 1
1 1 1 1 1 1 1 1 0 1 0 1 1 1
1 1 1 1 1 1 1 1 0 1 1 0 1 1
1 1 1 1 1 1 1 1 0 1 1 1 0 1
1 1 1 1 1 1 1 1 0 1 1 1 1 0
