ARCのケースに対して、list[list[int]] -> list[list[int]] のシグネチャを持つ関数`p`をPythonで実装してください。つまり、`def p(g):...` か `p=lambda g:...`というコードが期待されます。
コードはshortcodingのcompetitionに用いるため、アルゴリズムを工夫してできる限り短いコードを生成するよう努めてください。

Example 0:

Input:
0 0 0 0 0 0 0 0 0 0
0 0 0 0 0 0 0 5 5 0
0 5 5 0 0 0 0 5 5 0
0 0 5 5 0 0 0 0 0 0
0 0 0 0 0 0 0 0 0 0
0 0 0 0 0 0 0 0 0 5
0 0 0 0 0 5 5 0 0 5
0 5 0 0 0 0 0 0 0 5
0 5 0 0 5 0 0 0 0 0
0 0 0 5 5 0 0 0 0 0
Output:
0 0 0 0 0 0 0 0 0 0
0 0 0 0 0 0 0 1 1 0
0 1 1 0 0 0 0 1 1 0
0 0 1 1 0 0 0 0 0 0
0 0 0 0 0 0 0 0 0 0
0 0 0 0 0 0 0 0 0 2
0 0 0 0 0 3 3 0 0 2
0 3 0 0 0 0 0 0 0 2
0 3 0 0 2 0 0 0 0 0
0 0 0 2 2 0 0 0 0 0

Example 1:

Input:
0 0 0 0 0 0 0 0 0 0
0 0 0 0 0 0 0 0 0 0
0 5 5 5 0 0 0 5 0 0
0 0 0 0 0 0 0 5 0 0
0 0 0 0 0 0 0 0 0 0
0 0 0 5 5 0 0 0 0 0
0 0 0 5 0 0 0 0 0 0
0 0 0 0 0 0 0 5 0 0
0 5 5 0 0 0 5 5 5 0
0 5 5 0 0 0 0 0 0 0
Output:
0 0 0 0 0 0 0 0 0 0
0 0 0 0 0 0 0 0 0 0
0 2 2 2 0 0 0 3 0 0
0 0 0 0 0 0 0 3 0 0
0 0 0 0 0 0 0 0 0 0
0 0 0 2 2 0 0 0 0 0
0 0 0 2 0 0 0 0 0 0
0 0 0 0 0 0 0 1 0 0
0 1 1 0 0 0 1 1 1 0
0 1 1 0 0 0 0 0 0 0

Example 2:

Input:
0 0 0 0 0 0 0 0 0 0
0 0 5 0 0 0 5 5 0 0
0 0 5 0 0 0 0 5 0 0
0 0 0 0 0 0 0 0 0 0
0 0 0 0 0 0 0 0 0 0
0 0 0 0 5 5 0 0 0 0
5 0 0 0 0 0 0 0 0 0
5 5 0 0 0 0 0 0 0 0
5 0 0 0 0 0 0 0 0 0
0 0 0 0 0 0 0 0 0 0
Output:
0 0 0 0 0 0 0 0 0 0
0 0 3 0 0 0 2 2 0 0
0 0 3 0 0 0 0 2 0 0
0 0 0 0 0 0 0 0 0 0
0 0 0 0 0 0 0 0 0 0
0 0 0 0 3 3 0 0 0 0
1 0 0 0 0 0 0 0 0 0
1 1 0 0 0 0 0 0 0 0
1 0 0 0 0 0 0 0 0 0
0 0 0 0 0 0 0 0 0 0

Example 3:

Input:
0 0 0 0 0 0 0 0 0 5
0 0 0 0 0 0 0 0 0 5
0 0 5 5 0 5 5 0 0 5
0 5 5 0 0 0 5 0 0 5
0 0 0 0 0 0 0 0 0 0
0 0 0 0 0 0 0 0 0 0
5 0 0 0 0 0 0 0 0 0
5 0 0 5 5 0 0 5 0 0
5 0 0 0 0 0 0 5 0 0
0 0 0 0 0 0 0 0 0 0
Output:
0 0 0 0 0 0 0 0 0 1
0 0 0 0 0 0 0 0 0 1
0 0 1 1 0 2 2 0 0 1
0 1 1 0 0 0 2 0 0 1
0 0 0 0 0 0 0 0 0 0
0 0 0 0 0 0 0 0 0 0
2 0 0 0 0 0 0 0 0 0
2 0 0 3 3 0 0 3 0 0
2 0 0 0 0 0 0 3 0 0
0 0 0 0 0 0 0 0 0 0

Example 4:

Input:
0 5 5 0 0 0 0 0 0 0
0 0 0 0 0 0 0 0 0 0
5 0 0 5 5 0 0 0 0 5
5 0 0 5 5 0 0 0 0 5
5 0 0 0 0 0 5 5 0 5
0 0 0 0 0 0 5 5 0 0
0 5 5 0 0 0 0 0 0 0
0 0 5 0 0 0 0 0 0 0
0 0 0 0 0 0 0 0 0 0
0 0 0 0 0 0 0 0 0 0
Output:
0 3 3 0 0 0 0 0 0 0
0 0 0 0 0 0 0 0 0 0
2 0 0 1 1 0 0 0 0 2
2 0 0 1 1 0 0 0 0 2
2 0 0 0 0 0 1 1 0 2
0 0 0 0 0 0 1 1 0 0
0 2 2 0 0 0 0 0 0 0
0 0 2 0 0 0 0 0 0 0
0 0 0 0 0 0 0 0 0 0
0 0 0 0 0 0 0 0 0 0

Example 5:

Input:
0 0 0 0 0 0 0 0 0 0
0 0 0 0 0 0 0 0 0 0
0 0 0 0 5 0 0 0 0 0
0 0 0 0 5 0 0 0 0 0
0 0 0 0 5 0 0 0 0 0
5 5 0 0 0 0 0 0 0 0
5 5 0 0 5 5 5 0 0 0
0 0 0 0 0 0 0 0 0 0
0 0 0 5 5 0 0 0 0 0
0 0 0 0 0 0 0 0 0 0
Output:
0 0 0 0 0 0 0 0 0 0
0 0 0 0 0 0 0 0 0 0
0 0 0 0 2 0 0 0 0 0
0 0 0 0 2 0 0 0 0 0
0 0 0 0 2 0 0 0 0 0
1 1 0 0 0 0 0 0 0 0
1 1 0 0 2 2 2 0 0 0
0 0 0 0 0 0 0 0 0 0
0 0 0 3 3 0 0 0 0 0
0 0 0 0 0 0 0 0 0 0

Example 6:

Input:
0 0 0 0 0 0 0 0 0 5
0 0 0 0 0 0 0 0 5 5
0 0 0 0 0 0 0 0 0 0
0 0 0 0 0 0 0 0 0 0
0 0 0 0 0 0 5 5 0 0
0 5 0 0 0 0 0 0 0 0
0 5 5 0 0 0 0 0 0 0
0 5 0 0 0 5 5 0 0 0
0 0 0 0 5 5 0 0 0 0
0 0 0 0 0 0 0 0 0 0
Output:
0 0 0 0 0 0 0 0 0 2
0 0 0 0 0 0 0 0 2 2
0 0 0 0 0 0 0 0 0 0
0 0 0 0 0 0 0 0 0 0
0 0 0 0 0 0 3 3 0 0
0 1 0 0 0 0 0 0 0 0
0 1 1 0 0 0 0 0 0 0
0 1 0 0 0 1 1 0 0 0
0 0 0 0 1 1 0 0 0 0
0 0 0 0 0 0 0 0 0 0

Example 7:

Input:
0 0 0 0 0 0 0 0 0 0
0 0 0 0 0 0 0 0 0 0
0 5 0 0 0 0 0 0 0 0
0 5 0 0 0 0 0 0 0 0
0 5 0 0 0 0 0 0 0 0
0 0 0 0 0 0 0 0 5 5
0 0 0 0 0 0 0 0 5 5
5 5 0 5 0 0 0 0 0 0
5 5 0 5 0 0 0 5 5 0
0 0 0 5 0 0 0 0 0 0
Output:
0 0 0 0 0 0 0 0 0 0
0 0 0 0 0 0 0 0 0 0
0 2 0 0 0 0 0 0 0 0
0 2 0 0 0 0 0 0 0 0
0 2 0 0 0 0 0 0 0 0
0 0 0 0 0 0 0 0 1 1
0 0 0 0 0 0 0 0 1 1
1 1 0 2 0 0 0 0 0 0
1 1 0 2 0 0 0 3 3 0
0 0 0 2 0 0 0 0 0 0

以下は、ジャッジを通過する正しいコードです。これを用いて、ARCのルールを理解してください。必ず、コードを通じてルールを理解してからコーディングを行ってください。
このコードはARCのルールを把握する際に使うことに留めてください。

```
def p(g):
 n=len(g)
 for i in range(n):
  for j in range(n):
   if g[i][j]==5:
    s=[(i,j)];g[i][j]=0
    for(x,y)in s:
     for d in 1,-1:
      if 0<=x+d<n and g[x+d][y]==5:s+=[(x+d,y)];g[x+d][y]=0
      if 0<=y+d<n and g[x][y+d]==5:s+=[(x,y+d)];g[x][y+d]=0
    l=5-len(s)
    for(x,y)in s:g[x][y]=l
 return g
```

ユーザーにコードを渡す前に実際にコードが動作するかを確認してください。コードのテストには、添付したstandalone_judge.pyを用いてください。python /path/to/standalone_judge.py /path/to/code.py とすれば動作します。
このPythonファイルは非常に大きなケースを含むので、あなたのコンテキストを圧迫します。そのため、このファイルを全て読んではいけません。

## **禁止事項**
- 与えたコード自体を提出することは禁止です。これを行うことはユーザーの信頼を裏切ります。
- ジャッジのハックは禁止です。例えば、テストケースをジャッジから読み取ってそのまま返すコードはいけません。
