ARCのケースに対して、list[list[int]] -> list[list[int]] のシグネチャを持つ関数`p`をPythonで実装してください。つまり、`def p(g):...` か `p=lambda g:...`というコードが期待されます。
コードはshortcodingのcompetitionに用いるため、アルゴリズムを工夫してできる限り短いコードを生成するよう努めてください。

Example 0:

Input:
8 8 0 8 0 8 0 8 8 8 8 8 0 8 8 8 0 8 0 0 8 0 8 0 0 0 8 8 0 8
0 0 0 8 8 8 8 0 0 8 0 8 0 0 8 8 0 0 8 0 0 0 0 0 8 8 8 8 0 8
8 0 0 0 8 8 0 0 8 0 8 8 0 8 8 0 8 0 8 0 8 8 8 8 0 0 8 0 0 0
0 8 8 0 0 0 0 8 8 0 0 0 0 8 8 0 8 8 0 0 0 8 8 0 8 0 0 0 0 0
8 8 8 0 8 0 0 8 0 0 0 0 0 0 0 0 0 8 8 8 8 0 0 8 0 8 8 0 0 8
0 8 0 0 0 8 8 8 0 0 0 0 0 0 0 0 0 0 8 8 8 8 0 8 0 8 0 0 0 8
0 8 8 8 8 0 0 8 0 0 0 0 0 0 0 0 0 8 8 8 0 0 0 0 0 8 0 8 8 8
0 8 8 8 8 0 0 8 0 0 0 0 0 0 0 0 0 0 0 8 0 8 0 8 8 8 0 0 8 8
8 0 8 8 0 8 8 8 0 0 0 0 0 0 0 0 0 8 0 0 0 8 0 0 8 0 0 8 0 8
8 8 8 0 8 8 0 8 0 0 0 0 0 0 0 0 0 0 0 0 0 0 0 0 0 0 0 0 0 0
8 0 8 8 0 0 8 8 0 0 0 0 0 0 0 0 0 0 0 0 0 0 0 0 0 0 0 0 0 0
0 8 8 0 0 0 0 0 0 0 0 0 0 0 0 0 0 0 0 0 0 0 0 0 0 0 0 0 0 0
0 8 0 0 8 0 0 8 0 0 0 0 0 0 0 0 0 0 0 0 0 0 0 0 0 0 0 0 0 0
8 8 8 8 8 0 0 0 0 0 0 0 0 0 0 0 0 0 0 0 0 8 0 8 8 0 8 8 0 8
8 0 8 8 0 0 8 8 0 0 0 0 0 0 0 0 0 8 8 0 8 0 0 0 8 0 0 0 8 8
8 0 8 0 0 8 8 0 0 0 0 0 0 0 0 0 0 0 0 8 0 8 8 0 0 0 8 0 8 8
0 0 8 8 8 8 0 0 0 0 0 0 0 0 0 0 0 8 8 0 0 0 8 8 0 8 8 0 0 8
8 0 8 0 0 8 8 8 0 0 0 0 0 0 0 0 0 8 8 8 8 0 8 8 0 0 0 8 8 0
8 0 8 8 0 8 0 8 0 0 0 0 0 0 0 0 0 0 8 8 8 0 8 0 8 0 8 0 0 0
0 0 0 0 0 0 0 0 0 0 0 0 0 0 0 0 0 0 8 0 0 0 0 8 8 8 0 8 8 8
0 0 0 0 0 0 0 0 0 0 0 0 0 0 0 0 0 0 0 0 0 0 8 0 0 0 8 0 8 0
0 0 0 0 0 0 0 0 0 0 0 0 0 0 0 0 0 8 0 0 0 0 8 0 8 8 0 0 8 0
0 0 0 0 0 0 0 0 0 0 0 0 0 0 0 0 0 0 8 0 0 0 0 8 0 8 0 8 8 8
8 8 0 0 8 8 0 8 0 0 0 0 0 0 0 0 0 8 8 8 0 8 0 0 0 0 8 8 8 8
0 8 8 8 8 0 0 8 0 0 0 0 0 0 0 0 0 8 0 8 0 8 0 8 8 0 0 0 8 8
0 8 8 0 8 8 8 0 0 0 0 0 0 0 0 0 0 0 0 0 0 0 0 8 0 8 0 8 0 8
8 0 8 8 8 0 8 8 0 0 0 0 0 0 0 0 0 0 8 8 8 0 8 0 8 8 0 0 0 8
8 0 8 0 8 0 8 0 0 0 0 0 0 0 0 0 0 8 0 8 8 0 8 8 0 8 0 0 8 0
0 8 8 0 0 0 0 0 0 0 0 0 0 0 0 0 0 0 8 0 0 8 8 0 8 8 8 0 0 0
8 8 8 0 8 0 0 8 0 0 0 0 0 0 0 0 0 8 8 0 8 0 8 8 0 8 0 8 8 0
Output:
8 8 0 8 0 8 0 8 8 8 8 8 0 8 8 8 0 8 0 0 8 0 8 0 0 0 8 8 0 8
0 0 0 8 8 8 8 0 0 8 0 8 0 0 8 8 0 0 8 0 0 0 0 0 8 8 8 8 0 8
8 0 0 0 8 8 0 0 8 0 8 8 0 8 8 0 8 0 8 0 8 8 8 8 0 0 8 0 0 0
0 8 8 0 0 0 0 8 8 0 0 0 0 8 8 0 8 8 0 0 0 8 8 0 8 0 0 0 0 0
8 8 8 0 8 0 0 8 0 0 0 0 0 0 0 0 0 8 8 8 8 0 0 8 0 8 8 0 0 8
0 8 0 0 0 8 8 8 0 3 3 3 3 3 3 3 0 0 8 8 8 8 0 8 0 8 0 0 0 8
0 8 8 8 8 0 0 8 0 3 3 3 3 3 3 3 0 8 8 8 0 0 0 0 0 8 0 8 8 8
0 8 8 8 8 0 0 8 0 3 3 3 3 3 3 3 0 0 0 8 0 8 0 8 8 8 0 0 8 8
8 0 8 8 0 8 8 8 0 3 3 3 3 3 3 3 0 8 0 0 0 8 0 0 8 0 0 8 0 8
8 8 8 0 8 8 0 8 0 3 3 3 3 3 3 3 0 0 0 0 0 0 0 0 0 0 0 0 0 0
8 0 8 8 0 0 8 8 0 3 3 3 3 3 3 3 3 3 3 3 3 3 3 3 3 3 3 3 3 3
0 8 8 0 0 0 0 0 0 3 3 3 3 3 3 3 3 3 3 3 3 3 3 3 3 3 3 3 3 3
0 8 0 0 8 0 0 8 0 3 3 3 3 3 3 3 0 0 0 0 0 0 0 0 0 0 0 0 0 0
8 8 8 8 8 0 0 0 0 3 3 3 3 3 3 3 0 0 0 0 0 8 0 8 8 0 8 8 0 8
8 0 8 8 0 0 8 8 0 3 3 3 3 3 3 3 0 8 8 0 8 0 0 0 8 0 0 0 8 8
8 0 8 0 0 8 8 0 0 3 3 3 3 3 3 3 0 0 0 8 0 8 8 0 0 0 8 0 8 8
0 0 8 8 8 8 0 0 0 3 3 3 3 3 3 3 0 8 8 0 0 0 8 8 0 8 8 0 0 8
8 0 8 0 0 8 8 8 0 3 3 3 3 3 3 3 0 8 8 8 8 0 8 8 0 0 0 8 8 0
8 0 8 8 0 8 0 8 0 3 3 3 3 3 3 3 0 0 8 8 8 0 8 0 8 0 8 0 0 0
0 0 0 0 0 0 0 0 0 3 3 3 3 3 3 3 0 0 8 0 0 0 0 8 8 8 0 8 8 8
3 3 3 3 3 3 3 3 3 3 3 3 3 3 3 3 0 0 0 0 0 0 8 0 0 0 8 0 8 0
3 3 3 3 3 3 3 3 3 3 3 3 3 3 3 3 0 8 0 0 0 0 8 0 8 8 0 0 8 0
0 0 0 0 0 0 0 0 0 3 3 3 3 3 3 3 0 0 8 0 0 0 0 8 0 8 0 8 8 8
8 8 0 0 8 8 0 8 0 3 3 3 3 3 3 3 0 8 8 8 0 8 0 0 0 0 8 8 8 8
0 8 8 8 8 0 0 8 0 3 3 3 3 3 3 3 0 8 0 8 0 8 0 8 8 0 0 0 8 8
0 8 8 0 8 8 8 0 0 3 3 3 3 3 3 3 0 0 0 0 0 0 0 8 0 8 0 8 0 8
8 0 8 8 8 0 8 8 0 3 3 3 3 3 3 3 0 0 8 8 8 0 8 0 8 8 0 0 0 8
8 0 8 0 8 0 8 0 0 3 3 3 3 3 3 3 0 8 0 8 8 0 8 8 0 8 0 0 8 0
0 8 8 0 0 0 0 0 0 3 3 3 3 3 3 3 0 0 8 0 0 8 8 0 8 8 8 0 0 0
8 8 8 0 8 0 0 8 0 3 3 3 3 3 3 3 0 8 8 0 8 0 8 8 0 8 0 8 8 0

Example 1:

Input:
1 1 1 0 0 0 0 0 0 0 0 0 0 0 1 0 1 0 0 0 1 1 1 1 0 1 1 1 1 0
0 0 1 0 1 0 0 0 0 0 0 0 0 0 1 1 1 1 0 1 0 1 1 0 0 1 1 1 0 0
0 0 1 1 0 0 0 0 0 0 0 0 0 0 1 1 1 0 0 1 0 1 0 1 0 0 1 0 1 0
0 0 1 1 1 0 0 0 0 0 0 0 0 0 1 1 0 0 1 1 0 1 1 1 0 1 0 1 0 1
0 1 0 0 0 0 0 0 0 0 0 0 0 0 0 1 0 1 1 1 1 0 1 1 0 0 1 0 0 1
0 0 1 1 1 0 0 0 0 0 0 0 0 0 0 0 1 0 0 0 1 1 0 1 1 0 0 1 0 1
0 1 0 1 0 0 0 0 0 0 0 0 0 0 0 0 0 0 0 0 0 0 0 0 0 0 0 0 0 0
1 1 1 0 1 0 0 0 0 0 0 0 0 0 0 0 0 0 0 0 0 0 0 0 0 0 0 0 0 0
0 0 1 0 1 0 0 0 0 0 0 0 0 0 0 0 0 0 0 0 0 0 0 0 0 0 0 0 0 0
1 0 1 1 1 0 0 0 0 0 0 0 0 0 0 1 0 1 1 1 0 1 0 0 0 0 0 1 1 1
0 1 1 1 1 0 0 0 0 0 0 0 0 0 0 0 1 1 1 0 0 1 0 0 0 1 1 0 0 0
0 1 1 0 0 0 0 0 0 0 0 0 0 0 0 1 0 1 0 1 0 1 0 1 0 1 0 0 0 1
1 1 1 0 1 0 0 0 0 0 0 0 0 0 1 0 1 0 0 0 1 0 0 0 1 1 0 0 1 1
1 0 0 0 0 0 0 0 0 0 0 0 0 0 1 0 1 1 0 1 1 1 1 0 0 0 0 1 0 1
0 1 1 0 1 0 0 0 0 0 0 0 0 0 1 1 0 0 1 0 1 1 1 1 0 0 1 1 1 1
1 1 0 0 1 0 0 0 0 0 0 0 0 0 1 0 1 1 1 0 0 0 1 0 1 1 0 1 0 1
0 1 1 0 0 0 0 0 0 0 0 0 0 0 0 0 0 0 0 0 0 0 0 0 0 0 0 0 0 0
1 0 0 1 1 0 0 0 0 0 0 0 0 0 0 0 0 0 0 0 0 0 0 0 0 0 0 0 0 0
1 0 1 0 0 0 0 0 0 0 0 0 0 0 0 0 0 0 0 0 0 0 0 0 0 0 0 0 0 0
1 1 0 1 1 0 0 0 0 0 0 0 0 0 0 0 0 0 0 0 0 0 0 0 0 0 0 0 0 0
1 0 1 1 1 0 0 0 0 0 0 0 0 0 0 1 0 1 0 0 0 1 0 0 1 0 0 1 0 1
0 0 1 0 0 0 0 0 0 0 0 0 0 0 1 1 0 0 0 0 0 1 0 1 0 0 1 1 0 0
1 0 0 0 0 0 0 0 0 0 0 0 0 0 0 0 0 0 1 1 1 0 1 0 0 0 1 1 1 1
0 1 0 1 0 0 0 0 0 0 0 0 0 0 0 0 1 1 0 0 1 1 0 0 0 1 0 0 0 0
1 1 1 0 1 0 0 0 0 0 0 0 0 0 0 0 1 1 0 0 0 1 1 0 0 1 1 1 1 0
0 0 1 0 1 0 0 0 0 0 0 0 0 0 1 0 1 1 1 1 1 1 0 1 0 0 1 1 0 0
0 0 1 0 0 0 0 0 0 0 0 0 0 0 1 1 0 0 0 0 1 0 0 1 0 0 1 1 1 0
0 0 1 1 1 0 0 0 0 0 0 0 0 0 0 0 0 1 1 1 1 0 0 1 0 0 0 1 1 1
1 0 1 0 1 0 0 0 0 0 0 0 0 0 1 0 0 0 0 0 0 1 1 0 0 1 1 0 0 1
1 0 1 1 0 0 0 0 0 0 0 0 0 0 0 0 1 1 1 0 0 1 0 1 1 0 1 1 1 0
Output:
1 1 1 0 0 0 3 3 3 3 3 3 3 0 1 0 1 0 0 0 1 1 1 1 0 1 1 1 1 0
0 0 1 0 1 0 3 3 3 3 3 3 3 0 1 1 1 1 0 1 0 1 1 0 0 1 1 1 0 0
0 0 1 1 0 0 3 3 3 3 3 3 3 0 1 1 1 0 0 1 0 1 0 1 0 0 1 0 1 0
0 0 1 1 1 0 3 3 3 3 3 3 3 0 1 1 0 0 1 1 0 1 1 1 0 1 0 1 0 1
0 1 0 0 0 0 3 3 3 3 3 3 3 0 0 1 0 1 1 1 1 0 1 1 0 0 1 0 0 1
0 0 1 1 1 0 3 3 3 3 3 3 3 0 0 0 1 0 0 0 1 1 0 1 1 0 0 1 0 1
0 1 0 1 0 0 3 3 3 3 3 3 3 0 0 0 0 0 0 0 0 0 0 0 0 0 0 0 0 0
1 1 1 0 1 0 3 3 3 3 3 3 3 3 3 3 3 3 3 3 3 3 3 3 3 3 3 3 3 3
0 0 1 0 1 0 3 3 3 3 3 3 3 0 0 0 0 0 0 0 0 0 0 0 0 0 0 0 0 0
1 0 1 1 1 0 3 3 3 3 3 3 3 0 0 1 0 1 1 1 0 1 0 0 0 0 0 1 1 1
0 1 1 1 1 0 3 3 3 3 3 3 3 0 0 0 1 1 1 0 0 1 0 0 0 1 1 0 0 0
0 1 1 0 0 0 3 3 3 3 3 3 3 0 0 1 0 1 0 1 0 1 0 1 0 1 0 0 0 1
1 1 1 0 1 0 3 3 3 3 3 3 3 0 1 0 1 0 0 0 1 0 0 0 1 1 0 0 1 1
1 0 0 0 0 0 3 3 3 3 3 3 3 0 1 0 1 1 0 1 1 1 1 0 0 0 0 1 0 1
0 1 1 0 1 0 3 3 3 3 3 3 3 0 1 1 0 0 1 0 1 1 1 1 0 0 1 1 1 1
1 1 0 0 1 0 3 3 3 3 3 3 3 0 1 0 1 1 1 0 0 0 1 0 1 1 0 1 0 1
0 1 1 0 0 0 3 3 3 3 3 3 3 0 0 0 0 0 0 0 0 0 0 0 0 0 0 0 0 0
1 0 0 1 1 0 3 3 3 3 3 3 3 3 3 3 3 3 3 3 3 3 3 3 3 3 3 3 3 3
1 0 1 0 0 0 3 3 3 3 3 3 3 3 3 3 3 3 3 3 3 3 3 3 3 3 3 3 3 3
1 1 0 1 1 0 3 3 3 3 3 3 3 0 0 0 0 0 0 0 0 0 0 0 0 0 0 0 0 0
1 0 1 1 1 0 3 3 3 3 3 3 3 0 0 1 0 1 0 0 0 1 0 0 1 0 0 1 0 1
0 0 1 0 0 0 3 3 3 3 3 3 3 0 1 1 0 0 0 0 0 1 0 1 0 0 1 1 0 0
1 0 0 0 0 0 3 3 3 3 3 3 3 0 0 0 0 0 1 1 1 0 1 0 0 0 1 1 1 1
0 1 0 1 0 0 3 3 3 3 3 3 3 0 0 0 1 1 0 0 1 1 0 0 0 1 0 0 0 0
1 1 1 0 1 0 3 3 3 3 3 3 3 0 0 0 1 1 0 0 0 1 1 0 0 1 1 1 1 0
0 0 1 0 1 0 3 3 3 3 3 3 3 0 1 0 1 1 1 1 1 1 0 1 0 0 1 1 0 0
0 0 1 0 0 0 3 3 3 3 3 3 3 0 1 1 0 0 0 0 1 0 0 1 0 0 1 1 1 0
0 0 1 1 1 0 3 3 3 3 3 3 3 0 0 0 0 1 1 1 1 0 0 1 0 0 0 1 1 1
1 0 1 0 1 0 3 3 3 3 3 3 3 0 1 0 0 0 0 0 0 1 1 0 0 1 1 0 0 1
1 0 1 1 0 0 3 3 3 3 3 3 3 0 0 0 1 1 1 0 0 1 0 1 1 0 1 1 1 0

Example 2:

Input:
0 2 0 2 2 2 2 0 0 0 0 0 0 0 0 0 0 2 0 0 0 0 0 0 0 2 2 0 0 0
0 0 2 0 0 0 0 0 0 0 0 0 0 0 0 0 0 0 0 0 0 2 2 2 0 0 0 2 2 0
0 2 0 0 0 2 2 0 0 0 0 0 0 0 0 0 0 2 0 2 0 0 0 0 2 0 2 0 2 0
0 0 0 0 2 0 2 0 0 0 0 0 0 0 0 0 0 2 2 0 0 2 2 0 2 2 0 0 0 0
0 2 0 0 2 2 0 0 0 0 0 0 0 0 0 0 0 0 2 0 0 0 0 2 2 0 0 2 0 0
2 0 0 0 0 0 0 0 0 0 0 0 0 0 0 0 0 2 2 2 0 0 2 0 2 0 0 0 0 2
0 0 0 2 0 2 0 0 0 0 0 0 0 0 0 0 0 2 2 0 2 0 0 2 2 2 0 0 0 0
2 2 2 2 0 0 2 0 0 0 0 0 0 0 0 0 0 0 2 0 0 0 2 0 0 0 2 0 2 0
0 0 0 0 0 0 0 0 0 0 0 0 0 0 0 0 0 0 0 2 0 0 2 0 0 0 2 2 0 2
0 0 0 0 0 0 0 0 0 0 0 0 0 0 0 0 0 2 0 0 0 0 0 0 0 0 2 2 0 0
0 0 0 0 0 0 0 0 0 0 0 0 0 0 0 0 0 0 0 2 2 0 2 2 2 0 0 0 0 2
0 0 0 0 0 0 0 0 0 0 0 0 0 0 0 0 0 0 0 2 2 2 2 0 2 0 0 0 0 0
0 0 0 0 0 0 0 0 0 0 0 0 0 0 0 0 0 0 0 0 2 0 0 0 0 0 0 0 2 2
0 0 0 0 0 0 0 0 0 0 0 0 0 0 0 0 0 2 0 0 0 0 0 2 2 0 2 0 0 2
0 0 0 0 0 0 0 0 0 0 0 0 0 0 0 0 0 2 0 0 0 0 2 0 0 2 0 0 2 0
0 0 0 0 0 0 0 0 0 0 0 0 0 0 0 0 0 0 0 0 0 2 0 0 2 0 2 0 2 0
0 0 0 0 0 0 0 0 0 0 0 0 0 0 0 0 0 0 2 0 2 2 0 0 2 2 0 0 0 2
0 0 0 0 0 0 0 0 0 0 0 0 0 0 0 0 0 0 2 2 2 2 0 2 2 2 0 2 0 2
0 0 0 0 0 0 0 0 0 0 0 0 0 0 0 0 0 0 0 0 0 0 2 0 2 0 2 0 0 0
0 0 0 0 0 0 0 0 0 0 0 0 0 0 0 0 0 0 0 0 0 2 0 0 0 2 0 2 0 0
0 0 0 2 2 2 2 0 0 0 0 0 0 0 0 0 0 0 0 2 2 0 0 2 0 2 0 0 0 0
0 0 2 0 0 2 0 0 0 0 0 0 0 0 0 0 0 0 0 0 0 2 2 0 0 0 2 2 0 2
0 0 2 2 0 2 0 0 0 0 0 0 0 0 0 0 0 0 0 2 0 0 0 0 0 0 2 2 2 0
0 2 0 0 0 2 0 0 0 0 0 0 0 0 0 0 0 0 2 0 0 2 0 0 0 0 0 2 0 2
2 0 2 0 0 0 0 0 0 0 0 0 0 0 0 0 0 2 0 2 0 0 0 0 0 0 0 0 0 2
2 2 0 0 2 0 0 0 0 0 0 0 0 0 0 0 0 0 2 2 0 0 2 0 0 2 2 0 0 0
2 0 0 0 2 2 2 0 0 0 0 0 0 0 0 0 0 2 0 0 2 0 2 0 0 0 2 2 2 2
0 2 0 2 0 0 2 0 0 0 0 0 0 0 0 0 0 2 0 0 2 0 2 0 0 0 2 0 2 2
2 0 2 2 0 0 0 0 0 0 0 0 0 0 0 0 0 2 0 0 0 2 2 0 0 0 2 0 2 0
2 0 0 2 2 0 0 0 0 0 0 0 0 0 0 0 0 2 2 2 0 2 2 2 2 2 2 0 2 2
Output:
0 2 0 2 2 2 2 0 3 3 3 3 3 3 3 3 0 2 0 0 0 0 0 0 0 2 2 0 0 0
0 0 2 0 0 0 0 0 3 3 3 3 3 3 3 3 0 0 0 0 0 2 2 2 0 0 0 2 2 0
0 2 0 0 0 2 2 0 3 3 3 3 3 3 3 3 0 2 0 2 0 0 0 0 2 0 2 0 2 0
0 0 0 0 2 0 2 0 3 3 3 3 3 3 3 3 0 2 2 0 0 2 2 0 2 2 0 0 0 0
0 2 0 0 2 2 0 0 3 3 3 3 3 3 3 3 0 0 2 0 0 0 0 2 2 0 0 2 0 0
2 0 0 0 0 0 0 0 3 3 3 3 3 3 3 3 0 2 2 2 0 0 2 0 2 0 0 0 0 2
0 0 0 2 0 2 0 0 3 3 3 3 3 3 3 3 0 2 2 0 2 0 0 2 2 2 0 0 0 0
2 2 2 2 0 0 2 0 3 3 3 3 3 3 3 3 0 0 2 0 0 0 2 0 0 0 2 0 2 0
0 0 0 0 0 0 0 0 3 3 3 3 3 3 3 3 0 0 0 2 0 0 2 0 0 0 2 2 0 2
3 3 3 3 3 3 3 3 3 3 3 3 3 3 3 3 0 2 0 0 0 0 0 0 0 0 2 2 0 0
3 3 3 3 3 3 3 3 3 3 3 3 3 3 3 3 0 0 0 2 2 0 2 2 2 0 0 0 0 2
3 3 3 3 3 3 3 3 3 3 3 3 3 3 3 3 0 0 0 2 2 2 2 0 2 0 0 0 0 0
3 3 3 3 3 3 3 3 3 3 3 3 3 3 3 3 0 0 0 0 2 0 0 0 0 0 0 0 2 2
3 3 3 3 3 3 3 3 3 3 3 3 3 3 3 3 0 2 0 0 0 0 0 2 2 0 2 0 0 2
3 3 3 3 3 3 3 3 3 3 3 3 3 3 3 3 0 2 0 0 0 0 2 0 0 2 0 0 2 0
3 3 3 3 3 3 3 3 3 3 3 3 3 3 3 3 0 0 0 0 0 2 0 0 2 0 2 0 2 0
3 3 3 3 3 3 3 3 3 3 3 3 3 3 3 3 0 0 2 0 2 2 0 0 2 2 0 0 0 2
3 3 3 3 3 3 3 3 3 3 3 3 3 3 3 3 0 0 2 2 2 2 0 2 2 2 0 2 0 2
3 3 3 3 3 3 3 3 3 3 3 3 3 3 3 3 0 0 0 0 0 0 2 0 2 0 2 0 0 0
0 0 0 0 0 0 0 0 3 3 3 3 3 3 3 3 0 0 0 0 0 2 0 0 0 2 0 2 0 0
0 0 0 2 2 2 2 0 3 3 3 3 3 3 3 3 0 0 0 2 2 0 0 2 0 2 0 0 0 0
0 0 2 0 0 2 0 0 3 3 3 3 3 3 3 3 0 0 0 0 0 2 2 0 0 0 2 2 0 2
0 0 2 2 0 2 0 0 3 3 3 3 3 3 3 3 0 0 0 2 0 0 0 0 0 0 2 2 2 0
0 2 0 0 0 2 0 0 3 3 3 3 3 3 3 3 0 0 2 0 0 2 0 0 0 0 0 2 0 2
2 0 2 0 0 0 0 0 3 3 3 3 3 3 3 3 0 2 0 2 0 0 0 0 0 0 0 0 0 2
2 2 0 0 2 0 0 0 3 3 3 3 3 3 3 3 0 0 2 2 0 0 2 0 0 2 2 0 0 0
2 0 0 0 2 2 2 0 3 3 3 3 3 3 3 3 0 2 0 0 2 0 2 0 0 0 2 2 2 2
0 2 0 2 0 0 2 0 3 3 3 3 3 3 3 3 0 2 0 0 2 0 2 0 0 0 2 0 2 2
2 0 2 2 0 0 0 0 3 3 3 3 3 3 3 3 0 2 0 0 0 2 2 0 0 0 2 0 2 0
2 0 0 2 2 0 0 0 3 3 3 3 3 3 3 3 0 2 2 2 0 2 2 2 2 2 2 0 2 2

Example 3:

Input:
0 4 4 0 4 0 4 4 0 0 0 0 0 0 4 4 4 4 4 0 0 0 4 0 4 4 4 0 0 0
4 4 4 0 0 4 4 0 0 0 0 0 0 0 0 4 4 0 4 0 0 0 0 0 0 4 4 0 4 4
0 0 0 4 0 0 0 0 4 4 0 0 0 0 0 4 0 4 4 0 0 0 4 4 0 0 4 0 0 4
4 0 0 0 4 4 4 0 4 0 0 0 0 0 4 0 0 0 4 0 0 0 0 0 0 0 4 0 0 4
4 0 4 4 4 0 4 0 0 4 0 0 0 0 0 0 0 4 0 0 0 0 0 4 0 4 4 0 4 0
0 0 4 0 4 0 0 0 4 4 0 0 0 0 4 0 0 4 0 0 0 0 0 4 0 0 0 0 0 0
4 0 4 4 0 0 4 0 0 4 0 0 0 0 4 0 4 4 0 0 0 0 4 0 0 4 4 0 4 4
0 4 0 4 4 4 0 4 0 0 0 0 0 0 0 0 0 4 0 0 0 0 0 0 0 0 0 4 0 0
0 0 4 0 0 0 4 4 4 0 0 0 0 0 4 4 0 0 4 0 0 0 0 0 0 0 4 0 4 0
0 0 0 0 0 0 0 0 0 0 0 0 0 0 0 0 0 0 0 0 0 0 0 0 0 0 0 0 0 0
0 0 0 0 0 0 0 0 0 0 0 0 0 0 0 0 0 0 0 0 0 0 0 0 0 0 0 0 0 0
0 0 0 0 0 0 0 0 0 0 0 0 0 0 0 0 0 0 0 0 0 0 0 0 0 0 0 0 0 0
0 0 0 0 0 0 0 0 0 0 0 0 0 0 0 0 0 0 0 0 0 0 0 0 0 0 0 0 0 0
0 0 0 0 0 0 0 0 0 0 0 0 0 0 0 0 0 0 0 0 0 0 0 0 0 0 0 0 0 0
0 0 0 0 0 0 0 0 0 0 0 0 0 0 0 0 0 0 0 0 0 0 0 0 0 0 0 0 0 0
0 0 0 0 0 0 0 0 0 0 0 0 0 0 0 0 0 0 0 0 0 0 0 0 0 0 0 0 0 0
0 4 0 0 0 0 0 4 0 4 0 0 0 0 0 4 0 0 4 0 0 0 4 0 4 4 0 0 4 4
4 4 0 4 4 0 0 4 0 0 0 0 0 0 0 4 0 4 0 0 4 0 0 4 4 4 0 4 0 0
0 0 4 0 4 4 4 0 4 0 0 0 0 0 0 0 0 4 0 0 0 0 4 4 4 4 4 4 4 4
0 4 4 0 4 0 0 0 0 0 0 0 0 0 4 4 4 0 4 0 4 0 0 0 4 0 0 0 4 0
0 0 0 0 4 0 0 0 0 4 0 0 0 0 4 0 0 0 0 0 0 0 0 0 4 0 0 4 0 0
4 0 4 0 0 0 4 0 0 0 0 0 0 0 0 0 4 4 0 0 0 0 0 0 4 0 4 4 0 4
4 0 4 4 0 0 4 4 0 0 0 0 0 0 0 0 4 4 4 0 0 4 0 4 0 4 0 0 4 4
0 4 4 4 4 0 4 0 0 0 0 0 0 0 4 0 4 4 0 4 0 0 0 4 0 0 4 4 4 4
4 4 0 0 0 0 4 4 0 4 0 0 0 0 4 4 0 4 0 0 4 0 4 0 4 0 4 4 4 0
4 0 4 0 0 0 4 0 0 4 0 0 0 0 4 0 4 4 0 0 0 0 4 0 4 4 0 4 0 4
0 4 0 4 0 0 0 0 0 4 0 0 0 0 4 0 4 0 4 4 4 0 0 4 4 0 0 0 4 0
0 0 4 0 4 0 4 4 0 0 0 0 0 0 0 0 4 0 4 0 0 0 0 0 0 4 0 0 4 4
4 0 0 0 0 0 4 4 4 0 0 0 0 0 0 0 0 0 0 0 4 0 4 0 4 4 4 0 4 4
0 0 0 4 4 4 4 4 4 0 0 0 0 0 0 4 0 0 4 0 0 0 0 4 0 4 4 0 0 0
Output:
0 4 4 0 4 0 4 4 0 0 0 3 3 0 4 4 4 4 4 0 3 0 4 0 4 4 4 0 0 0
4 4 4 0 0 4 4 0 0 0 0 3 3 0 0 4 4 0 4 0 3 0 0 0 0 4 4 0 4 4
0 0 0 4 0 0 0 0 4 4 0 3 3 0 0 4 0 4 4 0 3 0 4 4 0 0 4 0 0 4
4 0 0 0 4 4 4 0 4 0 0 3 3 0 4 0 0 0 4 0 3 0 0 0 0 0 4 0 0 4
4 0 4 4 4 0 4 0 0 4 0 3 3 0 0 0 0 4 0 0 3 0 0 4 0 4 4 0 4 0
0 0 4 0 4 0 0 0 4 4 0 3 3 0 4 0 0 4 0 0 3 0 0 4 0 0 0 0 0 0
4 0 4 4 0 0 4 0 0 4 0 3 3 0 4 0 4 4 0 0 3 0 4 0 0 4 4 0 4 4
0 4 0 4 4 4 0 4 0 0 0 3 3 0 0 0 0 4 0 0 3 0 0 0 0 0 0 4 0 0
0 0 4 0 0 0 4 4 4 0 0 3 3 0 4 4 0 0 4 0 3 0 0 0 0 0 4 0 4 0
0 0 0 0 0 0 0 0 0 0 0 3 3 0 0 0 0 0 0 0 3 0 0 0 0 0 0 0 0 0
3 3 3 3 3 3 3 3 3 3 3 3 3 3 3 3 3 3 3 3 3 3 3 3 3 3 3 3 3 3
3 3 3 3 3 3 3 3 3 3 3 3 3 3 3 3 3 3 3 3 3 3 3 3 3 3 3 3 3 3
3 3 3 3 3 3 3 3 3 3 3 3 3 3 3 3 3 3 3 3 3 3 3 3 3 3 3 3 3 3
3 3 3 3 3 3 3 3 3 3 3 3 3 3 3 3 3 3 3 3 3 3 3 3 3 3 3 3 3 3
3 3 3 3 3 3 3 3 3 3 3 3 3 3 3 3 3 3 3 3 3 3 3 3 3 3 3 3 3 3
0 0 0 0 0 0 0 0 0 0 0 3 3 0 0 0 0 0 0 0 0 0 0 0 0 0 0 0 0 0
0 4 0 0 0 0 0 4 0 4 0 3 3 0 0 4 0 0 4 0 0 0 4 0 4 4 0 0 4 4
4 4 0 4 4 0 0 4 0 0 0 3 3 0 0 4 0 4 0 0 4 0 0 4 4 4 0 4 0 0
0 0 4 0 4 4 4 0 4 0 0 3 3 0 0 0 0 4 0 0 0 0 4 4 4 4 4 4 4 4
0 4 4 0 4 0 0 0 0 0 0 3 3 0 4 4 4 0 4 0 4 0 0 0 4 0 0 0 4 0
0 0 0 0 4 0 0 0 0 4 0 3 3 0 4 0 0 0 0 0 0 0 0 0 4 0 0 4 0 0
4 0 4 0 0 0 4 0 0 0 0 3 3 0 0 0 4 4 0 0 0 0 0 0 4 0 4 4 0 4
4 0 4 4 0 0 4 4 0 0 0 3 3 0 0 0 4 4 4 0 0 4 0 4 0 4 0 0 4 4
0 4 4 4 4 0 4 0 0 0 0 3 3 0 4 0 4 4 0 4 0 0 0 4 0 0 4 4 4 4
4 4 0 0 0 0 4 4 0 4 0 3 3 0 4 4 0 4 0 0 4 0 4 0 4 0 4 4 4 0
4 0 4 0 0 0 4 0 0 4 0 3 3 0 4 0 4 4 0 0 0 0 4 0 4 4 0 4 0 4
0 4 0 4 0 0 0 0 0 4 0 3 3 0 4 0 4 0 4 4 4 0 0 4 4 0 0 0 4 0
0 0 4 0 4 0 4 4 0 0 0 3 3 0 0 0 4 0 4 0 0 0 0 0 0 4 0 0 4 4
4 0 0 0 0 0 4 4 4 0 0 3 3 0 0 0 0 0 0 0 4 0 4 0 4 4 4 0 4 4
0 0 0 4 4 4 4 4 4 0 0 3 3 0 0 4 0 0 4 0 0 0 0 4 0 4 4 0 0 0

Example 4:

Input:
2 2 0 2 0 2 0 0 2 0 0 0 0 0 0 0 0 0 0 0 0 0 0 2 0 0 2 0 2 0
2 0 0 0 2 0 2 0 2 2 0 0 0 0 0 0 0 0 0 0 0 0 2 2 0 0 2 0 0 2
2 2 2 2 0 2 0 2 2 2 0 0 0 0 0 0 0 0 0 0 0 0 0 0 2 0 2 0 2 0
0 2 0 0 2 0 0 2 0 0 0 0 0 0 0 0 0 0 0 0 0 0 0 2 0 0 2 0 0 2
0 0 2 0 2 0 0 0 0 0 0 0 0 0 0 0 0 0 0 0 0 0 2 0 2 0 0 0 2 2
0 0 0 2 2 0 2 0 2 2 0 0 0 0 0 0 0 0 0 0 0 0 2 0 0 0 2 0 2 0
0 0 2 2 0 0 0 0 0 2 0 0 0 0 0 0 0 0 0 0 0 0 2 2 2 0 2 2 0 0
2 0 0 2 2 2 0 0 2 0 0 0 0 0 0 0 0 0 0 0 0 0 2 2 2 2 0 2 0 0
0 0 0 2 2 0 0 2 0 2 0 0 0 0 0 0 0 0 0 0 0 0 0 0 0 2 0 2 2 0
0 0 0 2 2 0 2 0 0 2 0 0 0 0 0 0 0 0 0 0 0 0 0 2 0 2 0 2 2 2
0 0 0 0 0 0 0 2 2 2 0 0 0 0 0 0 0 0 0 0 0 0 0 2 0 0 2 2 0 0
0 2 2 2 0 2 2 0 0 2 0 0 0 0 0 0 0 0 0 0 0 0 0 2 0 2 2 0 0 0
0 0 0 0 0 0 0 0 0 0 0 0 0 0 0 0 0 0 0 0 0 0 2 0 2 2 2 2 2 2
0 0 0 0 0 0 0 0 0 0 0 0 0 0 0 0 0 0 0 0 0 0 0 0 2 0 0 0 0 2
0 0 0 0 0 0 0 0 0 0 0 0 0 0 0 0 0 0 0 0 0 0 0 2 0 2 2 2 0 2
0 0 0 0 0 0 0 0 0 0 0 0 0 0 0 0 0 0 0 0 0 0 2 0 0 2 2 2 2 0
0 0 0 0 0 0 0 0 0 0 0 0 0 0 0 0 0 0 0 0 0 0 2 2 0 0 2 2 2 2
0 0 0 0 0 0 0 0 0 0 0 0 0 0 0 0 0 0 0 0 0 0 0 2 0 0 2 0 2 2
0 0 0 0 0 0 0 0 0 0 0 0 0 0 0 0 0 0 0 0 0 0 2 2 2 2 2 0 0 2
0 0 0 0 0 0 0 0 0 0 0 0 0 0 0 0 0 0 0 0 0 0 2 0 0 0 2 0 0 2
0 0 0 0 0 0 0 0 0 0 0 0 0 0 0 0 0 0 0 0 0 0 2 2 2 0 0 0 2 2
0 0 0 0 0 0 0 0 0 0 0 0 0 0 0 0 0 0 0 0 0 0 0 2 2 0 0 2 0 2
0 0 0 0 0 0 0 0 0 0 0 0 0 0 0 0 0 0 0 0 0 0 0 2 2 2 2 2 0 0
0 0 0 0 0 0 0 0 0 0 0 0 0 0 0 0 0 0 0 0 0 0 2 0 2 0 0 2 2 2
2 0 2 2 0 0 0 0 2 2 0 0 0 0 0 0 0 0 0 0 0 0 0 0 2 0 2 0 0 2
0 2 2 2 0 2 0 2 2 0 0 0 0 0 0 0 0 0 0 0 0 0 2 2 0 0 0 2 2 0
0 2 0 2 2 0 2 2 2 0 0 0 0 0 0 0 0 0 0 0 0 0 2 0 2 0 2 2 0 0
0 0 2 2 0 0 2 0 0 0 0 0 0 0 0 0 0 0 0 0 0 0 2 2 0 0 0 0 2 2
2 0 2 2 0 0 2 0 2 2 0 0 0 0 0 0 0 0 0 0 0 0 0 0 0 0 0 0 0 0
2 0 0 0 0 0 0 2 0 0 0 0 0 0 0 0 0 0 0 0 0 0 2 2 0 2 2 0 0 0
Output:
2 2 0 2 0 2 0 0 2 0 0 3 3 3 3 3 3 3 3 3 3 0 0 2 0 0 2 0 2 0
2 0 0 0 2 0 2 0 2 2 0 3 3 3 3 3 3 3 3 3 3 0 2 2 0 0 2 0 0 2
2 2 2 2 0 2 0 2 2 2 0 3 3 3 3 3 3 3 3 3 3 0 0 0 2 0 2 0 2 0
0 2 0 0 2 0 0 2 0 0 0 3 3 3 3 3 3 3 3 3 3 0 0 2 0 0 2 0 0 2
0 0 2 0 2 0 0 0 0 0 0 3 3 3 3 3 3 3 3 3 3 0 2 0 2 0 0 0 2 2
0 0 0 2 2 0 2 0 2 2 0 3 3 3 3 3 3 3 3 3 3 0 2 0 0 0 2 0 2 0
0 0 2 2 0 0 0 0 0 2 0 3 3 3 3 3 3 3 3 3 3 0 2 2 2 0 2 2 0 0
2 0 0 2 2 2 0 0 2 0 0 3 3 3 3 3 3 3 3 3 3 0 2 2 2 2 0 2 0 0
0 0 0 2 2 0 0 2 0 2 0 3 3 3 3 3 3 3 3 3 3 0 0 0 0 2 0 2 2 0
0 0 0 2 2 0 2 0 0 2 0 3 3 3 3 3 3 3 3 3 3 0 0 2 0 2 0 2 2 2
0 0 0 0 0 0 0 2 2 2 0 3 3 3 3 3 3 3 3 3 3 0 0 2 0 0 2 2 0 0
0 2 2 2 0 2 2 0 0 2 0 3 3 3 3 3 3 3 3 3 3 0 0 2 0 2 2 0 0 0
0 0 0 0 0 0 0 0 0 0 0 3 3 3 3 3 3 3 3 3 3 0 2 0 2 2 2 2 2 2
3 3 3 3 3 3 3 3 3 3 3 3 3 3 3 3 3 3 3 3 3 0 0 0 2 0 0 0 0 2
3 3 3 3 3 3 3 3 3 3 3 3 3 3 3 3 3 3 3 3 3 0 0 2 0 2 2 2 0 2
3 3 3 3 3 3 3 3 3 3 3 3 3 3 3 3 3 3 3 3 3 0 2 0 0 2 2 2 2 0
3 3 3 3 3 3 3 3 3 3 3 3 3 3 3 3 3 3 3 3 3 0 2 2 0 0 2 2 2 2
3 3 3 3 3 3 3 3 3 3 3 3 3 3 3 3 3 3 3 3 3 0 0 2 0 0 2 0 2 2
3 3 3 3 3 3 3 3 3 3 3 3 3 3 3 3 3 3 3 3 3 0 2 2 2 2 2 0 0 2
3 3 3 3 3 3 3 3 3 3 3 3 3 3 3 3 3 3 3 3 3 0 2 0 0 0 2 0 0 2
3 3 3 3 3 3 3 3 3 3 3 3 3 3 3 3 3 3 3 3 3 0 2 2 2 0 0 0 2 2
3 3 3 3 3 3 3 3 3 3 3 3 3 3 3 3 3 3 3 3 3 0 0 2 2 0 0 2 0 2
3 3 3 3 3 3 3 3 3 3 3 3 3 3 3 3 3 3 3 3 3 0 0 2 2 2 2 2 0 0
0 0 0 0 0 0 0 0 0 0 0 3 3 3 3 3 3 3 3 3 3 0 2 0 2 0 0 2 2 2
2 0 2 2 0 0 0 0 2 2 0 3 3 3 3 3 3 3 3 3 3 0 0 0 2 0 2 0 0 2
0 2 2 2 0 2 0 2 2 0 0 3 3 3 3 3 3 3 3 3 3 0 2 2 0 0 0 2 2 0
0 2 0 2 2 0 2 2 2 0 0 3 3 3 3 3 3 3 3 3 3 0 2 0 2 0 2 2 0 0
0 0 2 2 0 0 2 0 0 0 0 3 3 3 3 3 3 3 3 3 3 0 2 2 0 0 0 0 2 2
2 0 2 2 0 0 2 0 2 2 0 3 3 3 3 3 3 3 3 3 3 0 0 0 0 0 0 0 0 0
2 0 0 0 0 0 0 2 0 0 0 3 3 3 3 3 3 3 3 3 3 0 2 2 0 2 2 0 0 0

Example 5:

Input:
4 0 0 4 0 4 4 4 4 0 0 0 0 0 0 0 0 0 0 4 0 4 4 0 4 4 0 0 0 0
0 4 0 0 0 0 0 4 4 0 0 0 0 0 0 0 0 0 0 0 0 4 4 0 4 4 4 0 4 0
4 0 4 4 4 4 4 4 4 0 0 0 0 0 0 0 0 0 0 4 4 0 4 0 4 4 0 0 4 0
4 0 4 4 0 0 4 0 0 0 0 0 0 0 0 0 0 0 0 4 4 0 0 4 0 4 0 4 0 4
4 4 0 0 0 4 4 0 0 0 0 0 0 0 0 0 0 0 0 4 4 4 0 4 4 0 0 0 4 0
0 4 0 4 0 0 0 0 0 0 0 0 0 0 0 0 0 0 0 0 0 4 0 4 0 0 0 0 0 0
0 0 4 0 0 4 0 4 4 0 0 0 0 0 0 0 0 0 0 0 0 4 4 0 0 0 4 0 4 0
4 4 0 0 4 0 4 4 0 0 0 0 0 0 0 0 0 0 0 0 4 0 4 4 4 0 4 4 4 0
0 4 4 4 4 4 4 4 0 0 0 0 0 0 0 0 0 0 0 0 4 4 4 0 0 4 0 4 4 0
4 4 4 0 0 4 0 0 0 0 0 0 0 0 0 0 0 0 0 0 4 0 4 4 0 4 0 0 0 0
0 4 0 0 4 4 0 4 4 0 0 0 0 0 0 0 0 0 0 0 0 0 4 0 0 4 4 4 0 0
4 0 4 0 4 4 4 4 4 0 0 0 0 0 0 0 0 0 0 0 4 0 0 0 4 0 0 4 0 0
4 0 0 4 4 4 4 4 0 0 0 0 0 0 0 0 0 0 0 4 0 0 0 0 0 0 0 4 4 0
4 0 0 0 0 4 0 4 4 0 0 0 0 0 0 0 0 0 0 4 4 4 4 0 4 0 4 4 4 4
0 0 4 4 4 0 0 0 0 0 0 0 0 0 0 0 0 0 0 4 0 4 0 0 4 0 0 4 4 0
4 0 4 4 0 4 0 0 0 0 0 0 0 0 0 0 0 0 0 4 0 4 0 0 0 4 0 0 0 0
4 4 0 4 0 0 0 4 4 0 0 0 0 0 0 0 0 0 0 0 0 4 0 0 4 0 0 0 4 0
4 0 4 4 4 4 4 4 4 0 0 0 0 0 0 0 0 0 0 0 4 0 0 0 4 0 0 0 4 0
4 0 0 4 4 0 0 0 4 0 0 0 0 0 0 0 0 0 0 0 4 4 0 4 0 0 4 4 4 4
4 0 4 0 4 4 0 4 4 0 0 0 0 0 0 0 0 0 0 4 4 4 0 4 0 0 4 4 4 4
0 0 4 0 4 0 4 0 0 0 0 0 0 0 0 0 0 0 0 4 0 0 4 0 4 4 4 0 4 4
0 4 4 4 0 0 0 0 4 0 0 0 0 0 0 0 0 0 0 0 4 0 4 4 0 4 0 4 4 4
4 0 0 0 0 0 4 4 4 0 0 0 0 0 0 0 0 0 0 4 4 0 4 0 4 0 4 0 4 0
0 0 0 4 4 0 0 0 4 0 0 0 0 0 0 0 0 0 0 0 4 0 0 0 0 4 0 4 0 4
4 0 4 0 0 0 0 4 0 0 0 0 0 0 0 0 0 0 0 4 4 0 4 0 4 0 0 4 4 0
0 4 0 0 0 4 4 0 0 0 0 0 0 0 0 0 0 0 0 0 4 0 4 4 0 4 4 0 0 0
4 4 4 0 4 0 4 4 4 0 0 0 0 0 0 0 0 0 0 4 4 0 4 0 0 4 4 4 0 0
4 4 0 4 4 0 0 0 0 0 0 0 0 0 0 0 0 0 0 0 0 0 0 4 0 4 0 0 4 4
0 0 4 4 4 4 0 0 0 0 0 0 0 0 0 0 0 0 0 4 4 0 0 0 4 4 4 0 0 0
0 0 4 4 4 4 4 0 0 0 0 0 0 0 0 0 0 0 0 4 4 4 0 4 4 4 4 0 0 0
Output:
4 0 0 4 0 4 4 4 4 0 3 3 3 3 3 3 3 3 0 4 0 4 4 0 4 4 0 0 0 0
0 4 0 0 0 0 0 4 4 0 3 3 3 3 3 3 3 3 0 0 0 4 4 0 4 4 4 0 4 0
4 0 4 4 4 4 4 4 4 0 3 3 3 3 3 3 3 3 0 4 4 0 4 0 4 4 0 0 4 0
4 0 4 4 0 0 4 0 0 0 3 3 3 3 3 3 3 3 0 4 4 0 0 4 0 4 0 4 0 4
4 4 0 0 0 4 4 0 0 0 3 3 3 3 3 3 3 3 0 4 4 4 0 4 4 0 0 0 4 0
0 4 0 4 0 0 0 0 0 0 3 3 3 3 3 3 3 3 0 0 0 4 0 4 0 0 0 0 0 0
0 0 4 0 0 4 0 4 4 0 3 3 3 3 3 3 3 3 0 0 0 4 4 0 0 0 4 0 4 0
4 4 0 0 4 0 4 4 0 0 3 3 3 3 3 3 3 3 0 0 4 0 4 4 4 0 4 4 4 0
0 4 4 4 4 4 4 4 0 0 3 3 3 3 3 3 3 3 0 0 4 4 4 0 0 4 0 4 4 0
4 4 4 0 0 4 0 0 0 0 3 3 3 3 3 3 3 3 0 0 4 0 4 4 0 4 0 0 0 0
0 4 0 0 4 4 0 4 4 0 3 3 3 3 3 3 3 3 0 0 0 0 4 0 0 4 4 4 0 0
4 0 4 0 4 4 4 4 4 0 3 3 3 3 3 3 3 3 0 0 4 0 0 0 4 0 0 4 0 0
4 0 0 4 4 4 4 4 0 0 3 3 3 3 3 3 3 3 0 4 0 0 0 0 0 0 0 4 4 0
4 0 0 0 0 4 0 4 4 0 3 3 3 3 3 3 3 3 0 4 4 4 4 0 4 0 4 4 4 4
0 0 4 4 4 0 0 0 0 0 3 3 3 3 3 3 3 3 0 4 0 4 0 0 4 0 0 4 4 0
4 0 4 4 0 4 0 0 0 0 3 3 3 3 3 3 3 3 0 4 0 4 0 0 0 4 0 0 0 0
4 4 0 4 0 0 0 4 4 0 3 3 3 3 3 3 3 3 0 0 0 4 0 0 4 0 0 0 4 0
4 0 4 4 4 4 4 4 4 0 3 3 3 3 3 3 3 3 0 0 4 0 0 0 4 0 0 0 4 0
4 0 0 4 4 0 0 0 4 0 3 3 3 3 3 3 3 3 0 0 4 4 0 4 0 0 4 4 4 4
4 0 4 0 4 4 0 4 4 0 3 3 3 3 3 3 3 3 0 4 4 4 0 4 0 0 4 4 4 4
0 0 4 0 4 0 4 0 0 0 3 3 3 3 3 3 3 3 0 4 0 0 4 0 4 4 4 0 4 4
0 4 4 4 0 0 0 0 4 0 3 3 3 3 3 3 3 3 0 0 4 0 4 4 0 4 0 4 4 4
4 0 0 0 0 0 4 4 4 0 3 3 3 3 3 3 3 3 0 4 4 0 4 0 4 0 4 0 4 0
0 0 0 4 4 0 0 0 4 0 3 3 3 3 3 3 3 3 0 0 4 0 0 0 0 4 0 4 0 4
4 0 4 0 0 0 0 4 0 0 3 3 3 3 3 3 3 3 0 4 4 0 4 0 4 0 0 4 4 0
0 4 0 0 0 4 4 0 0 0 3 3 3 3 3 3 3 3 0 0 4 0 4 4 0 4 4 0 0 0
4 4 4 0 4 0 4 4 4 0 3 3 3 3 3 3 3 3 0 4 4 0 4 0 0 4 4 4 0 0
4 4 0 4 4 0 0 0 0 0 3 3 3 3 3 3 3 3 0 0 0 0 0 4 0 4 0 0 4 4
0 0 4 4 4 4 0 0 0 0 3 3 3 3 3 3 3 3 0 4 4 0 0 0 4 4 4 0 0 0
0 0 4 4 4 4 4 0 0 0 3 3 3 3 3 3 3 3 0 4 4 4 0 4 4 4 4 0 0 0

Example 6:

Input:
0 0 0 1 0 1 0 1 0 0 0 0 0 0 0 0 0 0 0 1 0 0 0 1 1 1 1 0 1 1
0 1 0 0 1 0 1 0 0 0 0 0 0 0 0 0 0 0 1 1 1 1 1 1 0 1 0 0 0 1
0 0 0 0 0 1 1 0 0 0 0 0 0 0 0 0 0 0 0 1 1 1 0 0 0 1 1 1 1 1
1 0 0 1 1 0 0 0 0 0 0 0 0 0 0 0 0 0 0 0 1 1 1 0 0 1 1 1 0 0
1 1 1 1 1 0 0 1 0 0 0 0 0 0 0 0 0 0 1 1 0 1 1 1 1 1 0 1 1 0
0 1 1 0 1 0 0 1 1 0 0 0 0 0 0 0 0 0 1 0 1 1 0 1 0 0 0 1 0 0
1 0 1 1 1 0 0 1 0 0 0 0 0 0 0 0 0 0 0 0 0 0 0 0 0 0 0 0 0 0
1 1 0 1 1 0 1 0 0 0 0 0 0 0 0 0 0 0 0 0 0 0 0 0 0 0 0 0 0 0
0 0 1 0 0 0 0 0 1 0 0 0 0 0 0 0 0 0 0 0 0 0 0 0 0 0 0 0 0 0
1 1 0 1 1 1 0 1 0 0 0 0 0 0 0 0 0 0 0 1 0 1 0 0 0 0 1 0 1 1
0 0 1 0 1 1 1 0 0 0 0 0 0 0 0 0 0 0 0 1 1 1 0 1 0 1 0 0 1 1
0 1 0 1 0 1 0 0 0 0 0 0 0 0 0 0 0 0 0 0 1 1 0 0 1 1 0 1 1 1
0 0 0 1 1 1 1 1 1 0 0 0 0 0 0 0 0 0 1 1 1 1 1 0 0 0 0 0 1 1
1 1 1 1 1 1 0 0 0 0 0 0 0 0 0 0 0 0 0 1 0 1 0 1 1 1 0 1 1 1
1 1 0 0 0 1 0 1 1 0 0 0 0 0 0 0 0 0 1 0 0 0 0 1 1 1 0 1 1 0
0 1 0 0 0 1 0 0 1 0 0 0 0 0 0 0 0 0 1 0 1 0 0 0 0 1 1 1 1 1
0 1 0 1 0 0 0 0 0 0 0 0 0 0 0 0 0 0 0 0 0 0 1 0 0 1 0 0 1 0
0 0 0 0 0 0 0 0 0 0 0 0 0 0 0 0 0 0 1 1 0 1 0 1 0 0 0 1 0 1
1 1 1 0 0 1 0 0 0 0 0 0 0 0 0 0 0 0 0 1 0 0 0 1 0 0 1 0 1 1
0 0 1 0 1 0 0 0 1 0 0 0 0 0 0 0 0 0 1 0 0 0 0 1 0 1 1 1 0 1
0 1 0 1 0 0 1 1 1 0 0 0 0 0 0 0 0 0 0 0 0 0 0 0 0 0 0 0 0 0
0 1 0 0 1 1 0 1 1 0 0 0 0 0 0 0 0 0 0 0 0 0 0 0 0 0 0 0 0 0
1 1 0 1 0 0 1 1 0 0 0 0 0 0 0 0 0 0 0 0 0 0 0 0 0 0 0 0 0 0
1 0 0 0 0 0 0 0 1 0 0 0 0 0 0 0 0 0 1 0 1 0 1 0 0 1 0 0 1 0
0 0 0 1 1 1 1 1 1 0 0 0 0 0 0 0 0 0 0 0 1 1 0 1 1 1 0 1 0 0
1 0 1 0 1 1 1 0 1 0 0 0 0 0 0 0 0 0 0 0 1 1 1 0 1 0 1 1 1 1
0 0 0 1 1 0 1 0 1 0 0 0 0 0 0 0 0 0 0 1 1 1 0 0 1 1 1 0 1 0
0 0 1 0 1 0 0 0 1 0 0 0 0 0 0 0 0 0 0 0 1 0 0 1 1 0 0 1 0 1
0 1 1 1 1 1 1 0 1 0 0 0 0 0 0 0 0 0 1 0 1 0 1 1 0 1 1 1 1 1
1 1 0 0 1 0 0 0 0 0 0 0 0 0 0 0 0 0 1 1 1 0 0 1 1 0 0 0 0 1
Output:
0 0 0 1 0 1 0 1 0 0 3 3 3 3 3 3 3 0 0 1 0 0 0 1 1 1 1 0 1 1
0 1 0 0 1 0 1 0 0 0 3 3 3 3 3 3 3 0 1 1 1 1 1 1 0 1 0 0 0 1
0 0 0 0 0 1 1 0 0 0 3 3 3 3 3 3 3 0 0 1 1 1 0 0 0 1 1 1 1 1
1 0 0 1 1 0 0 0 0 0 3 3 3 3 3 3 3 0 0 0 1 1 1 0 0 1 1 1 0 0
1 1 1 1 1 0 0 1 0 0 3 3 3 3 3 3 3 0 1 1 0 1 1 1 1 1 0 1 1 0
0 1 1 0 1 0 0 1 1 0 3 3 3 3 3 3 3 0 1 0 1 1 0 1 0 0 0 1 0 0
1 0 1 1 1 0 0 1 0 0 3 3 3 3 3 3 3 0 0 0 0 0 0 0 0 0 0 0 0 0
1 1 0 1 1 0 1 0 0 0 3 3 3 3 3 3 3 3 3 3 3 3 3 3 3 3 3 3 3 3
0 0 1 0 0 0 0 0 1 0 3 3 3 3 3 3 3 0 0 0 0 0 0 0 0 0 0 0 0 0
1 1 0 1 1 1 0 1 0 0 3 3 3 3 3 3 3 0 0 1 0 1 0 0 0 0 1 0 1 1
0 0 1 0 1 1 1 0 0 0 3 3 3 3 3 3 3 0 0 1 1 1 0 1 0 1 0 0 1 1
0 1 0 1 0 1 0 0 0 0 3 3 3 3 3 3 3 0 0 0 1 1 0 0 1 1 0 1 1 1
0 0 0 1 1 1 1 1 1 0 3 3 3 3 3 3 3 0 1 1 1 1 1 0 0 0 0 0 1 1
1 1 1 1 1 1 0 0 0 0 3 3 3 3 3 3 3 0 0 1 0 1 0 1 1 1 0 1 1 1
1 1 0 0 0 1 0 1 1 0 3 3 3 3 3 3 3 0 1 0 0 0 0 1 1 1 0 1 1 0
0 1 0 0 0 1 0 0 1 0 3 3 3 3 3 3 3 0 1 0 1 0 0 0 0 1 1 1 1 1
0 1 0 1 0 0 0 0 0 0 3 3 3 3 3 3 3 0 0 0 0 0 1 0 0 1 0 0 1 0
0 0 0 0 0 0 0 0 0 0 3 3 3 3 3 3 3 0 1 1 0 1 0 1 0 0 0 1 0 1
1 1 1 0 0 1 0 0 0 0 3 3 3 3 3 3 3 0 0 1 0 0 0 1 0 0 1 0 1 1
0 0 1 0 1 0 0 0 1 0 3 3 3 3 3 3 3 0 1 0 0 0 0 1 0 1 1 1 0 1
0 1 0 1 0 0 1 1 1 0 3 3 3 3 3 3 3 0 0 0 0 0 0 0 0 0 0 0 0 0
0 1 0 0 1 1 0 1 1 0 3 3 3 3 3 3 3 3 3 3 3 3 3 3 3 3 3 3 3 3
1 1 0 1 0 0 1 1 0 0 3 3 3 3 3 3 3 0 0 0 0 0 0 0 0 0 0 0 0 0
1 0 0 0 0 0 0 0 1 0 3 3 3 3 3 3 3 0 1 0 1 0 1 0 0 1 0 0 1 0
0 0 0 1 1 1 1 1 1 0 3 3 3 3 3 3 3 0 0 0 1 1 0 1 1 1 0 1 0 0
1 0 1 0 1 1 1 0 1 0 3 3 3 3 3 3 3 0 0 0 1 1 1 0 1 0 1 1 1 1
0 0 0 1 1 0 1 0 1 0 3 3 3 3 3 3 3 0 0 1 1 1 0 0 1 1 1 0 1 0
0 0 1 0 1 0 0 0 1 0 3 3 3 3 3 3 3 0 0 0 1 0 0 1 1 0 0 1 0 1
0 1 1 1 1 1 1 0 1 0 3 3 3 3 3 3 3 0 1 0 1 0 1 1 0 1 1 1 1 1
1 1 0 0 1 0 0 0 0 0 3 3 3 3 3 3 3 0 1 1 1 0 0 1 1 0 0 0 0 1

Example 7:

Input:
2 2 2 2 2 2 0 0 0 0 0 0 0 0 0 0 2 0 2 0 0 2 0 2 0 2 0 0 2 2
0 2 2 2 0 0 2 2 0 0 0 0 0 0 0 0 0 2 2 2 0 2 0 2 0 0 0 0 0 0
2 2 2 2 2 2 0 2 0 0 0 0 0 0 0 0 0 0 2 0 2 2 2 2 2 0 2 2 0 0
0 0 0 2 0 0 0 0 2 0 0 0 0 0 0 2 0 2 2 2 2 2 2 0 2 0 2 2 0 0
0 0 0 0 2 0 0 2 2 0 0 0 0 0 0 2 0 2 2 0 0 0 2 2 2 2 2 2 2 0
2 0 0 2 2 0 0 0 2 0 0 0 0 0 0 0 0 0 0 0 2 2 0 2 0 0 2 2 0 0
0 0 0 0 0 0 0 2 0 0 0 0 0 0 0 0 0 0 0 0 0 2 0 0 0 2 2 2 0 2
0 0 0 0 2 2 2 2 0 0 0 0 0 0 0 0 0 2 0 2 0 0 0 2 0 0 2 2 0 0
0 2 0 2 2 0 0 0 2 0 0 0 0 0 0 0 2 2 2 2 0 0 0 0 2 0 0 2 2 2
0 2 2 2 2 0 2 0 2 0 0 0 0 0 0 2 2 0 2 2 0 2 0 2 0 2 0 2 2 0
0 2 0 0 2 2 0 0 2 0 0 0 0 0 0 2 2 0 0 0 0 2 2 0 2 2 0 2 0 2
0 0 2 2 0 2 2 0 2 0 0 0 0 0 0 2 2 2 2 0 2 0 0 2 0 0 0 2 2 2
2 0 2 2 2 0 2 0 2 0 0 0 0 0 0 2 2 2 0 2 0 2 2 0 0 2 0 2 0 2
2 2 2 2 0 0 0 0 0 0 0 0 0 0 0 0 0 2 2 2 2 2 2 2 0 2 0 0 0 0
2 2 2 0 2 0 0 2 0 0 0 0 0 0 0 0 0 0 0 0 0 0 0 0 0 0 0 0 0 0
0 0 2 0 2 0 2 0 0 0 0 0 0 0 0 0 0 0 0 0 0 0 0 0 0 0 0 0 0 0
2 0 0 2 2 0 0 0 0 0 0 0 0 0 0 0 0 0 0 0 0 0 0 0 0 0 0 0 0 0
0 2 0 0 2 0 2 2 2 0 0 0 0 0 0 0 2 2 2 0 2 2 2 2 2 0 0 2 2 0
0 0 2 2 0 2 2 2 2 0 0 0 0 0 0 2 2 2 0 2 2 0 2 0 2 2 0 2 2 2
2 2 0 2 2 2 2 2 0 0 0 0 0 0 0 0 2 0 2 2 2 0 0 2 0 2 2 0 0 2
2 2 2 2 0 0 0 2 0 0 0 0 0 0 0 0 0 2 0 2 0 2 0 0 0 2 0 2 2 2
2 0 2 0 2 2 2 0 0 0 0 0 0 0 0 0 0 2 0 0 2 0 0 2 2 2 0 2 2 2
2 2 2 2 0 0 2 2 2 0 0 0 0 0 0 0 0 2 0 0 0 0 2 2 2 0 0 2 2 0
2 0 2 2 2 0 0 2 0 0 0 0 0 0 0 2 2 2 2 0 0 2 0 0 0 2 2 2 0 0
2 0 0 2 0 2 0 2 0 0 0 0 0 0 0 0 2 2 2 2 0 0 0 0 0 2 2 2 0 0
2 2 0 2 0 0 2 2 0 0 0 0 0 0 0 2 2 2 0 2 2 0 0 0 2 0 0 0 0 0
2 2 0 0 0 2 2 2 2 2 0 0 0 0 2 0 0 0 2 2 0 0 0 2 2 0 2 2 0 0
2 2 2 0 0 2 2 0 0 0 0 2 2 2 2 0 2 0 0 0 0 2 0 0 0 2 2 0 2 2
0 0 2 2 2 0 0 2 2 2 2 0 0 0 2 2 2 0 2 0 2 0 0 0 2 0 2 0 2 2
2 0 0 0 0 2 0 0 0 2 2 2 0 0 0 2 0 0 0 0 2 0 0 2 2 2 0 2 0 2
Output:
2 2 2 2 2 2 0 0 0 0 3 3 3 3 0 0 2 0 2 0 0 2 0 2 0 2 0 0 2 2
0 2 2 2 0 0 2 2 0 0 3 3 3 3 0 0 0 2 2 2 0 2 0 2 0 0 0 0 0 0
2 2 2 2 2 2 0 2 0 0 3 3 3 3 0 0 0 0 2 0 2 2 2 2 2 0 2 2 0 0
0 0 0 2 0 0 0 0 2 0 3 3 3 3 0 2 0 2 2 2 2 2 2 0 2 0 2 2 0 0
0 0 0 0 2 0 0 2 2 0 3 3 3 3 0 2 0 2 2 0 0 0 2 2 2 2 2 2 2 0
2 0 0 2 2 0 0 0 2 0 3 3 3 3 0 0 0 0 0 0 2 2 0 2 0 0 2 2 0 0
0 0 0 0 0 0 0 2 0 0 3 3 3 3 0 0 0 0 0 0 0 2 0 0 0 2 2 2 0 2
0 0 0 0 2 2 2 2 0 0 3 3 3 3 0 0 0 2 0 2 0 0 0 2 0 0 2 2 0 0
0 2 0 2 2 0 0 0 2 0 3 3 3 3 0 0 2 2 2 2 0 0 0 0 2 0 0 2 2 2
0 2 2 2 2 0 2 0 2 0 3 3 3 3 0 2 2 0 2 2 0 2 0 2 0 2 0 2 2 0
0 2 0 0 2 2 0 0 2 0 3 3 3 3 0 2 2 0 0 0 0 2 2 0 2 2 0 2 0 2
0 0 2 2 0 2 2 0 2 0 3 3 3 3 0 2 2 2 2 0 2 0 0 2 0 0 0 2 2 2
2 0 2 2 2 0 2 0 2 0 3 3 3 3 0 2 2 2 0 2 0 2 2 0 0 2 0 2 0 2
2 2 2 2 0 0 0 0 0 0 3 3 3 3 0 0 0 2 2 2 2 2 2 2 0 2 0 0 0 0
2 2 2 0 2 0 0 2 0 0 3 3 3 3 0 0 0 0 0 0 0 0 0 0 0 0 0 0 0 0
0 0 2 0 2 0 2 0 0 0 3 3 3 3 3 3 3 3 3 3 3 3 3 3 3 3 3 3 3 3
2 0 0 2 2 0 0 0 0 0 3 3 3 3 0 0 0 0 0 0 0 0 0 0 0 0 0 0 0 0
0 2 0 0 2 0 2 2 2 0 3 3 3 3 0 0 2 2 2 0 2 2 2 2 2 0 0 2 2 0
0 0 2 2 0 2 2 2 2 0 3 3 3 3 0 2 2 2 0 2 2 0 2 0 2 2 0 2 2 2
2 2 0 2 2 2 2 2 0 0 3 3 3 3 0 0 2 0 2 2 2 0 0 2 0 2 2 0 0 2
2 2 2 2 0 0 0 2 0 0 3 3 3 3 0 0 0 2 0 2 0 2 0 0 0 2 0 2 2 2
2 0 2 0 2 2 2 0 0 0 3 3 3 3 0 0 0 2 0 0 2 0 0 2 2 2 0 2 2 2
2 2 2 2 0 0 2 2 2 0 3 3 3 3 0 0 0 2 0 0 0 0 2 2 2 0 0 2 2 0
2 0 2 2 2 0 0 2 0 0 3 3 3 3 0 2 2 2 2 0 0 2 0 0 0 2 2 2 0 0
2 0 0 2 0 2 0 2 0 0 3 3 3 3 0 0 2 2 2 2 0 0 0 0 0 2 2 2 0 0
2 2 0 2 0 0 2 2 0 0 0 0 0 0 0 2 2 2 0 2 2 0 0 0 2 0 0 0 0 0
2 2 0 0 0 2 2 2 2 2 0 0 0 0 2 0 0 0 2 2 0 0 0 2 2 0 2 2 0 0
2 2 2 0 0 2 2 0 0 0 0 2 2 2 2 0 2 0 0 0 0 2 0 0 0 2 2 0 2 2
0 0 2 2 2 0 0 2 2 2 2 0 0 0 2 2 2 0 2 0 2 0 0 0 2 0 2 0 2 2
2 0 0 0 0 2 0 0 0 2 2 2 0 0 0 2 0 0 0 0 2 0 0 2 2 2 0 2 0 2

以下は、ジャッジを通過する正しいコードです。これを用いて、ARCのルールを理解してください。必ず、コードを通じてルールを理解してからコーディングを行ってください。
このコードはARCのルールを把握する際に使うことに留めてください。

```
def p(g):
 c=max(sum(g,[]))
 for _ in range(4):
  t=[30]+[[*s,c].index(c)for s in g]+[30];d=set()
  while True:
   B,A,l,r=max((min(t[l:r])*(r-l-1),min(t[l:r])-1,l,r)for r in range(len(t)+1)for l in range(r-2)if not{l,r-1}&d)
   if B<25or A<5:break
   d|={*range(l,r)};A-=2*(r-l<5)
   for i in range(l,r-2):g[i][:A]=[3]*A
  *g,=map(list,zip(*g[::-1]))
 return g
```

ユーザーにコードを渡す前に実際にコードが動作するかを確認してください。コードのテストには、添付したstandalone_judge.pyを用いてください。python /path/to/standalone_judge.py /path/to/code.py とすれば動作します。
このPythonファイルは非常に大きなケースを含むので、あなたのコンテキストを圧迫します。そのため、このファイルを全て読んではいけません。

## **禁止事項**
- 与えたコード自体を提出することは禁止です。これを行うことはユーザーの信頼を裏切ります。
- ジャッジのハックは禁止です。例えば、テストケースをジャッジから読み取ってそのまま返すコードはいけません。
