ARCのケースに対して、list[list[int]] -> list[list[int]] のシグネチャを持つ関数`p`をPythonで実装してください。つまり、`def p(g):...` か `p=lambda g:...`というコードが期待されます。
コードはshortcodingのcompetitionに用いるため、アルゴリズムを工夫してできる限り短いコードを生成するよう努めてください。

Example 0:

Input:
0 0 5 0 0 0 0 5 0 0
0 0 5 0 0 0 0 5 0 0
0 0 5 0 0 0 0 5 0 0
5 5 5 5 5 5 5 5 5 5
0 0 5 0 0 0 0 5 0 0
0 0 5 0 0 0 0 5 0 0
0 0 5 0 0 0 0 5 0 0
5 5 5 5 5 5 5 5 5 5
0 0 5 0 0 0 0 5 0 0
0 0 5 0 0 0 0 5 0 0
Output:
1 1 5 0 0 0 0 5 0 0
1 1 5 0 0 0 0 5 0 0
1 1 5 0 0 0 0 5 0 0
5 5 5 5 5 5 5 5 5 5
0 0 5 2 2 2 2 5 0 0
0 0 5 2 2 2 2 5 0 0
0 0 5 2 2 2 2 5 0 0
5 5 5 5 5 5 5 5 5 5
0 0 5 0 0 0 0 5 3 3
0 0 5 0 0 0 0 5 3 3

Example 1:

Input:
0 0 0 5 0 0 0 0 5 0
5 5 5 5 5 5 5 5 5 5
0 0 0 5 0 0 0 0 5 0
5 5 5 5 5 5 5 5 5 5
0 0 0 5 0 0 0 0 5 0
0 0 0 5 0 0 0 0 5 0
5 5 5 5 5 5 5 5 5 5
0 0 0 5 0 0 0 0 5 0
5 5 5 5 5 5 5 5 5 5
0 0 0 5 0 0 0 0 5 0
Output:
1 1 1 5 0 0 0 0 5 0
5 5 5 5 5 5 5 5 5 5
0 0 0 5 0 0 0 0 5 0
5 5 5 5 5 5 5 5 5 5
0 0 0 5 2 2 2 2 5 0
0 0 0 5 2 2 2 2 5 0
5 5 5 5 5 5 5 5 5 5
0 0 0 5 0 0 0 0 5 0
5 5 5 5 5 5 5 5 5 5
0 0 0 5 0 0 0 0 5 3

Example 2:

Input:
0 5 0 0 5 0 5 0 5 0
0 5 0 0 5 0 5 0 5 0
0 5 0 0 5 0 5 0 5 0
5 5 5 5 5 5 5 5 5 5
0 5 0 0 5 0 5 0 5 0
0 5 0 0 5 0 5 0 5 0
5 5 5 5 5 5 5 5 5 5
0 5 0 0 5 0 5 0 5 0
0 5 0 0 5 0 5 0 5 0
0 5 0 0 5 0 5 0 5 0
Output:
1 5 0 0 5 0 5 0 5 0
1 5 0 0 5 0 5 0 5 0
1 5 0 0 5 0 5 0 5 0
5 5 5 5 5 5 5 5 5 5
0 5 0 0 5 2 5 0 5 0
0 5 0 0 5 2 5 0 5 0
5 5 5 5 5 5 5 5 5 5
0 5 0 0 5 0 5 0 5 3
0 5 0 0 5 0 5 0 5 3
0 5 0 0 5 0 5 0 5 3

Example 3:

Input:
0 5 0 5 0 0 5 0 5 0
5 5 5 5 5 5 5 5 5 5
0 5 0 5 0 0 5 0 5 0
0 5 0 5 0 0 5 0 5 0
5 5 5 5 5 5 5 5 5 5
0 5 0 5 0 0 5 0 5 0
5 5 5 5 5 5 5 5 5 5
0 5 0 5 0 0 5 0 5 0
5 5 5 5 5 5 5 5 5 5
0 5 0 5 0 0 5 0 5 0
Output:
1 5 0 5 0 0 5 0 5 0
5 5 5 5 5 5 5 5 5 5
0 5 0 5 0 0 5 0 5 0
0 5 0 5 0 0 5 0 5 0
5 5 5 5 5 5 5 5 5 5
0 5 0 5 2 2 5 0 5 0
5 5 5 5 5 5 5 5 5 5
0 5 0 5 0 0 5 0 5 0
5 5 5 5 5 5 5 5 5 5
0 5 0 5 0 0 5 0 5 3

Example 4:

Input:
0 0 0 5 0 0 0 0 5 0
0 0 0 5 0 0 0 0 5 0
5 5 5 5 5 5 5 5 5 5
0 0 0 5 0 0 0 0 5 0
0 0 0 5 0 0 0 0 5 0
0 0 0 5 0 0 0 0 5 0
5 5 5 5 5 5 5 5 5 5
0 0 0 5 0 0 0 0 5 0
0 0 0 5 0 0 0 0 5 0
0 0 0 5 0 0 0 0 5 0
Output:
1 1 1 5 0 0 0 0 5 0
1 1 1 5 0 0 0 0 5 0
5 5 5 5 5 5 5 5 5 5
0 0 0 5 2 2 2 2 5 0
0 0 0 5 2 2 2 2 5 0
0 0 0 5 2 2 2 2 5 0
5 5 5 5 5 5 5 5 5 5
0 0 0 5 0 0 0 0 5 3
0 0 0 5 0 0 0 0 5 3
0 0 0 5 0 0 0 0 5 3

Example 5:

Input:
0 0 0 5 0 0 0 5 0 0
0 0 0 5 0 0 0 5 0 0
5 5 5 5 5 5 5 5 5 5
0 0 0 5 0 0 0 5 0 0
0 0 0 5 0 0 0 5 0 0
0 0 0 5 0 0 0 5 0 0
5 5 5 5 5 5 5 5 5 5
0 0 0 5 0 0 0 5 0 0
0 0 0 5 0 0 0 5 0 0
0 0 0 5 0 0 0 5 0 0
Output:
1 1 1 5 0 0 0 5 0 0
1 1 1 5 0 0 0 5 0 0
5 5 5 5 5 5 5 5 5 5
0 0 0 5 2 2 2 5 0 0
0 0 0 5 2 2 2 5 0 0
0 0 0 5 2 2 2 5 0 0
5 5 5 5 5 5 5 5 5 5
0 0 0 5 0 0 0 5 3 3
0 0 0 5 0 0 0 5 3 3
0 0 0 5 0 0 0 5 3 3

Example 6:

Input:
0 0 0 0 5 0 0 0 5 0
0 0 0 0 5 0 0 0 5 0
5 5 5 5 5 5 5 5 5 5
0 0 0 0 5 0 0 0 5 0
0 0 0 0 5 0 0 0 5 0
0 0 0 0 5 0 0 0 5 0
5 5 5 5 5 5 5 5 5 5
0 0 0 0 5 0 0 0 5 0
0 0 0 0 5 0 0 0 5 0
0 0 0 0 5 0 0 0 5 0
Output:
1 1 1 1 5 0 0 0 5 0
1 1 1 1 5 0 0 0 5 0
5 5 5 5 5 5 5 5 5 5
0 0 0 0 5 2 2 2 5 0
0 0 0 0 5 2 2 2 5 0
0 0 0 0 5 2 2 2 5 0
5 5 5 5 5 5 5 5 5 5
0 0 0 0 5 0 0 0 5 3
0 0 0 0 5 0 0 0 5 3
0 0 0 0 5 0 0 0 5 3

Example 7:

Input:
0 0 0 5 0 5 0 0 0 0
0 0 0 5 0 5 0 0 0 0
5 5 5 5 5 5 5 5 5 5
0 0 0 5 0 5 0 0 0 0
0 0 0 5 0 5 0 0 0 0
0 0 0 5 0 5 0 0 0 0
5 5 5 5 5 5 5 5 5 5
0 0 0 5 0 5 0 0 0 0
0 0 0 5 0 5 0 0 0 0
0 0 0 5 0 5 0 0 0 0
Output:
1 1 1 5 0 5 0 0 0 0
1 1 1 5 0 5 0 0 0 0
5 5 5 5 5 5 5 5 5 5
0 0 0 5 2 5 0 0 0 0
0 0 0 5 2 5 0 0 0 0
0 0 0 5 2 5 0 0 0 0
5 5 5 5 5 5 5 5 5 5
0 0 0 5 0 5 3 3 3 3
0 0 0 5 0 5 3 3 3 3
0 0 0 5 0 5 3 3 3 3

以下は、ジャッジを通過する正しいコードです。これを用いて、ARCのルールを理解してください。必ず、コードを通じてルールを理解してからコーディングを行ってください。
このコードはARCのルールを把握する際に使うことに留めてください。

```
def f(g,y,x,c):
 if not(0<=y<len(g)and 0<=x<len(g[0])):return
 if g[y][x]:return
 g[y][x]=c
 for(a,b)in[(0,-1),(0,1),(-1,0),(1,0)]:f(g,y+a,x+b,c)
def p(g):
 h,w=len(g),len(g[0]);f(g,0,0,1)
 for i in range(4):f(g,h//2-1+i%2,w//2-1+i//2,2)
 f(g,h-1,w-1,3);return g
```

ユーザーにコードを渡す前に実際にコードが動作するかを確認してください。コードのテストには、添付したstandalone_judge.pyを用いてください。python /path/to/standalone_judge.py /path/to/code.py とすれば動作します。
このPythonファイルは非常に大きなケースを含むので、あなたのコンテキストを圧迫します。そのため、このファイルを全て読んではいけません。

## **禁止事項**
- 与えたコード自体を提出することは禁止です。これを行うことはユーザーの信頼を裏切ります。
- ジャッジのハックは禁止です。例えば、テストケースをジャッジから読み取ってそのまま返すコードはいけません。
