12
c 3
78 140 181
d 3
81 158 190
g 7
6 76 85 245 271 291 307
i 4
24 143 208 212
j 4
46 161 210 214
k 3
223 250 259
t 2
68 216
u 3
11 202 273
v 3
13 204 281
w 3
15 200 206
x 7
90 102 163 192 256 278 296
y 7
87 120 145 183 247 288 293
0 1 1 1 1 0 0 0 0 0 1 1
1 0 1 1 1 0 0 0 0 0 1 1
1 1 0 1 1 1 1 1 1 1 1 1
1 1 1 0 1 1 1 1 1 1 1 1
1 1 1 1 0 1 1 1 1 1 1 1
0 0 1 1 1 0 1 1 1 1 1 1
0 0 1 1 1 1 0 1 1 1 1 1
0 0 1 1 1 1 1 0 1 1 1 1
0 0 1 1 1 1 1 1 0 1 1 1
0 0 1 1 1 1 1 1 1 0 1 1
1 1 1 1 1 1 1 1 1 1 0 1
1 1 1 1 1 1 1 1 1 1 1 0
