12
G 10
95 329 355 377 386 425 455 473 534 576
_ 1
18
d 3
21 126 150
g 12
6 51 73 82 98 158 269 297 306 491 519 542
i 17
28 36 84 100 113 137 160 273 309 331 340 388 410 475 495 536 545
j 13
30 58 87 285 319 334 362 391 440 478 507 539 555
l 4
14 103 163 179
r 4
23 105 165 175
s 9
187 279 291 315 325 501 513 551 561
u 3
12 124 148
x 5
235 287 321 509 557
y 5
210 275 311 497 547
0 1 1 1 1 1 1 1 1 1 1 1
1 0 1 1 1 1 1 1 1 1 1 1
1 1 0 1 1 1 1 1 1 1 1 1
1 1 1 0 1 1 1 1 1 1 1 1
1 1 1 1 0 1 1 1 1 1 1 1
1 1 1 1 1 0 1 1 1 1 1 1
1 1 1 1 1 1 0 1 1 1 1 1
1 1 1 1 1 1 1 0 1 1 1 1
1 1 1 1 1 1 1 1 0 1 1 1
1 1 1 1 1 1 1 1 1 0 1 1
1 1 1 1 1 1 1 1 1 1 0 1
1 1 1 1 1 1 1 1 1 1 1 0
