12
i 9
95 343 369 391 400 439 469 548 591
d 1
18
f 3
21 126 150
r 12
6 51 73 82 98 158 282 308 320 504 530 557
n 16
28 36 84 100 113 137 160 265 323 345 354 402 424 487 550 560
p 12
30 58 87 291 333 348 376 405 454 513 553 570
e 4
14 103 163 179
a 4
23 105 165 175
l 9
187 285 314 329 339 507 536 566 576
g 3
12 124 148
o 5
235 293 335 515 572
u 5
210 267 325 489 562
0 1 1 1 1 1 1 1 1 1 1 1
1 0 1 1 1 1 1 1 1 1 1 1
1 1 0 1 1 1 1 1 1 1 1 1
1 1 1 0 1 1 1 1 1 1 1 1
1 1 1 1 0 1 1 1 1 1 1 1
1 1 1 1 1 0 1 1 1 1 1 1
1 1 1 1 1 1 0 1 1 1 1 1
1 1 1 1 1 1 1 0 1 1 1 1
1 1 1 1 1 1 1 1 0 1 1 1
1 1 1 1 1 1 1 1 1 0 1 1
1 1 1 1 1 1 1 1 1 1 0 1
1 1 1 1 1 1 1 1 1 1 1 0
