13
r 1
187
n 2
164 361
e 3
137 176 343
p 11
6 30 58 74 143 152 253 288 315 464 525
o 2
15 76
i 3
43 81 83
k 9
78 91 319 331 348 367 417 468 478
key 1
148
l 7
324 337 354 386 448 473 484
m 13
211 258 296 334 340 351 357 380 399 430 461 481 487
s 8
71 122 169 329 346 476 495 505
t 3
273 322 471
f 3
238 317 466
0 1 1 1 1 1 1 0 1 1 1 1 1
1 0 1 1 1 1 1 0 1 1 1 1 1
1 1 0 1 1 1 1 0 1 1 1 1 1
1 1 1 0 1 1 1 0 1 1 1 1 1
1 1 1 1 0 1 1 0 1 1 1 1 1
1 1 1 1 1 0 1 0 1 1 1 1 1
1 1 1 1 1 1 0 0 1 1 1 1 1
0 0 0 0 0 0 0 0 0 0 0 0 0
1 1 1 1 1 1 1 0 0 1 1 1 1
1 1 1 1 1 1 1 0 1 0 1 1 1
1 1 1 1 1 1 1 0 1 1 0 1 1
1 1 1 1 1 1 1 0 1 1 1 0 1
1 1 1 1 1 1 1 0 1 1 1 1 0
