15
C 3
14 303 526
D 4
16 106 360 792
E 2
18 511
_ 2
12 66
c 2
124 354
g 28
6 33 48 90 97 111 167 199 232 273 306 363 439 480 513 529 543 549 678 684 700 780 797 799 805 815 833 852
i 13
310 321 367 378 517 533 557 568 617 692 704 725 784
j 13
313 338 370 395 520 536 560 585 649 695 707 754 787
key 1
40
l 8
184 279 315 372 522 538 709 789
m 3
465 562 697
n 3
424 555 690
u 8
152 238 308 365 515 531 702 782
x 7
258 349 406 486 596 660 765
y 7
217 332 389 445 579 628 736
0 1 1 1 1 1 1 1 0 1 1 1 1 1 1
1 0 1 1 1 1 1 1 0 1 1 1 1 1 1
1 1 0 1 1 1 1 1 0 1 1 1 1 1 1
1 1 1 0 1 1 1 1 0 1 1 1 1 1 1
1 1 1 1 0 1 1 1 0 1 1 1 1 1 1
1 1 1 1 1 0 1 1 0 1 1 1 1 1 1
1 1 1 1 1 1 0 1 0 1 1 1 1 1 1
1 1 1 1 1 1 1 0 0 1 1 1 1 1 1
0 0 0 0 0 0 0 0 0 0 0 0 0 0 0
1 1 1 1 1 1 1 1 0 0 1 1 1 1 1
1 1 1 1 1 1 1 1 0 1 0 1 1 1 1
1 1 1 1 1 1 1 1 0 1 1 0 1 1 1
1 1 1 1 1 1 1 1 0 1 1 1 0 1 1
1 1 1 1 1 1 1 1 0 1 1 1 1 0 1
1 1 1 1 1 1 1 1 0 1 1 1 1 1 0
