15
r 3
14 303 526
d 4
16 106 360 792
u 2
18 511
q 2
12 66
t 2
124 354
n 28
6 33 48 90 97 111 167 199 232 273 306 363 439 480 513 529 543 549 678 684 700 780 797 799 805 815 833 852
p 13
310 321 367 378 517 533 557 568 617 692 704 725 784
e 13
313 338 370 395 520 536 560 585 649 695 707 754 787
key 1
40
i 8
184 279 315 372 522 538 709 789
a 3
465 562 697
o 3
424 555 690
f 8
152 238 308 365 515 531 702 782
l 7
258 349 406 486 596 660 765
s 7
217 332 389 445 579 628 736
0 1 1 1 1 1 1 1 0 1 1 1 1 1 1
1 0 1 1 1 1 1 1 0 1 1 1 1 1 1
1 1 0 1 1 1 1 1 0 1 1 1 1 1 1
1 1 1 0 1 1 1 1 0 1 1 1 1 1 1
1 1 1 1 0 1 1 1 0 1 1 1 1 1 1
1 1 1 1 1 0 1 1 0 1 1 1 1 1 1
1 1 1 1 1 1 0 1 0 1 1 1 1 1 1
1 1 1 1 1 1 1 0 0 1 1 1 1 1 1
0 0 0 0 0 0 0 0 0 0 0 0 0 0 0
1 1 1 1 1 1 1 1 0 0 1 1 1 1 1
1 1 1 1 1 1 1 1 0 1 0 1 1 1 1
1 1 1 1 1 1 1 1 0 1 1 0 1 1 1
1 1 1 1 1 1 1 1 0 1 1 1 0 1 1
1 1 1 1 1 1 1 1 0 1 1 1 1 0 1
1 1 1 1 1 1 1 1 0 1 1 1 1 1 0
