ARCのケースに対して、list[list[int]] -> list[list[int]] のシグネチャを持つ関数`p`をPythonで実装してください。つまり、`def p(g):...` か `p=lambda g:...`というコードが期待されます。
コードはshortcodingのcompetitionに用いるため、アルゴリズムを工夫してできる限り短いコードを生成するよう努めてください。

Example 0:

Input:
1 0 0 0 0 0 0 0 0 0
0 0 0 0 0 0 0 0 6 0
0 0 0 0 0 0 0 0 0 0
0 0 3 3 0 0 0 0 1 0
0 0 3 3 0 0 0 0 0 0
0 0 0 0 0 0 0 0 0 0
0 0 0 0 0 0 0 6 0 0
0 0 0 0 0 0 6 0 0 0
0 0 6 0 0 0 0 0 0 0
0 0 0 0 1 0 0 0 0 0
Output:
1 0 0 0 0 0 0 0 0 0
0 0 0 0 0 0 0 0 6 0
0 0 0 0 0 0 0 0 0 0
0 0 3 3 1 1 1 1 1 0
0 0 3 3 0 0 0 0 0 0
0 0 6 0 0 0 0 0 0 0
0 0 6 0 0 0 0 6 0 0
0 0 6 0 0 0 6 0 0 0
0 0 6 0 0 0 0 0 0 0
0 0 0 0 1 0 0 0 0 0

Example 1:

Input:
0 7 0 0 0 0 8 0 0 0
0 0 0 0 0 0 0 0 0 0
0 0 0 7 0 3 3 0 0 8
0 0 0 0 0 3 3 0 0 0
0 0 0 0 0 0 0 0 0 0
0 8 0 0 0 0 0 0 0 0
0 0 0 0 0 0 0 0 8 0
0 0 0 8 0 0 0 0 0 0
0 7 0 0 0 0 0 0 0 0
0 0 0 0 0 7 0 0 0 7
Output:
0 7 0 0 0 0 8 0 0 0
0 0 0 0 0 0 8 0 0 0
0 0 0 7 7 3 3 8 8 8
0 0 0 0 0 3 3 0 0 0
0 0 0 0 0 7 0 0 0 0
0 8 0 0 0 7 0 0 0 0
0 0 0 0 0 7 0 0 8 0
0 0 0 8 0 7 0 0 0 0
0 7 0 0 0 7 0 0 0 0
0 0 0 0 0 7 0 0 0 7

Example 2:

Input:
0 0 0 0 0 0 0 0 0 0
0 0 0 0 1 0 0 0 0 0
0 1 0 0 0 0 0 0 0 0
0 0 0 0 0 0 0 0 0 0
0 0 0 0 0 0 0 0 0 0
0 0 0 0 0 0 0 0 0 1
0 0 0 0 3 3 0 0 0 0
0 0 0 0 3 3 0 0 0 0
0 0 0 0 0 0 0 0 0 0
0 1 0 0 0 0 0 0 0 0
Output:
0 0 0 0 0 0 0 0 0 0
0 0 0 0 1 0 0 0 0 0
0 1 0 0 1 0 0 0 0 0
0 0 0 0 1 0 0 0 0 0
0 0 0 0 1 0 0 0 0 0
0 0 0 0 1 0 0 0 0 1
0 0 0 0 3 3 0 0 0 0
0 0 0 0 3 3 0 0 0 0
0 0 0 0 0 0 0 0 0 0
0 1 0 0 0 0 0 0 0 0

Example 3:

Input:
0 0 0 2 0 0 0 0 0 0
2 0 0 0 0 0 0 0 0 0
0 0 0 0 0 0 0 2 0 0
6 0 0 0 0 0 0 0 0 0
0 0 0 0 0 0 0 6 0 0
0 0 0 0 0 0 0 0 0 0
6 0 3 3 0 0 0 0 0 0
0 0 3 3 0 0 0 0 0 0
0 0 0 0 0 0 0 2 0 0
0 0 0 6 0 6 0 0 0 0
Output:
0 0 0 2 0 0 0 0 0 0
2 0 0 2 0 0 0 0 0 0
0 0 0 2 0 0 0 2 0 0
6 0 0 2 0 0 0 0 0 0
0 0 0 2 0 0 0 6 0 0
0 0 0 2 0 0 0 0 0 0
6 6 3 3 0 0 0 0 0 0
0 0 3 3 0 0 0 0 0 0
0 0 0 6 0 0 0 2 0 0
0 0 0 6 0 6 0 0 0 0

Example 4:

Input:
0 0 0 0 0 0 0 0 0 0
0 0 0 7 0 0 0 0 0 0
0 0 0 0 0 0 0 0 0 6
0 0 0 0 6 0 0 0 0 0
0 0 0 0 0 6 0 0 0 0
0 0 0 0 0 0 0 0 0 0
0 0 0 0 0 0 0 0 0 0
0 0 3 3 0 0 0 0 0 0
0 0 3 3 0 0 0 0 0 0
0 0 0 0 0 0 0 0 6 6
Output:
0 0 0 0 0 0 0 0 0 0
0 0 0 7 0 0 0 0 0 0
0 0 0 7 0 0 0 0 0 6
0 0 0 7 6 0 0 0 0 0
0 0 0 7 0 6 0 0 0 0
0 0 0 7 0 0 0 0 0 0
0 0 0 7 0 0 0 0 0 0
0 0 3 3 0 0 0 0 0 0
0 0 3 3 0 0 0 0 0 0
0 0 0 0 0 0 0 0 6 6

Example 5:

Input:
0 0 0 0 0 0 2 2 0 0
0 0 0 0 0 0 0 0 0 0
0 0 0 0 0 0 0 0 0 0
0 0 0 0 0 3 3 0 0 0
0 2 0 0 0 3 3 0 2 0
0 0 0 0 0 0 0 0 0 0
0 0 0 0 0 0 0 2 0 7
0 0 0 0 0 0 0 0 0 0
0 0 0 0 0 0 0 0 0 7
0 0 0 0 0 0 0 0 0 0
Output:
0 0 0 0 0 0 2 2 0 0
0 0 0 0 0 0 2 0 0 0
0 0 0 0 0 0 2 0 0 0
0 0 0 0 0 3 3 0 0 0
0 2 2 2 2 3 3 2 2 0
0 0 0 0 0 0 0 0 0 0
0 0 0 0 0 0 0 2 0 7
0 0 0 0 0 0 0 0 0 0
0 0 0 0 0 0 0 0 0 7
0 0 0 0 0 0 0 0 0 0

Example 6:

Input:
0 0 0 0 0 0 0 0 0 0
0 7 0 0 0 0 0 0 0 0
0 0 0 0 0 0 0 0 0 0
0 0 0 7 0 0 0 0 0 0
0 0 7 0 0 0 0 0 0 0
0 0 0 0 0 0 0 0 0 0
7 0 0 0 0 0 0 0 0 0
0 0 0 0 0 0 3 3 0 7
0 0 0 0 0 0 3 3 0 0
0 0 0 0 0 0 0 0 0 7
Output:
0 0 0 0 0 0 0 0 0 0
0 7 0 0 0 0 0 0 0 0
0 0 0 0 0 0 0 0 0 0
0 0 0 7 0 0 0 0 0 0
0 0 7 0 0 0 0 0 0 0
0 0 0 0 0 0 0 0 0 0
7 0 0 0 0 0 0 0 0 0
0 0 0 0 0 0 3 3 7 7
0 0 0 0 0 0 3 3 0 0
0 0 0 0 0 0 0 0 0 7

Example 7:

Input:
0 0 0 0 7 0 0 0 0 0
0 0 0 4 0 0 0 0 4 0
0 0 0 0 0 0 0 0 0 0
0 0 0 0 0 0 0 0 0 0
0 0 0 0 0 0 4 4 4 0
0 0 0 0 0 0 0 0 0 0
0 0 0 0 0 0 0 0 0 0
0 0 0 0 0 3 3 0 0 0
0 0 0 0 0 3 3 0 0 0
0 7 0 0 0 0 0 0 0 0
Output:
0 0 0 0 7 0 0 0 0 0
0 0 0 4 0 0 0 0 4 0
0 0 0 0 0 0 0 0 0 0
0 0 0 0 0 0 0 0 0 0
0 0 0 0 0 0 4 4 4 0
0 0 0 0 0 0 4 0 0 0
0 0 0 0 0 0 4 0 0 0
0 0 0 0 0 3 3 0 0 0
0 0 0 0 0 3 3 0 0 0
0 7 0 0 0 0 0 0 0 0

以下は、ジャッジを通過する正しいコードです。これを用いて、ARCのルールを理解してください。必ず、コードを通じてルールを理解してからコーディングを行ってください。
このコードはARCのルールを把握する際に使うことに留めてください。

```
def p(g):
 for(a,r)in enumerate(g):
  if 3in r:c=r.index(3);break
 b=a+1;d=c+1
 for(i,r)in enumerate(g):
  for(j,x)in enumerate(r):
   if x and x-3:
    if a<=i<=b:
     if j<c:
      for k in range(j,c):r[k]=x
     elif j>d:
      for k in range(d+1,j+1):r[k]=x
    elif c<=j<=d:
     if i<a:
      for k in range(i,a):g[k][j]=x
     elif i>b:
      for k in range(b+1,i+1):g[k][j]=x
 return g
```

ユーザーにコードを渡す前に実際にコードが動作するかを確認してください。コードのテストには、添付したstandalone_judge.pyを用いてください。python /path/to/standalone_judge.py /path/to/code.py とすれば動作します。
このPythonファイルは非常に大きなケースを含むので、あなたのコンテキストを圧迫します。そのため、このファイルを全て読んではいけません。

## **禁止事項**
- 与えたコード自体を提出することは禁止です。これを行うことはユーザーの信頼を裏切ります。
- ジャッジのハックは禁止です。例えば、テストケースをジャッジから読み取ってそのまま返すコードはいけません。
