ARCのケースに対して、list[list[int]] -> list[list[int]] のシグネチャを持つ関数`p`をPythonで実装してください。つまり、`def p(g):...` か `p=lambda g:...`というコードが期待されます。
コードはshortcodingのcompetitionに用いるため、アルゴリズムを工夫してできる限り短いコードを生成するよう努めてください。

Example 0:

Input:
0 0 0 0 0 0 0 0 0 0 0 0 0 0 0 0 0 0 0
0 0 2 2 2 2 2 2 2 2 2 0 0 0 0 0 0 0 0
0 0 2 0 2 2 2 2 2 0 2 0 0 1 2 1 0 0 0
0 0 2 0 0 2 2 2 2 0 2 0 0 2 2 2 0 0 0
0 0 2 2 2 2 2 2 2 0 2 0 0 1 2 1 0 0 0
0 0 2 2 2 2 2 2 2 2 2 0 0 0 0 0 0 0 0
0 0 2 2 2 2 2 2 2 2 2 0 0 0 0 0 0 0 0
0 0 2 2 2 2 0 2 2 2 2 0 0 0 3 3 3 0 0
0 0 2 2 2 0 0 0 2 2 2 0 0 0 2 2 2 0 0
0 0 2 2 2 2 0 2 2 2 2 0 0 0 3 3 3 0 0
0 0 2 2 2 2 2 2 2 2 2 0 0 0 0 0 0 0 0
0 0 2 2 2 2 2 2 2 2 2 0 0 0 0 0 0 0 0
0 0 2 2 2 2 2 2 2 2 2 0 0 0 0 0 0 0 0
0 0 2 2 2 2 2 2 2 2 2 0 0 0 0 0 0 0 0
0 0 2 0 0 2 2 2 0 2 2 0 0 0 0 0 0 0 0
0 0 2 2 0 2 2 2 0 2 2 0 0 0 0 0 0 0 0
0 0 2 0 0 2 2 0 0 0 2 0 0 0 0 0 0 0 0
0 0 2 2 2 2 2 2 2 2 2 0 0 0 8 8 8 0 0
0 0 0 0 0 0 0 0 0 0 0 0 0 0 2 8 2 0 0
0 0 0 0 0 0 0 0 0 0 0 0 0 0 2 2 2 0 0
0 0 0 4 4 4 0 0 5 5 2 0 0 0 0 0 0 0 0
0 0 0 4 2 4 0 0 2 2 2 0 0 0 0 0 0 0 0
0 0 0 2 2 4 0 0 5 5 2 0 0 0 0 0 0 0 0
0 0 0 0 0 0 0 0 0 0 0 0 0 0 0 0 0 0 0
Output:
2 2 2 2 2 2 2 2 2
2 2 4 4 2 2 3 2 3
2 2 2 4 2 2 3 2 3
2 4 4 4 2 2 3 2 3
2 2 2 2 2 2 2 2 2
2 2 2 2 2 2 2 2 2
2 2 2 1 2 1 2 2 2
2 2 2 2 2 2 2 2 2
2 2 2 1 2 1 2 2 2
2 2 2 2 2 2 2 2 2
2 2 2 2 2 2 2 2 2
2 2 2 2 2 2 2 2 2
2 2 2 2 2 2 2 2 2
8 2 2 2 2 5 2 5 2
8 8 2 2 2 5 2 5 2
8 2 2 2 2 2 2 2 2
2 2 2 2 2 2 2 2 2

Example 1:

Input:
0 0 0 0 0 0 0 0 0 0
0 2 2 2 2 2 2 2 2 0
0 2 2 0 2 2 2 2 2 0
0 2 0 0 0 2 2 2 2 0
0 2 2 2 2 2 2 2 2 0
0 2 2 2 2 0 0 2 2 0
0 2 2 2 2 0 2 0 2 0
0 2 2 2 2 2 0 0 2 0
0 2 2 2 2 2 2 2 2 0
0 0 0 0 0 0 0 0 0 0
0 0 0 0 0 0 0 0 0 0
0 4 2 4 0 0 0 0 0 0
0 2 2 4 0 0 0 0 0 0
0 4 2 4 0 2 2 3 0 0
0 0 0 0 0 2 3 2 0 0
0 0 0 0 0 3 2 2 0 0
0 0 0 0 0 0 0 0 0 0
0 0 0 0 0 0 0 0 0 0
0 0 0 0 0 0 0 0 0 0
0 0 0 0 0 0 0 0 0 0
Output:
2 2 2 2 2 2 2 2
2 4 2 4 2 2 2 2
2 2 2 2 2 2 2 2
2 4 4 4 2 2 2 2
2 2 2 2 2 2 3 2
2 2 2 2 2 3 2 2
2 2 2 2 3 2 2 2
2 2 2 2 2 2 2 2

Example 2:

Input:
0 0 0 0 0 0 0 0 0 0 0 0
0 0 0 0 0 8 2 8 0 0 0 0
0 0 0 0 0 2 2 2 0 0 0 0
0 0 0 0 0 8 2 8 0 0 0 0
0 0 0 0 0 0 0 0 0 0 0 0
0 0 0 0 0 0 0 0 0 0 0 0
0 2 2 2 2 2 2 2 2 2 0 0
0 2 2 2 2 2 2 2 2 2 0 0
0 2 2 2 0 2 2 2 2 2 0 0
0 2 2 0 0 0 2 2 2 2 0 0
0 2 2 2 0 2 2 2 2 2 0 0
0 2 2 2 2 2 2 2 2 2 0 0
0 2 2 2 2 2 2 2 2 2 0 0
0 2 2 2 2 2 2 2 2 2 0 0
0 2 2 2 2 2 2 2 2 2 0 0
0 0 0 0 0 0 0 0 0 0 0 0
Output:
2 2 2 2 2 2 2 2 2
2 2 2 2 2 2 2 2 2
2 2 8 2 8 2 2 2 2
2 2 2 2 2 2 2 2 2
2 2 8 2 8 2 2 2 2
2 2 2 2 2 2 2 2 2
2 2 2 2 2 2 2 2 2
2 2 2 2 2 2 2 2 2
2 2 2 2 2 2 2 2 2

Example 3:

Input:
0 0 0 0 0 0 0 0 0 0 0 0 0 0 0
0 0 2 2 2 2 2 2 2 2 2 2 2 2 0
0 0 2 0 2 2 2 2 0 2 2 2 0 2 0
0 0 2 0 0 2 2 0 0 2 2 2 2 2 0
0 0 2 2 0 0 2 2 0 2 2 2 2 2 0
0 0 2 2 2 2 2 2 2 2 2 2 2 2 0
0 0 2 2 2 2 2 2 2 2 2 2 2 2 0
0 0 2 2 2 2 2 2 2 0 0 0 2 2 0
0 0 2 2 2 2 2 2 2 2 2 2 2 2 0
0 0 0 0 0 0 0 0 0 0 0 0 0 0 0
0 0 0 0 0 0 0 0 0 0 0 0 0 0 0
0 1 1 1 0 0 0 0 2 3 3 0 0 0 0
0 1 2 1 0 0 0 0 2 2 3 0 0 0 0
0 1 1 1 0 0 0 0 2 3 3 0 0 0 0
0 0 0 0 0 0 0 0 0 0 0 0 0 0 0
0 0 0 0 0 0 0 0 0 0 0 8 8 2 0
0 0 0 4 2 4 0 0 0 0 0 8 2 2 0
0 0 0 4 2 4 0 0 0 0 0 2 2 8 0
0 0 0 4 2 4 0 0 0 0 0 0 0 0 0
Output:
2 2 2 2 2 2 2 2 2 1 1 1
2 2 8 8 3 3 2 2 2 1 2 1
2 2 2 8 3 2 2 2 2 1 1 1
2 8 2 2 3 3 2 2 2 2 2 2
2 2 2 2 2 2 2 2 2 2 2 2
2 2 2 2 2 2 2 4 4 4 2 2
2 2 2 2 2 2 2 2 2 2 2 2
2 2 2 2 2 2 2 4 4 4 2 2

Example 4:

Input:
0 0 0 0 0 0 0 0 0 0 0 0 0 0 0 0 0 0 0 0 0 0 0 0 0 0 0 0 0
0 0 0 0 0 2 2 9 0 0 0 0 0 0 0 0 0 0 0 0 0 0 0 0 0 0 0 0 0
0 3 2 3 0 9 2 2 0 0 0 0 0 0 0 0 0 0 0 0 0 0 2 2 6 0 0 0 0
0 2 3 2 0 9 9 2 0 0 0 0 0 0 0 0 0 0 0 0 0 0 2 2 2 0 0 0 0
0 3 3 2 0 0 0 0 0 0 0 0 0 0 0 0 0 0 0 0 0 0 2 2 2 0 0 0 0
0 0 0 0 0 0 0 0 0 0 0 0 0 0 0 0 0 0 0 0 0 0 0 0 0 0 0 0 0
0 0 0 0 0 0 0 0 0 0 0 0 0 0 0 0 0 0 0 0 0 0 0 0 0 0 0 0 0
0 0 0 0 0 0 0 0 0 0 0 0 0 0 0 0 0 0 0 0 0 0 0 0 0 0 0 0 0
0 0 2 2 7 0 0 0 2 2 2 2 2 2 2 2 2 2 2 2 2 2 2 2 2 2 2 2 0
0 0 2 2 7 0 0 0 2 2 2 2 2 2 2 2 2 2 2 2 2 2 2 2 2 2 2 2 0
0 0 7 2 2 0 0 0 2 2 2 2 2 2 0 2 2 2 2 2 2 2 2 2 2 2 2 2 0
0 0 0 0 0 0 0 0 2 2 2 2 2 0 2 0 2 0 0 2 2 2 2 0 0 2 2 2 0
0 0 0 0 0 0 0 0 2 2 2 2 2 2 2 0 2 0 0 0 2 2 2 0 0 2 2 2 0
0 0 0 0 0 0 0 0 2 2 2 2 2 2 2 2 2 0 0 0 2 2 2 2 0 0 2 2 0
0 0 0 0 0 0 0 0 2 2 2 2 2 2 2 2 2 2 2 2 2 2 2 2 2 2 2 2 0
0 0 0 0 0 0 0 0 2 2 2 2 2 2 2 0 0 0 2 2 2 2 2 2 0 0 2 2 0
0 0 0 0 0 0 0 0 2 2 2 2 2 2 2 0 2 0 2 2 2 2 2 2 2 0 0 2 0
0 0 0 0 0 0 0 0 2 2 2 2 2 2 2 2 0 0 2 2 2 2 2 2 2 2 0 2 0
0 0 0 0 0 0 0 0 2 2 2 2 2 2 2 2 2 2 2 2 2 2 2 2 2 2 2 2 0
0 0 0 0 0 0 0 0 2 2 2 2 2 2 2 2 2 2 2 2 2 2 2 2 2 2 2 2 0
0 0 0 0 0 0 0 0 2 2 2 2 2 2 2 2 2 2 2 2 2 2 2 2 2 2 2 2 0
0 0 0 0 2 2 2 0 2 2 2 2 2 2 2 2 2 2 2 2 2 2 2 2 2 2 2 2 0
0 0 0 0 2 5 2 0 2 2 2 2 2 2 2 2 2 2 2 2 2 2 2 2 2 2 2 2 0
0 0 0 0 5 2 2 0 2 2 2 2 2 2 2 2 2 2 2 2 2 2 2 2 2 2 2 2 0
0 0 0 0 0 0 0 0 2 2 2 2 2 2 2 2 2 2 2 2 2 2 2 2 2 2 2 2 0
0 0 0 0 0 0 0 0 2 2 2 2 2 2 2 2 2 2 2 2 2 2 2 2 2 2 2 2 0
0 0 0 0 0 0 0 0 0 0 0 0 0 0 0 0 0 0 0 0 0 0 0 0 0 0 0 0 0
Output:
2 2 2 2 2 2 2 2 2 2 2 2 2 2 2 2 2 2 2 2
2 2 2 2 2 2 2 2 2 2 2 2 2 2 2 2 2 2 2 2
2 2 2 2 2 3 2 3 2 2 2 2 2 2 2 2 2 2 2 2
2 2 2 2 2 2 3 2 2 2 2 6 2 2 2 2 2 7 2 2
2 2 2 2 2 3 3 2 2 2 2 2 2 2 2 2 2 7 2 2
2 2 2 2 2 2 2 2 2 2 2 2 2 2 2 7 2 2 2 2
2 2 2 2 2 2 2 2 2 2 2 2 2 2 2 2 2 2 2 2
2 2 2 2 2 2 2 2 2 2 2 2 2 2 2 2 2 2 9 2
2 2 2 2 2 2 2 2 5 2 2 2 2 2 2 2 9 2 2 2
2 2 2 2 2 2 2 5 2 2 2 2 2 2 2 2 9 9 2 2
2 2 2 2 2 2 2 2 2 2 2 2 2 2 2 2 2 2 2 2
2 2 2 2 2 2 2 2 2 2 2 2 2 2 2 2 2 2 2 2
2 2 2 2 2 2 2 2 2 2 2 2 2 2 2 2 2 2 2 2
2 2 2 2 2 2 2 2 2 2 2 2 2 2 2 2 2 2 2 2
2 2 2 2 2 2 2 2 2 2 2 2 2 2 2 2 2 2 2 2
2 2 2 2 2 2 2 2 2 2 2 2 2 2 2 2 2 2 2 2
2 2 2 2 2 2 2 2 2 2 2 2 2 2 2 2 2 2 2 2
2 2 2 2 2 2 2 2 2 2 2 2 2 2 2 2 2 2 2 2

Example 5:

Input:
0 0 0 0 0 0 0 0 0 0 0 0 0 0 0 0 0 0 0 0 0 0 0 0 0
0 0 0 0 0 0 0 0 0 0 0 0 0 0 0 0 0 0 0 0 0 0 0 0 0
0 0 0 0 0 0 0 0 0 0 0 0 0 0 0 0 0 0 0 0 8 8 2 0 0
0 0 0 0 0 0 0 0 0 0 0 0 0 0 0 0 0 0 0 0 2 8 8 0 0
0 2 2 2 2 2 2 2 2 2 2 2 2 2 2 2 2 0 0 0 2 2 2 0 0
0 2 2 2 2 2 2 2 2 2 2 2 2 2 2 2 2 0 0 0 0 0 0 0 0
0 2 2 2 2 2 2 2 2 2 2 2 0 2 2 2 2 0 0 0 0 0 0 0 0
0 2 2 2 2 2 2 2 2 2 0 2 2 2 2 2 2 0 0 0 0 0 0 0 0
0 2 2 2 2 2 2 2 2 2 0 0 0 2 2 2 2 0 0 0 0 0 0 0 0
0 2 2 2 2 2 2 2 2 2 2 2 2 2 2 2 2 0 0 0 0 0 0 0 0
0 2 2 2 2 2 2 2 2 2 2 2 2 2 2 2 2 0 0 0 0 0 0 0 0
0 2 2 2 2 2 2 2 2 2 2 2 2 2 2 2 2 0 0 0 0 0 0 0 0
0 0 0 0 0 0 0 0 0 0 0 0 0 0 0 0 0 0 0 0 0 0 0 0 0
Output:
2 2 2 2 2 2 2 2 2 2 2 2 2 2 2 2
2 2 2 2 2 2 2 2 2 2 2 2 2 2 2 2
2 2 2 2 2 2 2 2 2 8 8 2 2 2 2 2
2 2 2 2 2 2 2 2 2 2 8 8 2 2 2 2
2 2 2 2 2 2 2 2 2 2 2 2 2 2 2 2
2 2 2 2 2 2 2 2 2 2 2 2 2 2 2 2
2 2 2 2 2 2 2 2 2 2 2 2 2 2 2 2
2 2 2 2 2 2 2 2 2 2 2 2 2 2 2 2

Example 6:

Input:
0 0 0 0 0 0 0 0 0 0 0 0 0 0 0 0 0 0 0 0 0 0 0 0 0
0 0 0 0 0 0 0 0 0 0 0 0 0 0 0 0 0 0 0 0 0 0 0 0 0
0 0 0 0 0 0 0 0 0 0 0 0 0 0 0 0 0 0 0 0 0 0 0 0 0
0 0 0 0 0 0 0 0 0 0 0 0 0 0 0 0 0 0 0 0 0 0 0 0 0
0 0 0 0 0 0 0 0 0 0 2 2 2 0 0 0 0 0 0 0 0 0 2 3 2
0 0 0 0 2 2 2 0 0 0 2 2 1 0 0 0 0 0 0 0 0 0 2 3 2
0 0 0 0 4 4 4 0 0 0 2 2 2 0 0 0 0 0 0 0 0 0 3 3 2
0 0 0 0 4 4 2 0 0 0 0 0 0 0 0 0 0 0 0 0 0 0 0 0 0
0 0 0 0 0 0 0 0 0 0 0 0 0 0 0 0 0 0 0 0 0 0 0 0 0
0 0 2 2 2 2 2 2 2 2 2 2 2 2 2 2 2 2 0 0 0 0 0 0 0
0 0 2 2 2 2 2 2 2 2 2 2 2 2 2 2 2 2 0 0 0 0 0 0 0
0 0 2 2 2 2 2 2 2 2 2 2 2 2 2 2 2 2 0 0 0 0 0 0 0
0 0 2 2 2 2 2 2 2 2 2 2 2 2 2 2 2 2 0 0 0 0 0 0 0
0 0 2 2 2 2 2 2 2 2 2 2 2 2 2 2 2 2 0 0 0 0 0 0 0
0 0 2 2 2 2 2 2 2 0 2 0 2 2 2 2 2 2 0 0 0 0 0 0 0
0 0 2 2 2 2 2 2 2 0 2 0 2 2 2 2 2 2 0 0 0 0 0 0 0
0 0 2 2 2 2 2 2 2 2 2 0 2 2 2 2 2 2 0 0 0 0 0 0 0
0 0 2 2 2 2 2 2 2 2 2 2 2 2 0 0 0 2 0 0 0 0 0 0 0
0 0 2 2 2 2 2 2 2 2 2 2 2 2 2 2 2 2 0 0 0 0 0 0 0
0 0 2 2 2 2 2 2 2 2 2 2 2 2 2 2 0 2 0 0 0 0 0 0 0
0 0 2 2 2 2 2 2 2 2 2 2 0 0 0 2 2 2 0 0 0 0 0 0 0
0 0 2 2 2 2 2 2 2 2 2 2 0 0 2 2 2 2 0 0 0 0 0 0 0
0 0 2 2 2 2 2 2 2 2 2 2 0 0 0 2 2 2 0 0 0 0 0 0 0
0 0 2 2 2 2 2 2 2 2 2 2 2 2 2 2 2 2 0 0 0 0 0 0 0
0 0 2 2 2 2 2 2 2 2 2 2 2 2 2 2 2 2 0 0 0 0 0 0 0
0 0 2 2 2 2 2 2 2 2 2 2 2 2 2 2 2 2 0 0 0 0 0 0 0
0 0 2 2 2 2 2 2 2 2 2 2 2 2 2 2 2 2 0 0 0 0 0 0 0
0 0 2 2 2 2 2 2 2 2 2 2 2 2 2 2 2 2 0 0 0 0 0 0 0
0 0 0 0 0 0 0 0 0 0 0 0 0 0 0 0 0 0 0 0 0 0 0 0 0
Output:
2 2 2 2 2 2 2 2 2 2 2 2 2 2 2 2
2 2 2 2 2 2 2 2 2 2 2 2 2 2 2 2
2 2 2 2 2 2 2 2 2 2 2 2 2 2 2 2
2 2 2 2 2 2 2 2 2 2 2 2 2 2 2 2
2 2 2 2 2 2 2 2 2 2 2 2 2 2 2 2
2 2 2 2 2 2 2 2 3 2 2 2 2 2 2 2
2 2 2 2 2 2 2 2 3 2 2 2 2 2 2 2
2 2 2 2 2 2 2 3 3 2 2 2 2 2 2 2
2 2 2 2 2 2 2 2 2 2 2 2 2 2 2 2
2 2 2 2 2 2 2 2 2 2 2 2 4 4 4 2
2 2 2 2 2 2 2 2 2 2 2 2 4 4 2 2
2 2 2 2 2 2 2 2 2 2 2 2 2 2 2 2
2 2 2 2 2 2 2 2 2 2 2 2 1 2 2 2
2 2 2 2 2 2 2 2 2 2 2 2 2 2 2 2
2 2 2 2 2 2 2 2 2 2 2 2 2 2 2 2
2 2 2 2 2 2 2 2 2 2 2 2 2 2 2 2
2 2 2 2 2 2 2 2 2 2 2 2 2 2 2 2
2 2 2 2 2 2 2 2 2 2 2 2 2 2 2 2
2 2 2 2 2 2 2 2 2 2 2 2 2 2 2 2

Example 7:

Input:
0 0 0 0 0 0 0 0 0 0 0 0 0 0 0 0 0 0 0 0 0 0 0 0 0
0 0 0 0 0 0 0 0 0 0 0 0 0 0 0 0 0 0 0 0 0 0 0 0 0
0 0 0 0 0 0 0 0 0 0 0 0 8 2 2 0 0 0 0 0 0 0 0 0 0
0 0 0 0 0 0 0 0 0 0 0 0 8 8 2 0 0 3 2 3 0 0 0 0 0
0 0 0 0 0 0 0 0 0 0 0 0 2 2 2 0 0 2 2 3 0 0 0 0 0
0 0 0 0 0 0 0 0 0 0 0 0 0 0 0 0 0 3 2 3 0 0 0 0 0
0 0 0 0 0 0 0 0 0 0 0 0 0 0 0 0 0 0 0 0 0 0 0 0 0
0 0 0 0 0 0 0 0 2 2 2 2 2 2 2 2 2 2 2 2 2 2 2 0 0
9 2 2 0 0 0 0 0 2 2 2 2 2 2 2 2 2 0 2 2 2 2 2 0 0
2 2 2 0 0 0 0 0 2 2 2 0 0 0 2 2 0 0 2 2 2 2 2 0 0
9 2 2 0 0 0 0 0 2 2 2 2 0 0 2 2 2 0 2 2 2 2 2 0 0
0 0 0 0 0 0 0 0 2 2 2 0 0 0 2 2 2 2 2 2 2 2 2 0 0
0 0 0 0 0 0 0 0 2 2 2 2 2 2 2 2 2 2 2 2 2 2 2 0 0
0 0 0 0 0 0 0 0 2 2 2 2 2 2 2 2 2 2 2 2 2 2 2 0 0
0 0 2 2 2 0 0 0 2 2 2 2 2 2 2 2 2 2 2 2 2 2 2 0 0
0 0 1 2 2 0 0 0 2 2 2 2 2 2 2 2 2 2 2 2 2 2 2 0 0
0 0 2 2 2 0 0 0 2 2 0 0 2 2 2 2 2 2 2 2 2 2 2 0 0
0 0 0 0 0 0 0 0 2 0 0 0 2 2 2 2 2 2 2 2 0 0 2 0 0
0 0 0 0 0 0 0 0 2 2 0 0 2 2 2 2 2 2 2 2 2 0 2 0 0
0 0 0 0 0 0 0 0 2 2 2 2 2 2 2 2 2 2 2 0 0 0 2 0 0
0 0 0 0 0 0 0 0 2 2 2 2 2 2 2 2 2 2 2 2 2 2 2 0 0
0 0 0 0 0 0 0 0 2 2 2 2 2 2 2 2 2 2 2 2 2 2 2 0 0
0 0 0 0 0 0 0 0 2 2 2 2 2 2 2 2 2 2 2 2 2 2 2 0 0
0 0 0 0 0 0 0 0 2 2 2 2 2 2 2 2 2 2 2 2 2 2 2 0 0
0 0 0 0 0 0 0 0 2 2 2 2 2 2 2 2 2 2 2 2 2 2 2 0 0
0 0 0 0 0 0 0 0 2 2 2 2 2 2 2 2 2 2 2 2 2 2 2 0 0
0 0 0 0 0 0 0 0 0 0 0 0 0 0 0 0 0 0 0 0 0 0 0 0 0
Output:
2 2 2 2 2 2 2 2 2 2 2 2 2 2 2
2 2 2 2 2 2 2 2 3 2 3 2 2 2 2
2 2 2 2 2 2 2 2 2 2 3 2 2 2 2
2 2 2 1 2 2 2 2 3 2 3 2 2 2 2
2 2 2 2 2 2 2 2 2 2 2 2 2 2 2
2 2 2 2 2 2 2 2 2 2 2 2 2 2 2
2 2 2 2 2 2 2 2 2 2 2 2 2 2 2
2 2 2 2 2 2 2 2 2 2 2 2 2 2 2
2 2 2 2 2 2 2 2 2 2 2 2 2 2 2
2 9 2 2 2 2 2 2 2 2 2 2 2 2 2
2 2 2 2 2 2 2 2 2 2 2 8 2 2 2
2 9 2 2 2 2 2 2 2 2 2 8 8 2 2
2 2 2 2 2 2 2 2 2 2 2 2 2 2 2
2 2 2 2 2 2 2 2 2 2 2 2 2 2 2
2 2 2 2 2 2 2 2 2 2 2 2 2 2 2
2 2 2 2 2 2 2 2 2 2 2 2 2 2 2
2 2 2 2 2 2 2 2 2 2 2 2 2 2 2
2 2 2 2 2 2 2 2 2 2 2 2 2 2 2
2 2 2 2 2 2 2 2 2 2 2 2 2 2 2

以下は、ジャッジを通過する正しいコードです。これを用いて、ARCのルールを理解してください。必ず、コードを通じてルールを理解してからコーディングを行ってください。
このコードはARCのルールを把握する際に使うことに留めてください。

```
def p(g):
 for u in range(len(g)):
  for l in range(len(g[0])):
   r=[*g[u],0].index(0,l);d=[*(g[k][l]for k in range(len(g))),0].index(0,u)
   if g[u][l]==2and r-l>5<d-u:
    t=[s[l:r]for s in g[u:d]]
    for _ in range(8):
     for i in range(len(g)-2):
      for j in range(len(g[0])-2):
       for y in range(len(t)-2):
        for x in range(len(t[0])-2):
         if all(g[i+k][j+m]==2if t[y+k][x+m]==0else g[i+k][j+m]|2!=2for k in range(3)for m in range(3))*(y<1or 0!=t[y-1][x+1])*(y+4>len(t)or 0!=t[y+3][x+1]):
          for k in range(3):
           for m in range(3):t[y+k][x+m]=g[i+k][j+m];g[i+k][j+m]=0
     *t,=map(list,zip(*t[::-1]))
    return t
```

ユーザーにコードを渡す前に実際にコードが動作するかを確認してください。コードのテストには、添付したjudge.pyを用いてください。python /path/to/judge.py /path/to/code.py /path/to/cases.bin とすれば動作します。

## **禁止事項**
- 与えたコード自体を提出することは禁止です。これを行うことはユーザーの信頼を裏切ります。
- ジャッジのハックは禁止です。例えば、テストケースをジャッジから読み取ってそのまま返すコードはいけません。
