ARCのケースに対して、list[list[int]] -> list[list[int]] のシグネチャを持つ関数`p`をPythonで実装してください。つまり、`def p(g):...` か `p=lambda g:...`というコードが期待されます。
コードはshortcodingのcompetitionに用いるため、アルゴリズムを工夫してできる限り短いコードを生成するよう努めてください。

Example 0:

Input:
0 0 0 0 0 0 0 0 6 6 5 5 0 1 0 0 0 0 1 0 5 5 6 6 0 0 0 0 0 0
0 0 0 0 0 5 0 0 6 6 5 0 1 0 0 7 7 0 0 1 0 5 6 6 0 0 5 0 0 0
0 0 7 7 0 0 0 7 5 5 4 0 0 0 0 0 0 0 0 0 0 4 5 5 7 0 0 0 7 7
0 0 7 7 0 0 7 0 5 0 0 4 0 7 0 2 2 0 7 0 4 0 0 5 0 7 0 0 7 7
0 0 0 0 0 0 0 0 0 1 0 0 7 0 4 0 0 4 0 7 0 0 1 0 0 0 0 0 0 0
0 5 0 0 0 0 0 0 1 0 0 7 0 7 0 0 0 0 7 0 7 0 9 9 9 9 9 9 9 9
0 0 0 7 0 0 3 0 0 0 0 0 4 0 8 0 0 8 0 4 0 0 9 9 9 9 9 9 9 9
0 0 7 0 0 0 0 0 0 7 0 2 0 0 0 0 0 0 0 0 2 0 9 9 9 9 9 9 9 9
9 9 9 9 9 9 9 0 0 0 4 0 0 0 0 0 0 0 0 0 0 4 9 9 9 9 9 9 9 9
9 9 9 9 9 9 9 7 0 8 0 0 9 9 9 9 9 9 9 0 0 0 9 9 9 9 9 9 9 9
9 9 9 9 9 9 9 0 4 0 0 5 9 9 9 9 9 9 9 0 5 0 9 9 9 9 9 9 9 9
5 0 0 4 0 7 0 2 0 0 5 0 9 9 9 9 9 9 9 0 0 5 9 9 9 9 9 9 4 0
0 1 0 0 7 0 4 0 0 0 0 0 9 9 9 9 9 9 9 1 0 0 9 9 9 9 9 9 0 0
1 0 0 7 0 7 0 0 0 0 0 0 9 9 9 9 9 9 9 0 0 0 0 0 0 0 7 0 7 0
0 0 0 0 4 0 8 0 0 0 0 7 9 9 9 9 9 9 9 0 7 0 0 0 0 8 0 4 0 0
0 7 0 2 0 0 0 0 0 0 7 0 1 1 0 1 1 0 1 1 0 7 0 0 0 0 0 0 2 0
0 7 0 2 0 0 0 0 0 0 7 0 1 1 0 1 1 0 1 1 0 7 0 0 0 0 0 0 2 0
0 0 0 0 4 0 8 0 0 0 0 7 0 1 1 0 0 1 1 0 7 0 0 0 0 8 0 4 0 0
1 0 0 7 0 7 0 0 0 0 0 0 0 0 1 1 1 1 0 0 0 0 0 0 0 0 7 0 7 0
0 1 0 0 7 0 4 0 0 0 0 0 1 0 0 1 1 0 0 1 0 0 0 0 0 4 0 7 0 0
5 0 0 4 0 7 0 2 0 0 5 0 0 0 7 0 0 7 0 0 0 5 0 0 2 0 7 0 4 0
5 5 4 0 0 0 0 0 4 0 0 5 0 0 0 7 7 0 0 0 5 0 0 4 0 0 0 0 0 4
6 6 5 0 1 0 0 7 0 8 0 0 0 0 0 0 0 0 0 0 0 0 8 0 7 0 0 1 0 5
6 6 5 5 0 1 0 0 0 0 4 0 0 0 0 0 0 0 0 0 0 4 0 0 0 0 1 0 5 5
0 0 7 0 0 0 0 0 0 7 0 2 0 0 0 0 0 0 0 0 2 0 7 0 0 0 0 0 0 7
0 0 0 7 0 0 3 0 0 0 0 0 4 0 8 0 0 8 0 4 0 0 0 0 0 3 0 0 7 0
0 5 0 0 0 0 0 0 1 0 0 7 0 7 0 0 0 0 7 0 7 0 0 1 0 0 0 0 0 0
0 0 0 0 0 0 0 0 0 1 0 0 7 0 4 0 0 4 0 7 0 0 1 0 0 0 0 0 0 0
0 0 7 7 0 0 7 0 5 0 0 4 0 7 0 2 2 0 7 0 4 0 0 5 0 7 0 0 7 7
0 0 7 7 0 0 0 7 5 5 4 0 0 0 0 0 0 0 0 0 0 4 5 5 7 0 0 0 7 7
Output:
0 0 0 0 0 0 0 0 6 6 5 5 0 1 0 0 0 0 1 0 5 5 6 6 0 0 0 0 0 0
0 0 0 0 0 5 0 0 6 6 5 0 1 0 0 7 7 0 0 1 0 5 6 6 0 0 5 0 0 0
0 0 7 7 0 0 0 7 5 5 4 0 0 0 0 0 0 0 0 0 0 4 5 5 7 0 0 0 7 7
0 0 7 7 0 0 7 0 5 0 0 4 0 7 0 2 2 0 7 0 4 0 0 5 0 7 0 0 7 7
0 0 0 0 0 0 0 0 0 1 0 0 7 0 4 0 0 4 0 7 0 0 1 0 0 0 0 0 0 0
0 5 0 0 0 0 0 0 1 0 0 7 0 7 0 0 0 0 7 0 7 0 0 1 0 0 0 0 0 0
0 0 0 7 0 0 3 0 0 0 0 0 4 0 8 0 0 8 0 4 0 0 0 0 0 3 0 0 7 0
0 0 7 0 0 0 0 0 0 7 0 2 0 0 0 0 0 0 0 0 2 0 7 0 0 0 0 0 0 7
6 6 5 5 0 1 0 0 0 0 4 0 0 0 0 0 0 0 0 0 0 4 0 0 0 0 1 0 5 5
6 6 5 0 1 0 0 7 0 8 0 0 0 0 0 0 0 0 0 0 0 0 8 0 7 0 0 1 0 5
5 5 4 0 0 0 0 0 4 0 0 5 0 0 0 7 7 0 0 0 5 0 0 4 0 0 0 0 0 4
5 0 0 4 0 7 0 2 0 0 5 0 0 0 7 0 0 7 0 0 0 5 0 0 2 0 7 0 4 0
0 1 0 0 7 0 4 0 0 0 0 0 1 0 0 1 1 0 0 1 0 0 0 0 0 4 0 7 0 0
1 0 0 7 0 7 0 0 0 0 0 0 0 0 1 1 1 1 0 0 0 0 0 0 0 0 7 0 7 0
0 0 0 0 4 0 8 0 0 0 0 7 0 1 1 0 0 1 1 0 7 0 0 0 0 8 0 4 0 0
0 7 0 2 0 0 0 0 0 0 7 0 1 1 0 1 1 0 1 1 0 7 0 0 0 0 0 0 2 0
0 7 0 2 0 0 0 0 0 0 7 0 1 1 0 1 1 0 1 1 0 7 0 0 0 0 0 0 2 0
0 0 0 0 4 0 8 0 0 0 0 7 0 1 1 0 0 1 1 0 7 0 0 0 0 8 0 4 0 0
1 0 0 7 0 7 0 0 0 0 0 0 0 0 1 1 1 1 0 0 0 0 0 0 0 0 7 0 7 0
0 1 0 0 7 0 4 0 0 0 0 0 1 0 0 1 1 0 0 1 0 0 0 0 0 4 0 7 0 0
5 0 0 4 0 7 0 2 0 0 5 0 0 0 7 0 0 7 0 0 0 5 0 0 2 0 7 0 4 0
5 5 4 0 0 0 0 0 4 0 0 5 0 0 0 7 7 0 0 0 5 0 0 4 0 0 0 0 0 4
6 6 5 0 1 0 0 7 0 8 0 0 0 0 0 0 0 0 0 0 0 0 8 0 7 0 0 1 0 5
6 6 5 5 0 1 0 0 0 0 4 0 0 0 0 0 0 0 0 0 0 4 0 0 0 0 1 0 5 5
0 0 7 0 0 0 0 0 0 7 0 2 0 0 0 0 0 0 0 0 2 0 7 0 0 0 0 0 0 7
0 0 0 7 0 0 3 0 0 0 0 0 4 0 8 0 0 8 0 4 0 0 0 0 0 3 0 0 7 0
0 5 0 0 0 0 0 0 1 0 0 7 0 7 0 0 0 0 7 0 7 0 0 1 0 0 0 0 0 0
0 0 0 0 0 0 0 0 0 1 0 0 7 0 4 0 0 4 0 7 0 0 1 0 0 0 0 0 0 0
0 0 7 7 0 0 7 0 5 0 0 4 0 7 0 2 2 0 7 0 4 0 0 5 0 7 0 0 7 7
0 0 7 7 0 0 0 7 5 5 4 0 0 0 0 0 0 0 0 0 0 4 5 5 7 0 0 0 7 7

Example 1:

Input:
3 0 0 0 0 0 0 0 0 8 3 3 1 0 8 0 0 8 0 1 3 3 8 0 0 0 0 0 0 0
0 0 0 0 0 0 0 3 8 0 3 0 0 1 0 0 0 0 1 0 0 9 9 9 9 9 0 0 0 0
0 0 7 7 0 0 4 0 3 3 4 4 8 0 6 6 6 6 0 8 4 9 9 9 9 9 0 0 7 7
0 0 7 0 0 3 0 0 3 0 4 0 0 0 6 6 6 6 0 0 0 9 9 9 9 9 3 0 0 7
0 0 0 0 0 0 1 1 1 0 8 0 3 0 8 0 0 8 0 3 0 9 9 9 9 9 0 0 0 0
0 0 0 3 0 0 1 1 0 1 0 0 0 3 0 0 0 0 3 0 0 0 1 0 1 1 0 0 3 0
0 0 4 0 1 1 0 2 8 0 6 6 8 0 1 1 1 1 0 8 6 6 0 8 2 0 1 1 0 4
0 3 0 0 1 1 2 2 0 0 6 6 0 0 1 0 0 1 0 0 6 6 0 0 2 2 1 1 0 0
0 8 3 3 1 0 8 0 0 0 1 0 0 5 7 0 0 7 5 0 0 1 0 0 0 8 0 1 3 3
8 0 3 0 0 1 0 0 0 8 0 0 5 0 0 7 7 0 0 5 0 0 8 0 0 0 1 0 0 3
3 3 4 4 8 0 6 6 1 0 2 2 7 0 0 7 7 0 0 7 2 2 0 1 6 6 0 8 4 4
3 0 4 0 0 0 6 6 0 0 2 0 0 7 7 0 0 7 7 0 0 2 0 0 6 6 0 0 0 4
1 0 8 0 3 0 8 0 0 5 7 0 0 5 0 0 0 0 5 0 0 7 5 0 0 8 0 3 0 8
0 1 0 0 0 3 0 0 5 0 0 7 5 5 0 0 0 0 5 5 7 0 0 5 0 0 3 0 0 0
8 0 6 6 8 0 1 1 7 0 0 7 0 0 0 0 0 0 0 0 7 0 0 7 1 1 0 8 6 6
0 0 6 6 0 0 1 0 0 7 7 0 0 0 0 8 8 0 0 0 0 7 7 0 0 1 0 0 6 6
0 0 6 6 0 0 1 0 0 9 9 0 0 0 0 8 8 0 0 0 0 7 7 0 0 1 0 0 6 6
8 0 6 6 8 0 1 1 7 9 9 7 0 0 0 0 0 0 0 0 7 0 0 7 1 1 0 8 6 6
0 1 0 0 0 3 0 0 5 0 0 7 5 5 0 0 0 0 5 5 7 9 9 5 0 0 3 0 0 0
1 0 8 0 3 0 8 0 0 5 7 0 0 5 0 0 0 0 5 0 0 9 9 0 0 8 0 3 0 8
3 0 4 0 0 0 6 6 0 0 2 0 0 7 7 0 0 7 7 0 0 9 9 0 6 6 0 0 0 4
3 3 4 4 8 0 6 6 1 0 2 2 7 0 0 7 7 0 0 7 2 2 0 1 6 6 0 8 4 4
8 0 3 0 0 1 0 0 0 8 0 0 5 0 0 7 7 0 0 5 0 0 8 0 0 0 1 0 0 3
0 8 3 3 1 0 8 0 0 0 1 0 0 5 7 0 0 7 5 0 0 1 0 0 0 8 0 1 3 3
0 3 0 0 1 1 2 2 0 0 6 6 0 0 1 0 0 1 0 0 6 6 0 0 2 2 1 1 0 0
0 0 4 0 1 1 0 2 8 0 6 6 8 0 1 1 1 1 0 8 9 9 9 9 9 9 1 1 0 4
0 0 0 3 0 0 1 1 0 1 0 0 0 3 0 0 0 0 3 0 9 9 9 9 9 9 0 0 3 0
0 0 0 0 0 0 1 1 1 0 8 0 3 0 8 0 0 8 0 3 0 8 0 1 1 1 0 0 0 0
0 0 7 0 0 3 0 0 3 0 4 0 0 0 6 6 6 9 9 9 9 9 9 9 0 0 3 0 0 7
0 0 7 7 0 0 4 0 3 3 4 4 8 0 6 6 6 9 9 9 9 9 9 9 0 4 0 0 7 7
Output:
3 0 0 0 0 0 0 0 0 8 3 3 1 0 8 0 0 8 0 1 3 3 8 0 0 0 0 0 0 0
0 0 0 0 0 0 0 3 8 0 3 0 0 1 0 0 0 0 1 0 0 3 0 8 3 0 0 0 0 0
0 0 7 7 0 0 4 0 3 3 4 4 8 0 6 6 6 6 0 8 4 4 3 3 0 4 0 0 7 7
0 0 7 0 0 3 0 0 3 0 4 0 0 0 6 6 6 6 0 0 0 4 0 3 0 0 3 0 0 7
0 0 0 0 0 0 1 1 1 0 8 0 3 0 8 0 0 8 0 3 0 8 0 1 1 1 0 0 0 0
0 0 0 3 0 0 1 1 0 1 0 0 0 3 0 0 0 0 3 0 0 0 1 0 1 1 0 0 3 0
0 0 4 0 1 1 0 2 8 0 6 6 8 0 1 1 1 1 0 8 6 6 0 8 2 0 1 1 0 4
0 3 0 0 1 1 2 2 0 0 6 6 0 0 1 0 0 1 0 0 6 6 0 0 2 2 1 1 0 0
0 8 3 3 1 0 8 0 0 0 1 0 0 5 7 0 0 7 5 0 0 1 0 0 0 8 0 1 3 3
8 0 3 0 0 1 0 0 0 8 0 0 5 0 0 7 7 0 0 5 0 0 8 0 0 0 1 0 0 3
3 3 4 4 8 0 6 6 1 0 2 2 7 0 0 7 7 0 0 7 2 2 0 1 6 6 0 8 4 4
3 0 4 0 0 0 6 6 0 0 2 0 0 7 7 0 0 7 7 0 0 2 0 0 6 6 0 0 0 4
1 0 8 0 3 0 8 0 0 5 7 0 0 5 0 0 0 0 5 0 0 7 5 0 0 8 0 3 0 8
0 1 0 0 0 3 0 0 5 0 0 7 5 5 0 0 0 0 5 5 7 0 0 5 0 0 3 0 0 0
8 0 6 6 8 0 1 1 7 0 0 7 0 0 0 0 0 0 0 0 7 0 0 7 1 1 0 8 6 6
0 0 6 6 0 0 1 0 0 7 7 0 0 0 0 8 8 0 0 0 0 7 7 0 0 1 0 0 6 6
0 0 6 6 0 0 1 0 0 7 7 0 0 0 0 8 8 0 0 0 0 7 7 0 0 1 0 0 6 6
8 0 6 6 8 0 1 1 7 0 0 7 0 0 0 0 0 0 0 0 7 0 0 7 1 1 0 8 6 6
0 1 0 0 0 3 0 0 5 0 0 7 5 5 0 0 0 0 5 5 7 0 0 5 0 0 3 0 0 0
1 0 8 0 3 0 8 0 0 5 7 0 0 5 0 0 0 0 5 0 0 7 5 0 0 8 0 3 0 8
3 0 4 0 0 0 6 6 0 0 2 0 0 7 7 0 0 7 7 0 0 2 0 0 6 6 0 0 0 4
3 3 4 4 8 0 6 6 1 0 2 2 7 0 0 7 7 0 0 7 2 2 0 1 6 6 0 8 4 4
8 0 3 0 0 1 0 0 0 8 0 0 5 0 0 7 7 0 0 5 0 0 8 0 0 0 1 0 0 3
0 8 3 3 1 0 8 0 0 0 1 0 0 5 7 0 0 7 5 0 0 1 0 0 0 8 0 1 3 3
0 3 0 0 1 1 2 2 0 0 6 6 0 0 1 0 0 1 0 0 6 6 0 0 2 2 1 1 0 0
0 0 4 0 1 1 0 2 8 0 6 6 8 0 1 1 1 1 0 8 6 6 0 8 2 0 1 1 0 4
0 0 0 3 0 0 1 1 0 1 0 0 0 3 0 0 0 0 3 0 0 0 1 0 1 1 0 0 3 0
0 0 0 0 0 0 1 1 1 0 8 0 3 0 8 0 0 8 0 3 0 8 0 1 1 1 0 0 0 0
0 0 7 0 0 3 0 0 3 0 4 0 0 0 6 6 6 6 0 0 0 4 0 3 0 0 3 0 0 7
0 0 7 7 0 0 4 0 3 3 4 4 8 0 6 6 6 6 0 8 4 4 3 3 0 4 0 0 7 7

Example 2:

Input:
0 5 0 0 0 5 0 0 8 8 0 4 4 4 0 0 0 9 9 9 9 0 8 8 0 0 5 0 0 0
5 0 0 0 5 0 0 0 8 0 4 4 4 4 0 3 3 9 9 9 9 4 0 8 0 0 0 5 0 0
0 0 0 1 0 0 4 4 0 4 2 0 0 0 8 8 8 9 9 9 9 2 4 0 4 4 0 0 1 0
0 0 1 1 0 0 4 0 4 4 0 0 0 3 8 0 0 9 9 9 9 0 4 4 0 4 0 0 1 1
0 5 0 0 1 0 0 0 4 4 0 0 8 8 0 7 7 9 9 9 9 0 4 4 0 0 0 1 0 0
5 0 0 0 0 1 0 0 4 4 0 3 8 8 7 7 7 9 9 9 9 0 4 4 0 0 1 0 0 0
0 0 4 4 0 0 1 0 0 0 8 8 0 7 0 5 5 9 9 9 9 8 0 0 0 1 0 0 4 4
9 9 9 0 0 0 0 1 0 3 8 0 7 7 5 0 0 5 7 7 0 8 3 0 1 0 0 0 0 4
9 9 9 4 4 4 0 0 2 2 1 0 4 0 5 0 0 5 0 4 0 1 2 2 0 0 4 4 4 0
9 9 9 4 4 4 0 3 2 0 0 0 0 0 0 5 5 0 0 0 0 0 0 2 3 0 4 4 4 4
9 9 9 0 0 0 8 8 1 0 3 0 5 0 0 6 6 0 0 5 0 3 0 1 8 8 0 0 0 2
9 9 9 0 0 3 8 0 0 0 0 3 0 5 6 0 0 6 5 0 3 0 0 0 0 8 3 0 0 0
9 9 9 0 8 8 0 7 4 0 5 0 0 6 7 0 0 7 6 0 0 5 0 4 7 0 8 8 0 0
9 9 9 3 8 8 7 7 0 0 0 5 6 6 0 7 7 0 6 6 5 0 0 0 7 7 8 8 3 0
0 0 8 8 0 7 0 5 5 0 0 6 7 0 2 0 0 2 0 7 6 0 0 5 5 0 7 0 8 8
0 3 8 0 7 7 5 0 0 5 6 0 0 7 0 2 2 0 7 0 0 6 5 0 0 5 7 7 0 8
0 3 8 0 7 7 5 0 0 5 6 0 0 7 0 2 2 0 7 0 0 6 5 0 0 5 7 7 0 8
0 0 8 8 0 7 0 5 5 0 0 6 7 0 2 0 0 2 0 7 6 0 0 5 5 0 7 0 8 8
4 4 0 3 8 8 7 7 0 0 0 5 6 6 0 7 7 0 6 6 5 0 0 0 7 7 8 8 3 0
4 4 0 0 8 8 0 7 4 0 5 0 0 6 7 0 0 7 6 0 0 5 0 4 7 0 8 8 0 0
4 4 0 0 0 3 8 0 0 0 0 3 0 5 6 0 0 6 5 0 3 0 0 0 0 8 3 0 0 0
0 4 2 0 0 0 8 8 1 0 3 0 5 0 0 6 6 0 0 5 0 3 0 1 8 8 0 0 0 2
8 0 4 4 4 4 0 3 2 0 0 0 0 0 0 5 5 0 0 0 0 0 0 2 3 0 4 4 4 4
8 8 0 4 4 4 0 0 2 2 1 0 4 0 5 0 0 5 0 4 0 1 2 2 0 0 4 4 4 0
0 0 4 0 0 0 0 1 0 3 8 0 7 7 5 0 0 5 7 7 0 8 3 0 1 0 0 0 0 4
0 0 4 4 0 0 1 0 0 0 8 8 0 7 0 5 5 0 7 0 8 8 0 0 0 1 0 0 4 4
5 0 0 0 0 1 0 0 4 4 0 3 8 8 7 7 7 7 8 8 3 0 4 4 0 0 1 0 0 0
0 5 0 0 1 0 0 0 4 4 0 0 8 8 0 7 7 0 8 8 0 0 4 4 0 0 0 1 0 0
0 0 1 1 0 0 4 0 4 4 0 0 0 3 8 0 0 8 3 0 0 0 4 4 0 4 0 0 1 1
0 0 0 1 0 0 4 4 0 4 2 0 0 0 8 8 8 8 0 0 0 2 4 0 4 4 0 0 1 0
Output:
0 5 0 0 0 5 0 0 8 8 0 4 4 4 0 0 0 0 4 4 4 0 8 8 0 0 5 0 0 0
5 0 0 0 5 0 0 0 8 0 4 4 4 4 0 3 3 0 4 4 4 4 0 8 0 0 0 5 0 0
0 0 0 1 0 0 4 4 0 4 2 0 0 0 8 8 8 8 0 0 0 2 4 0 4 4 0 0 1 0
0 0 1 1 0 0 4 0 4 4 0 0 0 3 8 0 0 8 3 0 0 0 4 4 0 4 0 0 1 1
0 5 0 0 1 0 0 0 4 4 0 0 8 8 0 7 7 0 8 8 0 0 4 4 0 0 0 1 0 0
5 0 0 0 0 1 0 0 4 4 0 3 8 8 7 7 7 7 8 8 3 0 4 4 0 0 1 0 0 0
0 0 4 4 0 0 1 0 0 0 8 8 0 7 0 5 5 0 7 0 8 8 0 0 0 1 0 0 4 4
0 0 4 0 0 0 0 1 0 3 8 0 7 7 5 0 0 5 7 7 0 8 3 0 1 0 0 0 0 4
8 8 0 4 4 4 0 0 2 2 1 0 4 0 5 0 0 5 0 4 0 1 2 2 0 0 4 4 4 0
8 0 4 4 4 4 0 3 2 0 0 0 0 0 0 5 5 0 0 0 0 0 0 2 3 0 4 4 4 4
0 4 2 0 0 0 8 8 1 0 3 0 5 0 0 6 6 0 0 5 0 3 0 1 8 8 0 0 0 2
4 4 0 0 0 3 8 0 0 0 0 3 0 5 6 0 0 6 5 0 3 0 0 0 0 8 3 0 0 0
4 4 0 0 8 8 0 7 4 0 5 0 0 6 7 0 0 7 6 0 0 5 0 4 7 0 8 8 0 0
4 4 0 3 8 8 7 7 0 0 0 5 6 6 0 7 7 0 6 6 5 0 0 0 7 7 8 8 3 0
0 0 8 8 0 7 0 5 5 0 0 6 7 0 2 0 0 2 0 7 6 0 0 5 5 0 7 0 8 8
0 3 8 0 7 7 5 0 0 5 6 0 0 7 0 2 2 0 7 0 0 6 5 0 0 5 7 7 0 8
0 3 8 0 7 7 5 0 0 5 6 0 0 7 0 2 2 0 7 0 0 6 5 0 0 5 7 7 0 8
0 0 8 8 0 7 0 5 5 0 0 6 7 0 2 0 0 2 0 7 6 0 0 5 5 0 7 0 8 8
4 4 0 3 8 8 7 7 0 0 0 5 6 6 0 7 7 0 6 6 5 0 0 0 7 7 8 8 3 0
4 4 0 0 8 8 0 7 4 0 5 0 0 6 7 0 0 7 6 0 0 5 0 4 7 0 8 8 0 0
4 4 0 0 0 3 8 0 0 0 0 3 0 5 6 0 0 6 5 0 3 0 0 0 0 8 3 0 0 0
0 4 2 0 0 0 8 8 1 0 3 0 5 0 0 6 6 0 0 5 0 3 0 1 8 8 0 0 0 2
8 0 4 4 4 4 0 3 2 0 0 0 0 0 0 5 5 0 0 0 0 0 0 2 3 0 4 4 4 4
8 8 0 4 4 4 0 0 2 2 1 0 4 0 5 0 0 5 0 4 0 1 2 2 0 0 4 4 4 0
0 0 4 0 0 0 0 1 0 3 8 0 7 7 5 0 0 5 7 7 0 8 3 0 1 0 0 0 0 4
0 0 4 4 0 0 1 0 0 0 8 8 0 7 0 5 5 0 7 0 8 8 0 0 0 1 0 0 4 4
5 0 0 0 0 1 0 0 4 4 0 3 8 8 7 7 7 7 8 8 3 0 4 4 0 0 1 0 0 0
0 5 0 0 1 0 0 0 4 4 0 0 8 8 0 7 7 0 8 8 0 0 4 4 0 0 0 1 0 0
0 0 1 1 0 0 4 0 4 4 0 0 0 3 8 0 0 8 3 0 0 0 4 4 0 4 0 0 1 1
0 0 0 1 0 0 4 4 0 4 2 0 0 0 8 8 8 8 0 0 0 2 4 0 4 4 0 0 1 0

Example 3:

Input:
0 0 0 1 7 0 6 0 0 0 0 6 3 3 0 2 2 0 3 3 6 0 0 0 0 6 0 7 1 0
0 7 1 0 0 7 0 0 0 4 6 6 3 0 2 0 0 2 0 3 6 6 4 0 0 0 7 0 0 1
0 1 5 0 6 0 0 0 0 6 3 3 0 2 7 7 7 7 2 0 3 3 6 0 0 0 0 6 0 5
1 0 0 5 0 0 0 0 6 6 3 3 2 0 7 0 0 7 0 2 3 3 6 6 0 0 0 0 5 0
7 0 6 0 8 8 6 0 3 9 9 9 4 4 1 0 0 1 4 4 2 0 3 3 0 6 8 8 0 6
0 7 0 0 8 0 0 0 3 9 9 9 4 4 0 0 0 0 4 4 0 2 0 3 0 0 0 8 0 0
6 0 0 0 6 0 2 0 0 9 9 9 1 0 0 0 0 0 0 1 7 7 2 0 0 2 0 6 0 0
0 0 0 0 0 0 0 2 2 0 7 0 0 0 0 4 4 0 0 0 0 7 0 2 2 0 0 9 9 9
0 0 0 6 3 3 0 2 0 8 1 1 7 7 0 2 2 0 7 7 1 1 8 0 2 0 3 9 9 9
0 4 6 6 3 0 2 0 8 8 1 1 7 0 2 2 2 2 0 7 1 1 8 8 0 2 0 9 9 9
0 6 3 3 0 2 7 7 1 1 0 0 0 2 4 4 4 4 2 0 0 0 1 1 7 7 2 9 9 9
6 6 3 3 2 9 9 9 9 9 9 9 9 2 4 0 0 4 2 2 0 0 1 1 0 7 0 2 3 3
3 3 0 2 4 9 9 9 9 9 9 9 9 2 0 2 2 0 2 0 2 0 7 7 0 1 4 4 2 0
3 0 2 0 4 9 9 9 9 9 9 9 9 0 2 2 2 2 0 2 2 2 0 7 0 0 4 4 0 2
0 2 7 7 1 9 9 9 9 9 9 9 9 2 6 6 6 6 2 0 4 4 2 0 0 0 0 1 7 7
2 0 7 0 0 9 9 9 2 2 4 0 2 2 6 0 0 6 2 2 0 4 2 2 4 0 0 0 0 7
2 0 7 0 0 9 9 9 2 2 4 0 2 2 6 0 0 6 2 2 0 4 2 2 4 0 0 0 0 7
0 2 7 7 1 9 9 9 0 2 4 4 0 2 6 6 6 6 2 0 4 4 2 0 0 0 0 1 7 7
3 0 2 0 4 4 0 0 7 0 2 2 2 0 2 2 2 2 0 2 2 2 0 7 0 0 4 4 0 2
3 3 0 2 4 4 1 0 7 7 0 2 0 2 0 2 2 0 2 0 2 0 7 7 0 1 4 4 2 0
6 6 3 3 2 0 7 0 1 1 0 0 2 2 4 0 0 4 2 2 0 0 1 1 0 7 0 2 3 3
0 6 3 3 0 2 7 7 1 1 0 0 0 2 4 4 4 4 2 0 0 0 1 1 7 7 2 0 3 3
0 4 6 6 3 0 2 0 8 8 1 1 7 0 2 2 2 2 0 7 1 1 8 8 0 2 0 3 6 6
0 0 0 6 3 3 0 2 0 9 9 1 7 7 0 2 2 0 7 7 1 1 8 0 2 0 3 3 6 0
0 0 0 0 0 0 0 2 2 9 9 0 0 0 0 4 4 0 0 0 0 7 0 2 2 0 0 0 0 0
6 0 0 0 6 0 2 0 0 9 9 7 1 0 0 0 0 0 0 1 7 7 2 0 0 2 0 6 0 0
0 7 0 0 8 0 0 0 3 9 9 0 4 4 0 0 0 0 4 4 0 2 0 3 0 0 0 8 0 0
7 0 6 0 8 8 6 0 3 9 9 2 4 4 1 0 0 1 4 4 2 0 3 3 0 6 8 8 0 6
1 0 0 5 0 0 0 0 6 9 9 3 2 0 7 0 0 7 0 2 3 3 6 6 0 0 0 0 5 0
0 1 5 0 6 0 0 0 0 9 9 3 0 2 7 7 7 7 2 0 3 3 6 0 0 0 0 6 0 5
Output:
0 0 0 1 7 0 6 0 0 0 0 6 3 3 0 2 2 0 3 3 6 0 0 0 0 6 0 7 1 0
0 7 1 0 0 7 0 0 0 4 6 6 3 0 2 0 0 2 0 3 6 6 4 0 0 0 7 0 0 1
0 1 5 0 6 0 0 0 0 6 3 3 0 2 7 7 7 7 2 0 3 3 6 0 0 0 0 6 0 5
1 0 0 5 0 0 0 0 6 6 3 3 2 0 7 0 0 7 0 2 3 3 6 6 0 0 0 0 5 0
7 0 6 0 8 8 6 0 3 3 0 2 4 4 1 0 0 1 4 4 2 0 3 3 0 6 8 8 0 6
0 7 0 0 8 0 0 0 3 0 2 0 4 4 0 0 0 0 4 4 0 2 0 3 0 0 0 8 0 0
6 0 0 0 6 0 2 0 0 2 7 7 1 0 0 0 0 0 0 1 7 7 2 0 0 2 0 6 0 0
0 0 0 0 0 0 0 2 2 0 7 0 0 0 0 4 4 0 0 0 0 7 0 2 2 0 0 0 0 0
0 0 0 6 3 3 0 2 0 8 1 1 7 7 0 2 2 0 7 7 1 1 8 0 2 0 3 3 6 0
0 4 6 6 3 0 2 0 8 8 1 1 7 0 2 2 2 2 0 7 1 1 8 8 0 2 0 3 6 6
0 6 3 3 0 2 7 7 1 1 0 0 0 2 4 4 4 4 2 0 0 0 1 1 7 7 2 0 3 3
6 6 3 3 2 0 7 0 1 1 0 0 2 2 4 0 0 4 2 2 0 0 1 1 0 7 0 2 3 3
3 3 0 2 4 4 1 0 7 7 0 2 0 2 0 2 2 0 2 0 2 0 7 7 0 1 4 4 2 0
3 0 2 0 4 4 0 0 7 0 2 2 2 0 2 2 2 2 0 2 2 2 0 7 0 0 4 4 0 2
0 2 7 7 1 0 0 0 0 2 4 4 0 2 6 6 6 6 2 0 4 4 2 0 0 0 0 1 7 7
2 0 7 0 0 0 0 4 2 2 4 0 2 2 6 0 0 6 2 2 0 4 2 2 4 0 0 0 0 7
2 0 7 0 0 0 0 4 2 2 4 0 2 2 6 0 0 6 2 2 0 4 2 2 4 0 0 0 0 7
0 2 7 7 1 0 0 0 0 2 4 4 0 2 6 6 6 6 2 0 4 4 2 0 0 0 0 1 7 7
3 0 2 0 4 4 0 0 7 0 2 2 2 0 2 2 2 2 0 2 2 2 0 7 0 0 4 4 0 2
3 3 0 2 4 4 1 0 7 7 0 2 0 2 0 2 2 0 2 0 2 0 7 7 0 1 4 4 2 0
6 6 3 3 2 0 7 0 1 1 0 0 2 2 4 0 0 4 2 2 0 0 1 1 0 7 0 2 3 3
0 6 3 3 0 2 7 7 1 1 0 0 0 2 4 4 4 4 2 0 0 0 1 1 7 7 2 0 3 3
0 4 6 6 3 0 2 0 8 8 1 1 7 0 2 2 2 2 0 7 1 1 8 8 0 2 0 3 6 6
0 0 0 6 3 3 0 2 0 8 1 1 7 7 0 2 2 0 7 7 1 1 8 0 2 0 3 3 6 0
0 0 0 0 0 0 0 2 2 0 7 0 0 0 0 4 4 0 0 0 0 7 0 2 2 0 0 0 0 0
6 0 0 0 6 0 2 0 0 2 7 7 1 0 0 0 0 0 0 1 7 7 2 0 0 2 0 6 0 0
0 7 0 0 8 0 0 0 3 0 2 0 4 4 0 0 0 0 4 4 0 2 0 3 0 0 0 8 0 0
7 0 6 0 8 8 6 0 3 3 0 2 4 4 1 0 0 1 4 4 2 0 3 3 0 6 8 8 0 6
1 0 0 5 0 0 0 0 6 6 3 3 2 0 7 0 0 7 0 2 3 3 6 6 0 0 0 0 5 0
0 1 5 0 6 0 0 0 0 6 3 3 0 2 7 7 7 7 2 0 3 3 6 0 0 0 0 6 0 5

Example 4:

Input:
8 0 7 0 7 7 1 1 0 3 0 6 0 8 0 0 0 0 8 0 6 0 3 0 1 1 7 7 0 7
0 8 0 0 7 7 1 1 3 3 6 6 8 8 0 0 0 0 8 8 6 6 3 3 1 1 7 7 0 0
9 9 9 9 9 9 9 8 0 6 7 7 0 0 0 6 6 0 0 0 7 7 6 0 8 0 1 1 0 2
9 9 9 9 9 9 9 0 6 6 7 7 0 0 6 0 0 6 0 0 9 9 9 9 9 8 1 1 0 0
9 9 9 9 9 9 9 6 0 8 0 0 6 6 0 0 0 0 6 6 9 9 9 9 9 0 0 0 1 1
7 7 1 1 0 5 6 6 8 8 0 0 6 6 0 0 0 0 6 6 9 9 9 9 9 6 5 0 1 1
1 1 0 8 0 6 2 0 0 0 0 6 0 0 5 5 5 5 0 0 9 9 9 9 9 2 6 0 8 0
1 1 8 0 6 6 0 2 0 0 6 0 0 0 5 0 0 5 0 0 9 9 9 9 9 9 9 6 0 8
0 3 0 6 0 8 0 0 0 0 0 0 6 0 3 0 0 3 0 6 0 0 9 9 9 9 9 0 6 0
3 3 6 6 8 8 0 0 0 6 0 5 0 0 0 3 3 0 0 0 5 0 9 9 9 9 9 8 6 6
0 6 7 7 0 0 0 6 0 0 0 0 3 0 0 6 6 0 0 3 0 0 9 9 9 9 9 0 7 7
6 6 7 7 0 0 6 0 0 5 0 0 0 3 6 6 6 6 3 0 0 0 9 9 9 9 9 0 7 7
0 8 0 0 6 6 0 0 6 0 3 0 0 4 3 0 0 3 4 0 0 3 0 6 0 0 6 6 0 0
8 8 0 0 6 6 0 0 0 0 0 3 4 0 0 0 0 0 0 4 3 0 0 0 0 0 6 6 0 0
0 0 0 6 0 0 5 5 3 0 0 6 3 0 2 0 0 2 0 3 6 0 0 3 5 5 0 0 6 0
0 0 6 0 0 0 5 0 0 3 6 6 0 0 0 2 2 0 0 0 6 6 3 0 0 5 0 0 0 6
0 0 6 0 0 0 5 0 0 3 6 6 0 0 0 2 2 0 0 0 6 6 3 0 0 5 0 0 0 6
0 0 0 6 0 0 5 5 3 0 0 6 3 0 2 0 0 2 0 3 6 0 0 3 5 5 0 0 6 0
8 8 0 0 6 6 0 0 0 0 0 3 4 0 0 0 0 0 0 4 3 0 0 0 0 0 6 6 0 0
0 8 0 0 6 6 0 0 6 0 3 0 0 4 3 0 0 3 4 0 0 3 0 6 0 0 6 6 0 0
6 6 7 7 0 0 6 0 0 5 0 0 0 3 6 6 6 6 3 0 0 0 5 0 0 6 0 0 7 7
0 6 7 7 0 0 0 6 0 0 0 0 3 0 0 6 6 0 0 3 0 0 0 0 6 0 0 0 7 7
3 3 6 6 8 8 0 0 0 6 0 5 0 0 0 3 3 0 0 0 5 0 6 0 0 0 8 8 6 6
0 3 0 6 0 8 0 0 0 0 0 0 6 0 3 0 0 3 0 6 0 0 0 0 0 0 8 0 6 0
1 1 8 0 6 6 0 2 0 0 6 0 0 0 5 0 0 5 0 0 0 6 0 0 2 0 6 6 0 8
1 1 0 8 0 6 2 0 0 0 0 6 0 0 5 5 5 5 0 0 6 0 0 0 0 2 6 0 8 0
7 7 1 1 0 5 6 6 8 8 0 0 6 6 0 0 0 0 6 6 0 0 8 8 6 6 5 0 1 1
7 7 1 1 0 0 0 6 0 8 0 0 6 6 0 0 0 0 9 9 9 9 9 9 9 0 0 0 1 1
0 0 0 0 1 1 8 0 6 6 7 7 0 0 6 0 0 6 9 9 9 9 9 9 9 8 1 1 0 0
7 0 2 0 1 1 0 8 0 6 7 7 0 0 0 6 6 0 0 0 7 7 6 0 8 0 1 1 0 2
Output:
8 0 7 0 7 7 1 1 0 3 0 6 0 8 0 0 0 0 8 0 6 0 3 0 1 1 7 7 0 7
0 8 0 0 7 7 1 1 3 3 6 6 8 8 0 0 0 0 8 8 6 6 3 3 1 1 7 7 0 0
7 0 2 0 1 1 0 8 0 6 7 7 0 0 0 6 6 0 0 0 7 7 6 0 8 0 1 1 0 2
0 0 0 0 1 1 8 0 6 6 7 7 0 0 6 0 0 6 0 0 7 7 6 6 0 8 1 1 0 0
7 7 1 1 0 0 0 6 0 8 0 0 6 6 0 0 0 0 6 6 0 0 8 0 6 0 0 0 1 1
7 7 1 1 0 5 6 6 8 8 0 0 6 6 0 0 0 0 6 6 0 0 8 8 6 6 5 0 1 1
1 1 0 8 0 6 2 0 0 0 0 6 0 0 5 5 5 5 0 0 6 0 0 0 0 2 6 0 8 0
1 1 8 0 6 6 0 2 0 0 6 0 0 0 5 0 0 5 0 0 0 6 0 0 2 0 6 6 0 8
0 3 0 6 0 8 0 0 0 0 0 0 6 0 3 0 0 3 0 6 0 0 0 0 0 0 8 0 6 0
3 3 6 6 8 8 0 0 0 6 0 5 0 0 0 3 3 0 0 0 5 0 6 0 0 0 8 8 6 6
0 6 7 7 0 0 0 6 0 0 0 0 3 0 0 6 6 0 0 3 0 0 0 0 6 0 0 0 7 7
6 6 7 7 0 0 6 0 0 5 0 0 0 3 6 6 6 6 3 0 0 0 5 0 0 6 0 0 7 7
0 8 0 0 6 6 0 0 6 0 3 0 0 4 3 0 0 3 4 0 0 3 0 6 0 0 6 6 0 0
8 8 0 0 6 6 0 0 0 0 0 3 4 0 0 0 0 0 0 4 3 0 0 0 0 0 6 6 0 0
0 0 0 6 0 0 5 5 3 0 0 6 3 0 2 0 0 2 0 3 6 0 0 3 5 5 0 0 6 0
0 0 6 0 0 0 5 0 0 3 6 6 0 0 0 2 2 0 0 0 6 6 3 0 0 5 0 0 0 6
0 0 6 0 0 0 5 0 0 3 6 6 0 0 0 2 2 0 0 0 6 6 3 0 0 5 0 0 0 6
0 0 0 6 0 0 5 5 3 0 0 6 3 0 2 0 0 2 0 3 6 0 0 3 5 5 0 0 6 0
8 8 0 0 6 6 0 0 0 0 0 3 4 0 0 0 0 0 0 4 3 0 0 0 0 0 6 6 0 0
0 8 0 0 6 6 0 0 6 0 3 0 0 4 3 0 0 3 4 0 0 3 0 6 0 0 6 6 0 0
6 6 7 7 0 0 6 0 0 5 0 0 0 3 6 6 6 6 3 0 0 0 5 0 0 6 0 0 7 7
0 6 7 7 0 0 0 6 0 0 0 0 3 0 0 6 6 0 0 3 0 0 0 0 6 0 0 0 7 7
3 3 6 6 8 8 0 0 0 6 0 5 0 0 0 3 3 0 0 0 5 0 6 0 0 0 8 8 6 6
0 3 0 6 0 8 0 0 0 0 0 0 6 0 3 0 0 3 0 6 0 0 0 0 0 0 8 0 6 0
1 1 8 0 6 6 0 2 0 0 6 0 0 0 5 0 0 5 0 0 0 6 0 0 2 0 6 6 0 8
1 1 0 8 0 6 2 0 0 0 0 6 0 0 5 5 5 5 0 0 6 0 0 0 0 2 6 0 8 0
7 7 1 1 0 5 6 6 8 8 0 0 6 6 0 0 0 0 6 6 0 0 8 8 6 6 5 0 1 1
7 7 1 1 0 0 0 6 0 8 0 0 6 6 0 0 0 0 6 6 0 0 8 0 6 0 0 0 1 1
0 0 0 0 1 1 8 0 6 6 7 7 0 0 6 0 0 6 0 0 7 7 6 6 0 8 1 1 0 0
7 0 2 0 1 1 0 8 0 6 7 7 0 0 0 6 6 0 0 0 7 7 6 0 8 0 1 1 0 2

Example 5:

Input:
0 0 0 0 4 1 0 0 0 0 0 4 0 0 0 8 8 0 0 0 4 0 9 9 9 9 9 9 9 9
0 0 0 2 4 1 0 0 0 0 0 4 0 2 2 8 8 2 2 0 4 0 9 9 9 9 9 9 9 9
0 0 6 0 7 7 0 7 7 3 0 8 7 3 3 8 8 3 3 7 8 0 9 9 9 9 9 9 9 9
0 2 0 7 7 7 4 0 0 5 3 5 7 3 5 8 8 5 3 7 5 3 9 9 9 9 9 9 9 9
4 4 7 7 7 0 0 8 3 3 5 5 5 7 5 8 8 5 7 5 5 5 3 3 8 0 0 7 7 7
1 1 7 7 0 0 8 8 3 3 5 5 1 0 7 7 7 7 0 1 5 5 3 3 8 8 0 0 7 7
0 0 0 4 0 8 5 5 7 0 0 0 6 1 0 0 0 0 1 6 0 0 0 7 5 5 8 0 4 0
0 0 7 0 8 8 5 7 7 0 0 0 6 1 3 0 0 3 1 6 0 0 0 7 7 5 8 8 0 7
0 0 7 0 3 3 7 7 1 2 2 0 4 4 1 0 0 1 4 4 0 2 2 1 7 7 3 3 0 7
0 0 3 5 3 3 9 9 2 2 2 4 4 0 4 0 0 4 0 4 4 2 2 2 0 0 3 3 5 3
0 0 0 3 5 5 9 9 2 2 4 5 3 3 4 0 0 4 3 3 5 4 2 2 0 0 5 5 3 0
4 4 8 5 5 5 9 9 0 4 5 0 0 3 7 6 6 7 3 0 0 5 4 0 0 0 5 5 5 8
0 0 7 7 5 1 9 9 4 4 3 0 0 0 0 0 0 0 0 0 0 3 4 4 6 6 1 5 7 7
0 2 3 3 7 0 9 9 4 0 3 3 0 0 0 0 0 0 0 0 3 3 0 4 1 1 0 7 3 3
0 2 3 5 5 7 9 9 1 4 4 7 0 0 0 0 0 0 0 0 7 4 4 1 3 0 7 5 5 3
8 8 8 8 8 7 9 9 0 0 0 6 0 0 0 0 0 0 0 0 6 0 0 0 0 0 7 8 8 8
8 8 8 8 8 7 9 9 0 0 0 6 0 0 0 0 0 0 0 0 6 0 0 0 0 0 7 8 8 8
0 2 3 5 5 7 0 3 1 4 4 7 0 0 0 0 0 0 0 0 7 4 4 1 3 0 7 5 5 3
0 2 3 3 7 0 1 1 4 0 3 3 0 0 0 0 0 0 0 0 3 3 0 4 1 1 0 7 3 3
0 0 7 7 5 1 6 6 4 4 3 0 0 0 0 0 0 0 0 0 0 3 4 4 6 6 1 5 7 7
4 4 8 5 5 5 0 0 0 4 5 0 0 3 7 6 6 7 3 0 0 5 4 0 0 0 5 5 5 8
0 0 0 3 5 5 0 0 2 2 4 5 3 3 4 9 9 9 3 3 5 4 2 2 0 0 5 5 3 0
0 0 3 5 3 3 0 0 2 2 2 4 4 0 4 9 9 9 0 4 4 2 2 2 0 0 3 3 5 3
0 0 7 0 3 3 7 7 1 2 2 0 4 4 1 9 9 9 4 4 0 2 2 1 7 7 3 3 0 7
0 0 7 0 8 8 5 7 7 0 0 0 6 1 3 9 9 9 1 6 0 0 0 7 7 5 8 8 0 7
0 0 0 4 0 8 5 5 7 0 0 0 6 1 0 9 9 9 1 6 0 0 0 7 5 5 8 0 4 0
1 1 7 7 0 0 8 8 3 3 5 5 1 0 7 9 9 9 0 1 5 5 3 3 8 8 0 0 7 7
4 4 7 7 7 0 0 8 3 3 5 5 5 7 5 9 9 9 7 5 5 5 3 3 8 0 0 7 7 7
0 2 0 7 7 7 4 0 0 5 3 5 7 3 5 9 9 9 3 7 5 3 5 0 0 4 7 7 7 0
0 0 6 0 7 7 0 7 7 3 0 8 7 3 3 8 8 3 3 7 8 0 3 7 7 0 7 7 0 6
Output:
0 0 0 0 4 1 0 0 0 0 0 4 0 0 0 8 8 0 0 0 4 0 0 0 0 0 1 4 0 0
0 0 0 2 4 1 0 0 0 0 0 4 0 2 2 8 8 2 2 0 4 0 0 0 0 0 1 4 2 0
0 0 6 0 7 7 0 7 7 3 0 8 7 3 3 8 8 3 3 7 8 0 3 7 7 0 7 7 0 6
0 2 0 7 7 7 4 0 0 5 3 5 7 3 5 8 8 5 3 7 5 3 5 0 0 4 7 7 7 0
4 4 7 7 7 0 0 8 3 3 5 5 5 7 5 8 8 5 7 5 5 5 3 3 8 0 0 7 7 7
1 1 7 7 0 0 8 8 3 3 5 5 1 0 7 7 7 7 0 1 5 5 3 3 8 8 0 0 7 7
0 0 0 4 0 8 5 5 7 0 0 0 6 1 0 0 0 0 1 6 0 0 0 7 5 5 8 0 4 0
0 0 7 0 8 8 5 7 7 0 0 0 6 1 3 0 0 3 1 6 0 0 0 7 7 5 8 8 0 7
0 0 7 0 3 3 7 7 1 2 2 0 4 4 1 0 0 1 4 4 0 2 2 1 7 7 3 3 0 7
0 0 3 5 3 3 0 0 2 2 2 4 4 0 4 0 0 4 0 4 4 2 2 2 0 0 3 3 5 3
0 0 0 3 5 5 0 0 2 2 4 5 3 3 4 0 0 4 3 3 5 4 2 2 0 0 5 5 3 0
4 4 8 5 5 5 0 0 0 4 5 0 0 3 7 6 6 7 3 0 0 5 4 0 0 0 5 5 5 8
0 0 7 7 5 1 6 6 4 4 3 0 0 0 0 0 0 0 0 0 0 3 4 4 6 6 1 5 7 7
0 2 3 3 7 0 1 1 4 0 3 3 0 0 0 0 0 0 0 0 3 3 0 4 1 1 0 7 3 3
0 2 3 5 5 7 0 3 1 4 4 7 0 0 0 0 0 0 0 0 7 4 4 1 3 0 7 5 5 3
8 8 8 8 8 7 0 0 0 0 0 6 0 0 0 0 0 0 0 0 6 0 0 0 0 0 7 8 8 8
8 8 8 8 8 7 0 0 0 0 0 6 0 0 0 0 0 0 0 0 6 0 0 0 0 0 7 8 8 8
0 2 3 5 5 7 0 3 1 4 4 7 0 0 0 0 0 0 0 0 7 4 4 1 3 0 7 5 5 3
0 2 3 3 7 0 1 1 4 0 3 3 0 0 0 0 0 0 0 0 3 3 0 4 1 1 0 7 3 3
0 0 7 7 5 1 6 6 4 4 3 0 0 0 0 0 0 0 0 0 0 3 4 4 6 6 1 5 7 7
4 4 8 5 5 5 0 0 0 4 5 0 0 3 7 6 6 7 3 0 0 5 4 0 0 0 5 5 5 8
0 0 0 3 5 5 0 0 2 2 4 5 3 3 4 0 0 4 3 3 5 4 2 2 0 0 5 5 3 0
0 0 3 5 3 3 0 0 2 2 2 4 4 0 4 0 0 4 0 4 4 2 2 2 0 0 3 3 5 3
0 0 7 0 3 3 7 7 1 2 2 0 4 4 1 0 0 1 4 4 0 2 2 1 7 7 3 3 0 7
0 0 7 0 8 8 5 7 7 0 0 0 6 1 3 0 0 3 1 6 0 0 0 7 7 5 8 8 0 7
0 0 0 4 0 8 5 5 7 0 0 0 6 1 0 0 0 0 1 6 0 0 0 7 5 5 8 0 4 0
1 1 7 7 0 0 8 8 3 3 5 5 1 0 7 7 7 7 0 1 5 5 3 3 8 8 0 0 7 7
4 4 7 7 7 0 0 8 3 3 5 5 5 7 5 8 8 5 7 5 5 5 3 3 8 0 0 7 7 7
0 2 0 7 7 7 4 0 0 5 3 5 7 3 5 8 8 5 3 7 5 3 5 0 0 4 7 7 7 0
0 0 6 0 7 7 0 7 7 3 0 8 7 3 3 8 8 3 3 7 8 0 3 7 7 0 7 7 0 6

Example 6:

Input:
0 0 0 0 0 0 0 0 0 6 6 0 0 1 0 0 0 0 1 0 0 6 6 0 0 0 0 0 0 0
0 0 0 0 8 5 5 0 0 2 7 0 0 3 0 0 0 0 3 0 0 7 2 0 0 5 5 8 0 0
0 0 2 2 2 5 0 0 0 0 2 8 8 3 3 4 4 3 3 8 8 2 0 0 0 0 5 2 2 2
0 0 2 2 6 6 1 0 0 2 2 0 8 0 0 4 4 0 0 8 0 2 2 0 0 1 6 6 2 2
0 8 2 6 3 0 0 0 4 2 5 5 4 4 0 6 6 0 4 4 5 5 2 4 0 0 0 3 6 2
0 5 5 6 0 7 7 6 6 4 1 9 9 9 9 6 6 0 0 7 5 1 4 6 6 7 7 0 6 5
0 5 0 1 0 7 7 7 6 0 0 9 9 9 9 0 0 0 0 2 2 0 0 6 7 7 7 0 1 0
0 0 0 0 0 6 7 0 7 0 8 9 9 9 9 2 2 7 3 2 0 8 0 7 0 7 6 0 0 0
0 0 0 0 4 6 6 7 3 3 1 9 9 9 9 7 7 7 7 5 6 1 3 3 7 6 6 4 0 0
6 2 0 2 2 4 0 0 3 3 2 9 9 9 9 0 0 0 5 5 0 2 3 3 0 0 4 2 2 0
6 7 2 2 5 1 0 8 1 2 6 1 1 2 2 1 1 2 2 1 1 6 2 1 8 0 1 5 2 2
0 0 8 0 5 5 2 0 6 0 1 6 8 3 2 5 5 2 3 8 6 1 0 6 0 2 5 5 0 8
0 0 8 8 4 7 2 2 5 5 1 8 1 0 3 6 6 3 0 1 8 1 5 5 2 2 7 4 8 8
1 3 3 0 4 0 0 3 7 5 2 3 0 0 0 5 5 0 0 0 3 2 5 7 3 0 0 4 0 3
0 0 3 0 0 0 0 7 7 0 2 2 3 0 0 1 1 0 0 3 2 2 0 7 7 0 0 0 0 3
0 0 4 4 6 6 0 2 7 0 1 5 6 5 1 0 0 1 5 6 5 1 0 7 2 0 6 6 4 4
9 9 9 9 9 9 0 2 7 0 1 5 6 5 1 0 0 1 5 6 5 1 0 7 2 0 6 6 4 4
9 9 9 9 9 9 0 7 7 0 2 2 3 0 0 1 1 0 0 3 2 2 0 7 7 0 0 0 0 3
9 9 9 9 9 9 0 3 7 5 2 3 0 0 0 5 5 0 0 0 3 2 5 7 3 0 0 4 0 3
9 9 9 9 9 9 2 2 5 5 1 8 1 0 3 6 6 3 9 9 9 9 9 9 9 9 7 4 8 8
9 9 9 9 9 9 2 0 6 0 1 6 8 3 2 5 5 2 9 9 9 9 9 9 9 9 5 5 0 8
9 9 9 9 9 9 0 8 1 2 6 1 1 2 2 1 1 2 9 9 9 9 9 9 9 9 1 5 2 2
9 9 9 9 9 9 0 0 3 3 2 0 5 5 0 0 0 0 9 9 9 9 9 9 9 9 4 2 2 0
9 9 9 9 9 9 6 7 3 3 1 6 5 7 7 7 7 7 7 5 6 1 3 3 7 6 6 4 0 0
0 0 0 0 0 6 7 0 7 0 8 0 2 3 7 2 2 7 3 2 0 8 0 7 0 7 6 0 0 0
0 5 0 1 0 7 7 7 6 0 0 2 2 0 0 0 0 0 0 2 2 0 0 6 7 7 7 0 1 0
0 5 5 6 0 7 7 6 6 4 1 5 7 0 0 6 6 0 0 7 5 1 4 6 6 7 7 0 6 5
0 8 2 6 3 0 0 0 4 2 5 5 4 4 0 6 6 0 4 4 5 5 2 4 0 0 0 3 6 2
0 0 2 2 6 6 1 0 0 2 2 0 8 0 0 4 4 0 0 8 0 2 2 0 0 1 6 6 2 2
0 0 2 2 2 5 0 0 0 0 2 8 8 3 3 4 4 3 3 8 8 2 0 0 0 0 5 2 2 2
Output:
0 0 0 0 0 0 0 0 0 6 6 0 0 1 0 0 0 0 1 0 0 6 6 0 0 0 0 0 0 0
0 0 0 0 8 5 5 0 0 2 7 0 0 3 0 0 0 0 3 0 0 7 2 0 0 5 5 8 0 0
0 0 2 2 2 5 0 0 0 0 2 8 8 3 3 4 4 3 3 8 8 2 0 0 0 0 5 2 2 2
0 0 2 2 6 6 1 0 0 2 2 0 8 0 0 4 4 0 0 8 0 2 2 0 0 1 6 6 2 2
0 8 2 6 3 0 0 0 4 2 5 5 4 4 0 6 6 0 4 4 5 5 2 4 0 0 0 3 6 2
0 5 5 6 0 7 7 6 6 4 1 5 7 0 0 6 6 0 0 7 5 1 4 6 6 7 7 0 6 5
0 5 0 1 0 7 7 7 6 0 0 2 2 0 0 0 0 0 0 2 2 0 0 6 7 7 7 0 1 0
0 0 0 0 0 6 7 0 7 0 8 0 2 3 7 2 2 7 3 2 0 8 0 7 0 7 6 0 0 0
0 0 0 0 4 6 6 7 3 3 1 6 5 7 7 7 7 7 7 5 6 1 3 3 7 6 6 4 0 0
6 2 0 2 2 4 0 0 3 3 2 0 5 5 0 0 0 0 5 5 0 2 3 3 0 0 4 2 2 0
6 7 2 2 5 1 0 8 1 2 6 1 1 2 2 1 1 2 2 1 1 6 2 1 8 0 1 5 2 2
0 0 8 0 5 5 2 0 6 0 1 6 8 3 2 5 5 2 3 8 6 1 0 6 0 2 5 5 0 8
0 0 8 8 4 7 2 2 5 5 1 8 1 0 3 6 6 3 0 1 8 1 5 5 2 2 7 4 8 8
1 3 3 0 4 0 0 3 7 5 2 3 0 0 0 5 5 0 0 0 3 2 5 7 3 0 0 4 0 3
0 0 3 0 0 0 0 7 7 0 2 2 3 0 0 1 1 0 0 3 2 2 0 7 7 0 0 0 0 3
0 0 4 4 6 6 0 2 7 0 1 5 6 5 1 0 0 1 5 6 5 1 0 7 2 0 6 6 4 4
0 0 4 4 6 6 0 2 7 0 1 5 6 5 1 0 0 1 5 6 5 1 0 7 2 0 6 6 4 4
0 0 3 0 0 0 0 7 7 0 2 2 3 0 0 1 1 0 0 3 2 2 0 7 7 0 0 0 0 3
1 3 3 0 4 0 0 3 7 5 2 3 0 0 0 5 5 0 0 0 3 2 5 7 3 0 0 4 0 3
0 0 8 8 4 7 2 2 5 5 1 8 1 0 3 6 6 3 0 1 8 1 5 5 2 2 7 4 8 8
0 0 8 0 5 5 2 0 6 0 1 6 8 3 2 5 5 2 3 8 6 1 0 6 0 2 5 5 0 8
6 7 2 2 5 1 0 8 1 2 6 1 1 2 2 1 1 2 2 1 1 6 2 1 8 0 1 5 2 2
6 2 0 2 2 4 0 0 3 3 2 0 5 5 0 0 0 0 5 5 0 2 3 3 0 0 4 2 2 0
0 0 0 0 4 6 6 7 3 3 1 6 5 7 7 7 7 7 7 5 6 1 3 3 7 6 6 4 0 0
0 0 0 0 0 6 7 0 7 0 8 0 2 3 7 2 2 7 3 2 0 8 0 7 0 7 6 0 0 0
0 5 0 1 0 7 7 7 6 0 0 2 2 0 0 0 0 0 0 2 2 0 0 6 7 7 7 0 1 0
0 5 5 6 0 7 7 6 6 4 1 5 7 0 0 6 6 0 0 7 5 1 4 6 6 7 7 0 6 5
0 8 2 6 3 0 0 0 4 2 5 5 4 4 0 6 6 0 4 4 5 5 2 4 0 0 0 3 6 2
0 0 2 2 6 6 1 0 0 2 2 0 8 0 0 4 4 0 0 8 0 2 2 0 0 1 6 6 2 2
0 0 2 2 2 5 0 0 0 0 2 8 8 3 3 4 4 3 3 8 8 2 0 0 0 0 5 2 2 2

Example 7:

Input:
0 0 3 3 0 0 0 6 0 7 7 7 0 5 3 0 0 3 5 0 7 7 7 0 6 0 0 0 3 3
0 0 3 3 0 0 0 8 3 7 5 5 0 0 0 3 3 0 0 0 5 5 7 3 8 0 0 0 3 3
3 3 3 6 6 0 9 9 9 9 9 0 5 5 0 0 0 0 5 5 0 6 1 3 6 0 0 6 6 3
3 3 6 7 6 3 9 9 9 9 9 0 5 7 0 6 6 0 7 5 0 3 3 2 4 4 3 6 7 6
0 0 6 6 4 3 9 9 9 9 9 0 0 0 5 6 6 5 0 0 0 0 0 2 1 4 3 4 6 6
0 0 0 3 3 6 9 9 9 9 9 0 0 0 0 6 6 0 0 0 0 0 0 0 0 0 6 3 3 0
0 0 0 4 4 9 9 9 9 9 9 9 1 4 8 8 8 8 4 1 5 5 5 0 8 0 0 4 4 0
6 8 6 4 1 9 9 9 9 9 9 9 5 8 8 8 8 8 8 5 5 5 1 1 0 8 0 1 4 6
0 3 3 2 2 9 9 9 9 9 9 9 5 0 3 3 3 3 0 5 5 5 5 0 1 0 0 2 2 3
7 7 1 3 0 0 5 1 5 5 5 5 3 6 3 1 1 3 6 3 5 5 9 9 9 9 9 9 3 1
7 5 6 3 0 0 5 5 5 5 0 3 5 5 0 1 1 0 5 5 3 0 9 9 9 9 9 9 3 6
7 5 0 0 0 0 5 5 5 5 3 3 5 5 7 7 7 7 5 5 3 3 9 9 9 9 9 9 0 0
0 0 5 5 0 0 1 5 5 3 5 5 0 5 4 1 1 4 5 0 5 5 3 5 5 1 0 0 5 5
5 0 5 7 0 0 4 8 0 6 5 5 5 5 2 4 4 2 5 5 5 5 6 0 8 4 0 0 7 5
3 0 0 0 5 0 8 8 3 3 0 7 4 2 8 0 0 8 2 4 7 0 3 3 8 8 0 5 0 0
0 3 0 6 6 6 8 8 3 1 1 7 1 4 0 4 4 0 4 1 7 1 1 3 8 8 6 6 6 0
0 3 0 6 6 6 8 8 3 1 1 7 1 4 0 4 4 0 4 1 7 1 1 3 8 8 6 6 6 0
3 0 0 0 5 0 8 8 3 3 0 7 4 2 8 0 0 8 2 4 7 0 3 3 8 8 0 5 0 0
5 0 5 7 0 0 4 8 0 6 5 5 5 5 2 4 4 2 5 5 5 5 6 0 8 4 0 0 7 5
0 0 5 5 0 0 1 5 5 3 5 5 0 5 4 1 1 4 5 0 5 5 3 5 5 1 0 0 5 5
7 5 0 0 0 0 5 5 5 5 3 3 5 5 7 7 7 7 5 5 3 3 5 5 5 5 0 0 0 0
7 5 6 3 0 0 5 5 5 5 0 3 5 5 0 1 1 0 5 5 3 0 5 5 5 5 0 0 3 6
7 7 1 3 0 0 5 1 5 5 5 5 3 6 3 1 1 3 6 3 5 5 5 5 1 5 0 0 3 1
0 3 3 2 2 0 0 1 0 5 5 5 5 0 3 3 3 3 0 5 5 5 5 0 1 0 0 2 2 3
6 8 6 4 1 0 8 0 1 1 5 5 5 8 8 8 8 8 8 5 5 5 1 1 0 8 0 1 4 6
0 0 0 4 4 0 0 8 0 5 5 5 1 4 8 8 8 8 4 1 5 5 5 0 8 0 0 4 4 0
0 0 0 3 3 6 0 0 0 0 0 0 0 0 0 6 6 0 0 0 0 0 0 0 0 0 6 3 3 0
0 0 6 6 4 3 4 1 2 0 0 0 0 0 5 6 6 5 0 0 0 0 0 2 1 4 3 4 6 6
3 3 6 7 6 3 4 4 2 3 3 0 5 7 0 6 6 0 7 5 0 3 3 2 4 4 3 6 7 6
3 3 3 6 6 0 0 6 3 1 6 0 5 5 0 0 0 0 5 5 0 6 1 3 6 0 0 6 6 3
Output:
0 0 3 3 0 0 0 6 0 7 7 7 0 5 3 0 0 3 5 0 7 7 7 0 6 0 0 0 3 3
0 0 3 3 0 0 0 8 3 7 5 5 0 0 0 3 3 0 0 0 5 5 7 3 8 0 0 0 3 3
3 3 3 6 6 0 0 6 3 1 6 0 5 5 0 0 0 0 5 5 0 6 1 3 6 0 0 6 6 3
3 3 6 7 6 3 4 4 2 3 3 0 5 7 0 6 6 0 7 5 0 3 3 2 4 4 3 6 7 6
0 0 6 6 4 3 4 1 2 0 0 0 0 0 5 6 6 5 0 0 0 0 0 2 1 4 3 4 6 6
0 0 0 3 3 6 0 0 0 0 0 0 0 0 0 6 6 0 0 0 0 0 0 0 0 0 6 3 3 0
0 0 0 4 4 0 0 8 0 5 5 5 1 4 8 8 8 8 4 1 5 5 5 0 8 0 0 4 4 0
6 8 6 4 1 0 8 0 1 1 5 5 5 8 8 8 8 8 8 5 5 5 1 1 0 8 0 1 4 6
0 3 3 2 2 0 0 1 0 5 5 5 5 0 3 3 3 3 0 5 5 5 5 0 1 0 0 2 2 3
7 7 1 3 0 0 5 1 5 5 5 5 3 6 3 1 1 3 6 3 5 5 5 5 1 5 0 0 3 1
7 5 6 3 0 0 5 5 5 5 0 3 5 5 0 1 1 0 5 5 3 0 5 5 5 5 0 0 3 6
7 5 0 0 0 0 5 5 5 5 3 3 5 5 7 7 7 7 5 5 3 3 5 5 5 5 0 0 0 0
0 0 5 5 0 0 1 5 5 3 5 5 0 5 4 1 1 4 5 0 5 5 3 5 5 1 0 0 5 5
5 0 5 7 0 0 4 8 0 6 5 5 5 5 2 4 4 2 5 5 5 5 6 0 8 4 0 0 7 5
3 0 0 0 5 0 8 8 3 3 0 7 4 2 8 0 0 8 2 4 7 0 3 3 8 8 0 5 0 0
0 3 0 6 6 6 8 8 3 1 1 7 1 4 0 4 4 0 4 1 7 1 1 3 8 8 6 6 6 0
0 3 0 6 6 6 8 8 3 1 1 7 1 4 0 4 4 0 4 1 7 1 1 3 8 8 6 6 6 0
3 0 0 0 5 0 8 8 3 3 0 7 4 2 8 0 0 8 2 4 7 0 3 3 8 8 0 5 0 0
5 0 5 7 0 0 4 8 0 6 5 5 5 5 2 4 4 2 5 5 5 5 6 0 8 4 0 0 7 5
0 0 5 5 0 0 1 5 5 3 5 5 0 5 4 1 1 4 5 0 5 5 3 5 5 1 0 0 5 5
7 5 0 0 0 0 5 5 5 5 3 3 5 5 7 7 7 7 5 5 3 3 5 5 5 5 0 0 0 0
7 5 6 3 0 0 5 5 5 5 0 3 5 5 0 1 1 0 5 5 3 0 5 5 5 5 0 0 3 6
7 7 1 3 0 0 5 1 5 5 5 5 3 6 3 1 1 3 6 3 5 5 5 5 1 5 0 0 3 1
0 3 3 2 2 0 0 1 0 5 5 5 5 0 3 3 3 3 0 5 5 5 5 0 1 0 0 2 2 3
6 8 6 4 1 0 8 0 1 1 5 5 5 8 8 8 8 8 8 5 5 5 1 1 0 8 0 1 4 6
0 0 0 4 4 0 0 8 0 5 5 5 1 4 8 8 8 8 4 1 5 5 5 0 8 0 0 4 4 0
0 0 0 3 3 6 0 0 0 0 0 0 0 0 0 6 6 0 0 0 0 0 0 0 0 0 6 3 3 0
0 0 6 6 4 3 4 1 2 0 0 0 0 0 5 6 6 5 0 0 0 0 0 2 1 4 3 4 6 6
3 3 6 7 6 3 4 4 2 3 3 0 5 7 0 6 6 0 7 5 0 3 3 2 4 4 3 6 7 6
3 3 3 6 6 0 0 6 3 1 6 0 5 5 0 0 0 0 5 5 0 6 1 3 6 0 0 6 6 3

以下は、ジャッジを通過する正しいコードです。これを用いて、ARCのルールを理解してください。必ず、コードを通じてルールを理解してからコーディングを行ってください。
このコードはARCのルールを把握する際に使うことに留めてください。

```
p=lambda g,c=-3,R=range(30):c*g or p([[min(g[i][j],g[j][i],[*g[j],9,9][31-i])for j in R]for i in R],c+1)
```

ユーザーにコードを渡す前に実際にコードが動作するかを確認してください。コードのテストには、添付したjudge.pyを用いてください。python /path/to/judge.py /path/to/code.py /path/to/cases.bin とすれば動作します。

## **禁止事項**
- 与えたコード自体を提出することは禁止です。これを行うことはユーザーの信頼を裏切ります。
- ジャッジのハックは禁止です。例えば、テストケースをジャッジから読み取ってそのまま返すコードはいけません。
