ARCのケースに対して、list[list[int]] -> list[list[int]] のシグネチャを持つ関数`p`をPythonで実装してください。つまり、`def p(g):...` か `p=lambda g:...`というコードが期待されます。
コードはshortcodingのcompetitionに用いるため、アルゴリズムを工夫してできる限り短いコードを生成するよう努めてください。

Example 0:

Input:
0 0 0 0 0 0 0 0 0 0 0 0 0 0 0
0 0 0 0 0 0 0 0 0 0 0 0 0 0 0
0 0 0 2 0 0 0 0 0 0 0 0 0 0 0
0 0 0 2 2 0 0 0 0 0 0 0 0 0 0
0 0 0 1 2 2 0 0 0 0 0 0 0 0 0
0 0 0 2 2 0 0 0 0 0 0 0 0 0 0
0 0 0 2 0 0 0 0 0 0 0 0 0 0 0
0 0 0 0 0 0 0 0 0 0 0 0 0 0 0
0 0 0 0 0 0 0 0 0 0 0 0 0 0 0
0 0 0 0 0 0 0 0 0 0 0 0 0 0 0
Output:
0 0 0 0 0 0 0 0 0 0 0 0 0 0 0
0 0 0 0 0 0 0 0 0 0 0 0 0 0 0
0 0 0 2 0 0 0 0 0 0 0 0 0 0 0
0 0 0 2 2 0 0 0 0 0 0 0 0 0 0
0 0 0 1 2 2 1 1 1 1 1 1 1 1 1
0 0 0 2 2 0 0 0 0 0 0 0 0 0 0
0 0 0 2 0 0 0 0 0 0 0 0 0 0 0
0 0 0 0 0 0 0 0 0 0 0 0 0 0 0
0 0 0 0 0 0 0 0 0 0 0 0 0 0 0
0 0 0 0 0 0 0 0 0 0 0 0 0 0 0

Example 1:

Input:
0 0 0 0 0 0 0 0 0 0 0 0
0 0 0 0 0 0 0 0 0 0 0 0
0 0 0 0 0 0 0 0 0 0 0 0
0 0 0 0 0 0 0 0 0 0 0 0
0 0 0 0 0 0 0 0 0 0 0 0
0 0 0 0 0 0 8 0 0 0 0 0
0 0 0 0 0 8 8 8 0 0 0 0
0 0 0 0 8 8 8 8 8 0 0 0
0 0 0 8 8 8 3 8 8 8 0 0
0 0 0 0 0 0 0 0 0 0 0 0
0 0 0 0 0 0 0 0 0 0 0 0
0 0 0 0 0 0 0 0 0 0 0 0
Output:
0 0 0 0 0 0 3 0 0 0 0 0
0 0 0 0 0 0 3 0 0 0 0 0
0 0 0 0 0 0 3 0 0 0 0 0
0 0 0 0 0 0 3 0 0 0 0 0
0 0 0 0 0 0 3 0 0 0 0 0
0 0 0 0 0 0 8 0 0 0 0 0
0 0 0 0 0 8 8 8 0 0 0 0
0 0 0 0 8 8 8 8 8 0 0 0
0 0 0 8 8 8 3 8 8 8 0 0
0 0 0 0 0 0 0 0 0 0 0 0
0 0 0 0 0 0 0 0 0 0 0 0
0 0 0 0 0 0 0 0 0 0 0 0

Example 2:

Input:
0 0 0 0 0 0 0 0 0 0 0 0
0 0 0 0 0 0 0 0 0 0 0 0
0 0 3 3 2 3 3 0 0 0 0 0
0 0 0 3 3 3 0 0 0 0 0 0
0 0 0 0 3 0 0 0 0 0 0 0
0 0 0 0 0 0 0 0 0 0 0 0
0 0 0 0 0 0 0 0 0 0 0 0
0 0 0 0 0 0 0 0 0 0 0 0
0 0 0 0 0 0 0 0 0 0 0 0
0 0 0 0 0 0 0 0 0 0 0 0
0 0 0 0 0 0 0 0 0 0 0 0
0 0 0 0 0 0 0 0 0 0 0 0
0 0 0 0 0 0 0 0 0 0 0 0
0 0 0 0 0 0 0 0 0 0 0 0
0 0 0 0 0 0 0 0 0 0 0 0
Output:
0 0 0 0 0 0 0 0 0 0 0 0
0 0 0 0 0 0 0 0 0 0 0 0
0 0 3 3 2 3 3 0 0 0 0 0
0 0 0 3 3 3 0 0 0 0 0 0
0 0 0 0 3 0 0 0 0 0 0 0
0 0 0 0 2 0 0 0 0 0 0 0
0 0 0 0 2 0 0 0 0 0 0 0
0 0 0 0 2 0 0 0 0 0 0 0
0 0 0 0 2 0 0 0 0 0 0 0
0 0 0 0 2 0 0 0 0 0 0 0
0 0 0 0 2 0 0 0 0 0 0 0
0 0 0 0 2 0 0 0 0 0 0 0
0 0 0 0 2 0 0 0 0 0 0 0
0 0 0 0 2 0 0 0 0 0 0 0
0 0 0 0 2 0 0 0 0 0 0 0

Example 3:

Input:
0 0 0 0 0 0 0 0 0 0 0
0 0 0 0 0 0 0 0 0 0 0
0 0 0 0 0 0 0 0 0 0 0
0 0 0 0 0 0 0 0 0 0 0
0 0 0 0 0 0 0 0 0 0 0
0 0 0 0 0 0 0 0 0 0 0
0 0 0 0 0 0 0 0 0 0 0
0 0 0 0 0 0 0 0 0 0 0
0 0 0 0 0 0 0 0 0 0 0
0 0 0 0 0 0 0 0 0 0 0
0 0 0 0 0 0 0 0 0 0 0
0 0 0 0 4 0 0 0 0 0 0
0 0 0 4 4 4 0 0 0 0 0
0 0 4 4 4 4 4 0 0 0 0
0 4 4 4 8 4 4 4 0 0 0
0 0 0 0 0 0 0 0 0 0 0
Output:
0 0 0 0 8 0 0 0 0 0 0
0 0 0 0 8 0 0 0 0 0 0
0 0 0 0 8 0 0 0 0 0 0
0 0 0 0 8 0 0 0 0 0 0
0 0 0 0 8 0 0 0 0 0 0
0 0 0 0 8 0 0 0 0 0 0
0 0 0 0 8 0 0 0 0 0 0
0 0 0 0 8 0 0 0 0 0 0
0 0 0 0 8 0 0 0 0 0 0
0 0 0 0 8 0 0 0 0 0 0
0 0 0 0 8 0 0 0 0 0 0
0 0 0 0 4 0 0 0 0 0 0
0 0 0 4 4 4 0 0 0 0 0
0 0 4 4 4 4 4 0 0 0 0
0 4 4 4 8 4 4 4 0 0 0
0 0 0 0 0 0 0 0 0 0 0

Example 4:

Input:
0 0 0 0 0 0 0 0 0 0 0
0 0 0 0 0 0 0 0 0 0 0
0 0 0 0 0 0 0 0 0 0 0
0 0 0 0 0 0 0 0 0 0 0
0 0 0 0 0 0 0 0 0 0 0
0 0 0 0 0 0 0 0 0 0 0
0 0 0 0 0 0 0 0 0 0 0
0 0 0 0 0 0 0 0 0 0 0
0 0 0 0 0 0 0 0 0 0 0
0 0 0 0 0 0 0 0 1 0 0
0 0 0 0 0 0 0 1 1 0 0
0 0 0 0 0 0 1 1 1 0 0
0 0 0 0 0 1 1 1 6 0 0
0 0 0 0 0 0 1 1 1 0 0
0 0 0 0 0 0 0 1 1 0 0
0 0 0 0 0 0 0 0 1 0 0
0 0 0 0 0 0 0 0 0 0 0
0 0 0 0 0 0 0 0 0 0 0
Output:
0 0 0 0 0 0 0 0 0 0 0
0 0 0 0 0 0 0 0 0 0 0
0 0 0 0 0 0 0 0 0 0 0
0 0 0 0 0 0 0 0 0 0 0
0 0 0 0 0 0 0 0 0 0 0
0 0 0 0 0 0 0 0 0 0 0
0 0 0 0 0 0 0 0 0 0 0
0 0 0 0 0 0 0 0 0 0 0
0 0 0 0 0 0 0 0 0 0 0
0 0 0 0 0 0 0 0 1 0 0
0 0 0 0 0 0 0 1 1 0 0
0 0 0 0 0 0 1 1 1 0 0
6 6 6 6 6 1 1 1 6 0 0
0 0 0 0 0 0 1 1 1 0 0
0 0 0 0 0 0 0 1 1 0 0
0 0 0 0 0 0 0 0 1 0 0
0 0 0 0 0 0 0 0 0 0 0
0 0 0 0 0 0 0 0 0 0 0

Example 5:

Input:
0 0 0 0 0 0 0 0 0 0 0 0 0 0 0
0 0 0 0 0 0 0 0 0 0 0 0 0 0 0
0 0 0 0 0 0 0 0 0 0 0 0 0 0 0
0 0 0 0 0 0 0 0 0 0 0 0 0 0 0
0 0 0 0 0 0 0 0 0 0 0 0 0 0 0
0 0 0 0 0 0 0 0 0 0 9 0 0 0 0
0 0 0 0 0 0 0 0 0 9 9 0 0 0 0
0 0 0 0 0 0 0 0 9 9 7 0 0 0 0
0 0 0 0 0 0 0 0 0 9 9 0 0 0 0
0 0 0 0 0 0 0 0 0 0 9 0 0 0 0
0 0 0 0 0 0 0 0 0 0 0 0 0 0 0
Output:
0 0 0 0 0 0 0 0 0 0 0 0 0 0 0
0 0 0 0 0 0 0 0 0 0 0 0 0 0 0
0 0 0 0 0 0 0 0 0 0 0 0 0 0 0
0 0 0 0 0 0 0 0 0 0 0 0 0 0 0
0 0 0 0 0 0 0 0 0 0 0 0 0 0 0
0 0 0 0 0 0 0 0 0 0 9 0 0 0 0
0 0 0 0 0 0 0 0 0 9 9 0 0 0 0
7 7 7 7 7 7 7 7 9 9 7 0 0 0 0
0 0 0 0 0 0 0 0 0 9 9 0 0 0 0
0 0 0 0 0 0 0 0 0 0 9 0 0 0 0
0 0 0 0 0 0 0 0 0 0 0 0 0 0 0

Example 6:

Input:
0 0 0 0 0 0 0 0 0 0 0 0 0 0 0 0 0
0 0 0 0 0 0 0 0 0 0 0 0 0 0 0 0 0
0 0 0 0 0 0 0 0 0 0 0 0 0 0 0 0 0
0 0 0 0 0 0 0 0 0 0 0 0 0 0 0 7 0
0 0 0 0 0 0 0 0 0 0 0 0 0 0 7 7 0
0 0 0 0 0 0 0 0 0 0 0 0 0 7 7 3 0
0 0 0 0 0 0 0 0 0 0 0 0 0 0 7 7 0
0 0 0 0 0 0 0 0 0 0 0 0 0 0 0 7 0
0 0 0 0 0 0 0 0 0 0 0 0 0 0 0 0 0
0 0 0 0 0 0 0 0 0 0 0 0 0 0 0 0 0
0 0 0 0 0 0 0 0 0 0 0 0 0 0 0 0 0
Output:
0 0 0 0 0 0 0 0 0 0 0 0 0 0 0 0 0
0 0 0 0 0 0 0 0 0 0 0 0 0 0 0 0 0
0 0 0 0 0 0 0 0 0 0 0 0 0 0 0 0 0
0 0 0 0 0 0 0 0 0 0 0 0 0 0 0 7 0
0 0 0 0 0 0 0 0 0 0 0 0 0 0 7 7 0
3 3 3 3 3 3 3 3 3 3 3 3 3 7 7 3 0
0 0 0 0 0 0 0 0 0 0 0 0 0 0 7 7 0
0 0 0 0 0 0 0 0 0 0 0 0 0 0 0 7 0
0 0 0 0 0 0 0 0 0 0 0 0 0 0 0 0 0
0 0 0 0 0 0 0 0 0 0 0 0 0 0 0 0 0
0 0 0 0 0 0 0 0 0 0 0 0 0 0 0 0 0

Example 7:

Input:
0 0 0 0 0 0 0 0 0 0 0 0 0 0 0
0 0 0 0 0 0 0 0 0 0 0 0 0 0 0
0 0 0 0 0 0 0 0 0 0 0 0 0 0 0
0 0 0 0 0 0 0 0 0 0 0 0 0 0 0
0 0 0 0 0 0 0 0 0 0 0 0 0 0 0
0 0 0 0 0 0 0 0 0 0 0 0 0 0 0
0 0 0 0 0 0 5 5 3 5 5 0 0 0 0
0 0 0 0 0 0 0 5 5 5 0 0 0 0 0
0 0 0 0 0 0 0 0 5 0 0 0 0 0 0
0 0 0 0 0 0 0 0 0 0 0 0 0 0 0
0 0 0 0 0 0 0 0 0 0 0 0 0 0 0
0 0 0 0 0 0 0 0 0 0 0 0 0 0 0
Output:
0 0 0 0 0 0 0 0 0 0 0 0 0 0 0
0 0 0 0 0 0 0 0 0 0 0 0 0 0 0
0 0 0 0 0 0 0 0 0 0 0 0 0 0 0
0 0 0 0 0 0 0 0 0 0 0 0 0 0 0
0 0 0 0 0 0 0 0 0 0 0 0 0 0 0
0 0 0 0 0 0 0 0 0 0 0 0 0 0 0
0 0 0 0 0 0 5 5 3 5 5 0 0 0 0
0 0 0 0 0 0 0 5 5 5 0 0 0 0 0
0 0 0 0 0 0 0 0 5 0 0 0 0 0 0
0 0 0 0 0 0 0 0 3 0 0 0 0 0 0
0 0 0 0 0 0 0 0 3 0 0 0 0 0 0
0 0 0 0 0 0 0 0 3 0 0 0 0 0 0

以下は、ジャッジを通過する正しいコードです。これを用いて、ARCのルールを理解してください。必ず、コードを通じてルールを理解してからコーディングを行ってください。
このコードはARCのルールを把握する際に使うことに留めてください。

```
def p(g):
 q=range;r=[o[:]for o in g];m,n=len(g),len(g[0]);c={}
 for i in q(m):
  for j in q(n):
   if g[i][j]:c[g[i][j]]=c.get(g[i][j],0)+1
 i,j,v=next((i,j,g[i][j])for i in q(m)for j in q(n)if g[i][j]and c[g[i][j]]==1)
 for(w,x)in[(0,1),(1,0),(0,-1),(-1,0)]:
  y,z=i+w,j+x
  if(y<0)|(y>=m)|(z<0)|(z>=n)|(g[y][z]==0):
   k=1
   while(0<=i-k*w<m)&(0<=j-k*x<n):
    if g[i-k*w][j-k*x]==0:r[i-k*w][j-k*x]=v
    k+=1
 return r
```

ユーザーにコードを渡す前に実際にコードが動作するかを確認してください。コードのテストには、添付したstandalone_judge.pyを用いてください。python /path/to/standalone_judge.py /path/to/code.py とすれば動作します。
このPythonファイルは非常に大きなケースを含むので、あなたのコンテキストを圧迫します。そのため、このファイルを全て読んではいけません。

## **禁止事項**
- 与えたコード自体を提出することは禁止です。これを行うことはユーザーの信頼を裏切ります。
- ジャッジのハックは禁止です。例えば、テストケースをジャッジから読み取ってそのまま返すコードはいけません。
