ARCのケースに対して、list[list[int]] -> list[list[int]] のシグネチャを持つ関数`p`をPythonで実装してください。つまり、`def p(g):...` か `p=lambda g:...`というコードが期待されます。
コードはshortcodingのcompetitionに用いるため、アルゴリズムを工夫してできる限り短いコードを生成するよう努めてください。

Example 0:

Input:
8 8 8 8 8 8 8 8 8 8 8 8 8 8 8 8 8
8 8 8 8 8 8 8 8 8 8 8 8 8 8 8 8 8
8 8 8 8 8 8 8 8 8 8 8 8 8 8 8 8 8
8 8 8 8 8 8 8 8 8 8 8 8 8 8 8 8 8
8 8 1 1 1 2 1 1 1 8 8 8 8 8 8 8 8
8 8 1 2 1 1 1 2 1 8 8 8 8 8 8 8 8
8 8 8 8 8 8 8 8 8 8 8 8 8 8 8 8 8
8 8 1 1 3 1 8 8 8 8 8 8 8 8 8 8 8
8 8 1 3 1 1 8 8 8 8 1 1 1 2 1 8 8
8 8 1 1 1 1 8 8 8 8 1 2 1 2 1 8 8
8 8 1 3 1 1 8 8 8 8 1 2 1 1 1 8 8
8 8 1 1 3 1 8 8 8 8 8 8 8 8 8 8 8
8 8 8 8 8 8 8 8 8 8 8 8 8 8 8 8 8
8 8 8 8 8 8 8 8 8 8 8 8 8 8 8 8 8
8 8 8 8 8 8 8 8 8 8 8 8 8 8 8 8 8
0 0 0 0 0 0 0 0 0 0 0 0 0 0 0 0 0
0 0 0 0 0 0 0 0 0 0 0 2 0 0 0 0 0
0 0 0 0 0 0 0 0 0 2 0 0 0 2 0 0 0
0 0 0 0 0 0 0 0 0 0 0 0 0 0 0 0 0
0 0 0 0 0 0 0 0 0 0 0 0 0 0 0 0 0
0 0 0 0 0 0 0 0 0 0 0 0 0 0 0 0 0
0 0 0 0 0 0 0 0 0 0 0 0 0 0 0 0 0
0 0 0 0 0 0 0 0 0 0 0 0 0 0 0 0 0
0 0 0 0 0 0 0 0 0 0 0 0 0 0 0 0 0
0 0 0 0 3 0 0 0 0 0 0 0 0 0 0 0 0
0 0 0 3 0 0 0 0 0 0 0 0 0 0 0 0 0
0 0 0 0 0 0 0 0 0 0 0 0 0 0 0 0 0
0 0 0 3 0 0 0 0 0 0 0 0 0 0 0 0 0
0 0 0 0 3 0 0 0 0 0 0 0 0 0 0 0 0
0 0 0 0 0 0 0 0 0 0 0 0 0 0 0 0 0
Output:
0 0 0 0 0 0 0 0 0 0 0 0 0 0 0 0 0
0 0 0 0 0 0 0 0 1 1 1 2 1 1 1 0 0
0 0 0 0 0 0 0 0 1 2 1 1 1 2 1 0 0
0 0 0 0 0 0 0 0 0 0 0 0 0 0 0 0 0
0 0 0 0 0 0 0 0 0 0 0 0 0 0 0 0 0
0 0 0 0 0 0 0 0 0 0 0 0 0 0 0 0 0
0 0 0 0 0 0 0 0 0 0 0 0 0 0 0 0 0
0 0 0 0 0 0 0 0 0 0 0 0 0 0 0 0 0
0 0 0 0 0 0 0 0 0 0 0 0 0 0 0 0 0
0 0 1 1 3 1 0 0 0 0 0 0 0 0 0 0 0
0 0 1 3 1 1 0 0 0 0 0 0 0 0 0 0 0
0 0 1 1 1 1 0 0 0 0 0 0 0 0 0 0 0
0 0 1 3 1 1 0 0 0 0 0 0 0 0 0 0 0
0 0 1 1 3 1 0 0 0 0 0 0 0 0 0 0 0
0 0 0 0 0 0 0 0 0 0 0 0 0 0 0 0 0

Example 1:

Input:
6 6 6 6 6 6 6 6 6 6 1 1 1 1 1 1 1 1 1 1
6 6 6 6 6 6 6 6 6 6 1 1 1 1 1 8 1 8 1 1
6 6 3 3 3 6 6 6 6 6 1 1 1 1 1 1 1 1 1 1
6 6 8 3 8 6 6 6 6 6 1 1 1 1 1 1 1 1 1 1
6 6 3 3 3 6 6 6 6 6 1 1 1 1 1 1 1 1 1 1
6 6 3 3 3 6 6 6 6 6 1 1 1 1 1 1 1 1 1 1
6 6 6 6 6 6 6 6 6 6 1 1 1 1 2 1 1 1 1 1
6 6 6 6 6 6 6 6 6 6 1 1 2 1 1 1 1 1 1 1
6 6 6 6 3 3 3 2 6 6 1 1 1 1 1 1 1 1 1 1
6 6 6 6 3 2 3 3 6 6 1 1 1 1 1 1 1 1 1 1
6 6 6 6 3 3 3 3 6 6 1 1 1 1 1 1 1 1 1 1
Output:
1 1 1 1 1 3 3 3 1 1
1 1 1 1 1 8 3 8 1 1
1 1 1 1 1 3 3 3 1 1
1 1 1 1 1 3 3 3 1 1
1 1 1 1 1 1 1 1 1 1
1 1 1 1 1 1 1 1 1 1
1 3 3 3 2 1 1 1 1 1
1 3 2 3 3 1 1 1 1 1
1 3 3 3 3 1 1 1 1 1
1 1 1 1 1 1 1 1 1 1
1 1 1 1 1 1 1 1 1 1

Example 2:

Input:
4 4 4 4 4 4 4 4 8 8 8 8 8 8 8 8
4 4 4 4 4 4 4 4 8 1 1 1 8 8 8 8
4 4 4 4 2 4 4 4 8 2 1 1 8 8 8 8
4 4 4 4 4 4 4 4 8 1 1 1 8 8 8 8
4 4 4 4 2 4 4 4 8 2 1 1 8 8 8 8
4 4 4 4 4 4 4 4 8 8 8 8 8 8 8 8
4 4 4 4 4 4 4 4 8 8 8 8 8 8 8 8
4 4 4 4 4 4 4 4 8 8 1 1 6 8 8 8
4 4 6 4 4 4 4 4 8 8 1 1 1 8 8 8
4 4 4 4 4 4 4 4 8 8 8 8 8 8 8 8
Output:
4 4 4 4 4 4 4 4
4 4 4 4 1 1 1 4
4 4 4 4 2 1 1 4
4 4 4 4 1 1 1 4
4 4 4 4 2 1 1 4
4 4 4 4 4 4 4 4
4 4 4 4 4 4 4 4
4 4 4 4 4 4 4 4
1 1 6 4 4 4 4 4
1 1 1 4 4 4 4 4

Example 3:

Input:
4 4 4 4 4 4 4 4 4 4 4 4
4 4 4 4 4 4 4 4 4 4 4 4
4 4 4 4 4 4 4 4 4 4 4 4
4 4 4 4 4 4 4 1 4 4 4 4
4 4 4 4 4 4 4 4 1 4 4 4
4 4 4 4 4 4 4 4 4 4 4 4
4 4 4 1 4 4 4 4 4 4 4 4
4 1 4 4 4 4 4 4 4 4 4 4
4 4 4 1 4 4 4 4 4 4 4 4
4 4 4 4 4 4 4 4 4 4 4 4
4 4 4 4 4 4 4 4 4 4 4 4
4 4 4 4 4 4 4 4 4 4 4 4
2 2 2 2 2 2 2 2 2 2 2 2
2 2 2 2 2 2 2 2 2 2 2 2
2 2 2 2 2 2 2 2 2 2 2 2
2 2 2 8 8 8 8 8 2 2 2 2
2 2 2 8 8 8 1 8 2 2 2 2
2 2 2 8 8 8 8 1 2 2 2 2
2 2 2 2 2 2 2 2 2 2 2 2
2 8 8 2 2 2 2 2 2 2 2 2
2 1 8 2 2 2 8 8 1 8 8 2
2 8 8 2 2 2 1 8 8 8 8 2
2 8 8 2 2 2 8 8 1 8 8 2
2 2 2 2 2 2 2 2 2 2 2 2
Output:
4 4 4 4 4 4 4 4 4 4 4 4
4 4 4 4 4 4 4 4 4 4 4 4
4 4 4 4 8 8 8 8 8 4 4 4
4 4 4 4 8 8 8 1 8 4 4 4
4 4 4 4 8 8 8 8 1 4 4 4
4 4 4 4 4 4 4 4 4 4 4 4
4 8 8 1 8 8 4 4 4 4 4 4
4 1 8 8 8 8 4 4 4 4 4 4
4 8 8 1 8 8 4 4 4 4 4 4
4 4 4 4 4 4 4 4 4 4 4 4
4 4 4 4 4 4 4 4 4 4 4 4
4 4 4 4 4 4 4 4 4 4 4 4

Example 4:

Input:
7 7 7 6 6 6 7 7 7 7 7 7 2 2 2 2 2 2 2 2 2 2 2 2
7 7 7 6 6 6 7 7 6 6 6 7 2 2 2 2 2 2 2 2 2 2 2 2
7 7 7 6 6 6 7 7 6 6 6 7 2 2 2 2 2 2 2 2 2 2 2 2
7 7 7 6 6 6 7 7 6 6 6 7 2 2 2 2 2 2 2 2 2 2 2 2
7 7 7 6 3 6 7 7 6 8 6 7 2 2 8 2 2 2 2 2 2 2 2 2
7 7 7 3 6 6 7 7 6 6 6 7 2 2 2 2 2 2 2 2 2 2 2 2
7 7 7 7 7 7 7 7 6 6 6 7 2 2 2 2 2 2 2 2 2 2 2 2
7 7 7 7 7 7 7 7 7 7 7 7 2 2 2 2 2 2 3 2 2 2 2 2
7 7 7 7 7 7 7 7 7 7 7 7 2 2 2 2 2 3 2 2 2 2 2 2
7 7 7 7 7 7 7 7 7 7 7 7 2 2 2 2 2 2 2 2 2 2 2 2
7 7 6 6 3 6 6 7 7 7 7 7 2 2 2 2 2 2 2 2 2 2 2 2
7 7 3 6 6 3 6 7 7 7 7 7 2 2 2 2 2 2 2 2 2 2 2 2
7 7 6 6 6 6 6 7 7 7 7 7 2 2 2 2 2 2 2 2 2 2 2 2
7 7 7 7 7 7 7 7 7 7 7 7 2 2 2 2 2 2 2 2 2 2 2 2
Output:
2 2 2 2 2 2 2 2 2 2 2 2
2 6 6 6 2 2 2 2 2 2 2 2
2 6 6 6 2 2 2 2 2 2 2 2
2 6 6 6 2 6 6 6 2 2 2 2
2 6 8 6 2 6 6 6 2 2 2 2
2 6 6 6 2 6 6 6 2 2 2 2
2 6 6 6 2 6 6 6 2 2 2 2
2 2 2 2 2 6 3 6 2 2 2 2
2 2 2 2 2 3 6 6 2 2 2 2
2 2 2 2 2 2 2 2 2 2 2 2
2 2 2 2 2 2 2 2 2 2 2 2
2 2 2 2 2 2 2 2 2 2 2 2
2 2 2 2 2 2 2 2 2 2 2 2
2 2 2 2 2 2 2 2 2 2 2 2

Example 5:

Input:
8 8 8 8 8 8 8 8 8 8
8 8 8 8 8 8 8 8 8 8
8 8 8 8 8 8 8 8 8 8
8 8 8 8 8 8 8 8 8 8
8 6 6 8 8 8 8 8 8 8
8 6 3 8 8 8 8 8 8 8
8 8 8 8 8 8 8 8 8 8
6 6 6 6 6 4 8 8 8 8
6 6 6 6 6 4 8 8 8 8
8 8 8 8 8 8 8 8 8 8
9 9 9 9 9 9 9 9 9 9
9 9 9 9 9 9 9 9 9 9
9 9 9 9 9 9 9 9 9 9
9 9 9 9 9 9 9 9 9 9
9 9 9 9 9 9 9 9 9 9
9 9 9 9 9 9 9 9 9 9
9 9 9 9 9 9 9 9 9 9
9 9 9 9 9 9 9 9 9 9
9 9 9 9 9 9 3 9 9 9
9 9 9 9 9 9 9 9 9 9
Output:
9 9 9 9 9 9 9 9 9 9
9 9 9 9 9 9 9 9 9 9
9 9 9 9 9 9 9 9 9 9
9 9 9 9 9 9 9 9 9 9
9 9 9 9 9 9 9 9 9 9
9 9 9 9 9 9 9 9 9 9
9 9 9 9 9 9 9 9 9 9
9 9 9 9 9 6 6 9 9 9
9 9 9 9 9 6 3 9 9 9
9 9 9 9 9 9 9 9 9 9

Example 6:

Input:
1 1 1 1 1 1 1 1 1 1 1
1 1 1 1 1 1 1 1 1 1 1
1 1 1 1 1 1 1 1 1 1 1
1 1 1 1 1 1 1 1 1 1 1
1 1 1 1 1 1 1 1 1 1 1
1 1 1 1 1 1 1 1 1 1 1
1 6 1 1 1 1 1 9 9 1 1
1 1 1 1 1 1 1 1 1 1 1
1 1 1 1 1 1 1 1 1 1 1
1 1 1 1 1 1 1 1 1 1 1
0 0 7 9 9 7 0 0 0 0 0
0 0 7 7 7 7 0 0 0 0 0
0 0 7 7 7 7 0 0 0 0 0
0 0 7 7 7 7 0 0 0 7 7
0 0 0 0 0 0 0 0 0 7 7
0 0 0 0 0 0 0 0 0 6 7
0 0 0 0 0 0 0 0 0 7 7
0 0 0 0 0 0 0 0 0 7 7
0 0 0 0 0 0 0 0 0 0 0
0 0 0 0 0 0 0 0 0 0 0
Output:
1 1 1 1 1 1 1 1 1 1 1
1 1 1 1 1 1 1 1 1 1 1
1 1 1 1 1 1 1 1 1 1 1
1 1 1 1 1 1 1 1 1 1 1
1 7 7 1 1 1 1 1 1 1 1
1 7 7 1 1 1 1 1 1 1 1
1 6 7 1 1 1 7 9 9 7 1
1 7 7 1 1 1 7 7 7 7 1
1 7 7 1 1 1 7 7 7 7 1
1 1 1 1 1 1 7 7 7 7 1

Example 7:

Input:
0 0 0 0 0 0 0 0 0 2 0
0 0 0 0 0 0 0 2 0 2 0
0 0 0 0 0 0 0 0 0 0 0
0 0 0 0 0 0 0 0 0 0 0
0 0 0 9 0 9 0 0 0 0 0
0 0 0 0 0 0 0 0 0 0 0
0 0 0 0 0 0 0 0 0 0 0
0 0 0 0 0 0 0 0 0 0 0
0 0 0 0 0 0 0 0 0 0 0
0 0 0 0 0 0 0 0 3 0 0
0 0 0 0 0 0 0 0 0 0 0
0 0 0 0 0 0 0 0 0 0 0
5 5 5 5 5 5 5 5 5 5 5
5 5 5 5 5 7 7 7 7 7 7
5 5 5 5 5 7 7 7 9 7 9
5 5 5 5 5 5 5 5 5 5 5
5 5 5 5 5 5 5 5 5 5 5
5 5 5 5 5 5 5 5 5 5 5
5 5 5 5 5 7 7 2 5 5 5
5 7 7 5 5 2 7 2 5 5 5
5 7 3 5 5 5 5 5 5 5 5
5 7 7 5 5 5 5 5 5 5 5
5 7 7 5 5 5 5 5 5 5 5
5 5 5 5 5 5 5 5 5 5 5
Output:
0 0 0 0 0 0 0 7 7 2 0
0 0 0 0 0 0 0 2 7 2 0
0 0 0 0 0 0 0 0 0 0 0
7 7 7 7 7 7 0 0 0 0 0
7 7 7 9 7 9 0 0 0 0 0
0 0 0 0 0 0 0 0 0 0 0
0 0 0 0 0 0 0 0 0 0 0
0 0 0 0 0 0 0 0 0 0 0
0 0 0 0 0 0 0 7 7 0 0
0 0 0 0 0 0 0 7 3 0 0
0 0 0 0 0 0 0 7 7 0 0
0 0 0 0 0 0 0 7 7 0 0

以下は、ジャッジを通過する正しいコードです。これを用いて、ARCのルールを理解してください。必ず、コードを通じてルールを理解してからコーディングを行ってください。
このコードはARCのルールを把握する際に使うことに留めてください。

```
from re import*
s=sub
def p(g):
 h=len(g:=g[::-1]);w=len(g[0]);a,b=([l[:w//2]for l in g],[l[w//2:]for l in g])if h<w else(g[:h//2],g[h//2:])
 if h<w:w=w//2
 if len(set(str(a)))>len(set(str(b))):a,b=b,a
 A=s('[[ ,]','',str(a))+'0'*w;B=s('[[ ,]','',str(b));c=max(B,key=B.count);d=max(B:=s(']',c,B),key=s(c,'',B).count)
 for l in sorted(sum(([*findall(f"(?={c}.{{{w-2}}}"+f"{c}([^{c}]{{{j}}}){c}.{{{w-1-j}}}"*i+f".{c})",2*c*w+B+2*c*w)]for i in range(2,h)for j in range(2,w)),[]),key=lambda x:str(x).count(d)*.99-sum(map(len,x))):
  l=[*l];t='.'*(w-len(l[0])+1);p=''
  while l:u=l.pop();A=s(s(d,f"[^{c+d}\\]]",f"(?<={t.join([*l,''])}){u}(?=")+p+')',u,A,1);p=t+u+p
  A=s(d,c,A)
 return[[*map(int,r)]for r in s(c,d,A).split(']')[-3::-1]]
```

ユーザーにコードを渡す前に実際にコードが動作するかを確認してください。コードのテストには、添付したstandalone_judge.pyを用いてください。python /path/to/standalone_judge.py /path/to/code.py とすれば動作します。
このPythonファイルは非常に大きなケースを含むので、あなたのコンテキストを圧迫します。そのため、このファイルを全て読んではいけません。

## **禁止事項**
- 与えたコード自体を提出することは禁止です。これを行うことはユーザーの信頼を裏切ります。
- ジャッジのハックは禁止です。例えば、テストケースをジャッジから読み取ってそのまま返すコードはいけません。
