ARCのケースに対して、list[list[int]] -> list[list[int]] のシグネチャを持つ関数`p`をPythonで実装してください。つまり、`def p(g):...` か `p=lambda g:...`というコードが期待されます。
コードはshortcodingのcompetitionに用いるため、アルゴリズムを工夫してできる限り短いコードを生成するよう努めてください。

Example 0:

Input:
0 3 0 0 0 0 0 0 0 0 2 0 0 0 0 0
0 3 3 3 0 0 0 0 0 0 2 0 0 0 0 0
3 3 0 0 0 0 0 0 0 0 2 0 0 0 0 0
0 3 3 3 0 0 0 0 0 0 2 0 0 0 0 0
Output:
0 0 0 0 0 8 0 3 0 0 2 0 0 0 0 0
0 0 0 0 0 8 0 3 3 3 2 0 0 0 0 0
0 0 0 0 0 8 3 3 0 0 2 0 0 0 0 0
0 0 0 0 0 8 0 3 3 3 2 0 0 0 0 0

Example 1:

Input:
0 0 0 0 0
3 3 0 0 0
3 0 0 0 0
3 3 0 3 3
0 3 3 3 0
0 0 0 0 0
0 0 0 0 0
0 0 0 0 0
0 0 0 0 0
0 0 0 0 0
0 0 0 0 0
0 0 0 0 0
0 0 0 0 0
0 0 0 0 0
0 0 0 0 0
2 2 2 2 2
0 0 0 0 0
Output:
0 0 0 0 0
0 0 0 0 0
0 0 0 0 0
0 0 0 0 0
0 0 0 0 0
0 0 0 0 0
0 0 0 0 0
0 0 0 0 0
0 0 0 0 0
0 0 0 0 0
8 8 8 8 8
3 3 0 0 0
3 0 0 0 0
3 3 0 3 3
0 3 3 3 0
2 2 2 2 2
0 0 0 0 0

Example 2:

Input:
0 0 0 0 0
0 0 0 0 0
0 0 0 0 0
2 2 2 2 2
0 0 0 0 0
0 0 0 0 0
0 0 0 0 0
0 0 0 0 0
0 0 0 0 0
0 0 0 0 0
0 0 0 0 0
3 3 3 3 0
3 0 0 3 0
3 3 0 3 0
0 0 0 0 0
0 0 0 0 0
0 0 0 0 0
Output:
0 0 0 0 0
0 0 0 0 0
0 0 0 0 0
2 2 2 2 2
3 3 3 3 0
3 0 0 3 0
3 3 0 3 0
8 8 8 8 8
0 0 0 0 0
0 0 0 0 0
0 0 0 0 0
0 0 0 0 0
0 0 0 0 0
0 0 0 0 0
0 0 0 0 0
0 0 0 0 0
0 0 0 0 0

Example 3:

Input:
0 0 0 0 2 0 0 0 0 0 0 0 3 3 0 0 0 0
0 0 0 0 2 0 0 0 0 0 0 3 0 3 0 0 0 0
0 0 0 0 2 0 0 0 0 0 0 3 3 3 0 0 0 0
0 0 0 0 2 0 0 0 0 0 0 3 0 0 0 0 0 0
Output:
0 0 0 0 2 0 3 3 8 0 0 0 0 0 0 0 0 0
0 0 0 0 2 3 0 3 8 0 0 0 0 0 0 0 0 0
0 0 0 0 2 3 3 3 8 0 0 0 0 0 0 0 0 0
0 0 0 0 2 3 0 0 8 0 0 0 0 0 0 0 0 0

Example 4:

Input:
3 3 0 0 0 0 0 0 0 0 0 0 2 0 0 0 0 0
3 3 3 0 0 0 0 0 0 0 0 0 2 0 0 0 0 0
3 3 3 3 0 0 0 0 0 0 0 0 2 0 0 0 0 0
0 0 0 0 0 0 0 0 0 0 0 0 2 0 0 0 0 0
Output:
0 0 0 0 0 0 0 8 3 3 0 0 2 0 0 0 0 0
0 0 0 0 0 0 0 8 3 3 3 0 2 0 0 0 0 0
0 0 0 0 0 0 0 8 3 3 3 3 2 0 0 0 0 0
0 0 0 0 0 0 0 8 0 0 0 0 2 0 0 0 0 0

Example 5:

Input:
0 0 0 0 0 2 0 0 0 0 0 3 3 3 3 3
0 0 0 0 0 2 0 0 0 0 0 0 3 0 3 3
0 0 0 0 0 2 0 0 0 0 0 0 0 0 0 0
0 0 0 0 0 2 0 0 0 0 0 0 0 0 0 0
0 0 0 0 0 2 0 0 0 0 0 0 0 0 0 0
Output:
0 0 0 0 0 2 3 3 3 3 3 8 0 0 0 0
0 0 0 0 0 2 0 3 0 3 3 8 0 0 0 0
0 0 0 0 0 2 0 0 0 0 0 8 0 0 0 0
0 0 0 0 0 2 0 0 0 0 0 8 0 0 0 0
0 0 0 0 0 2 0 0 0 0 0 8 0 0 0 0

Example 6:

Input:
0 0 0 0 0
0 0 0 0 0
3 0 0 0 0
3 3 3 0 0
3 0 0 0 0
3 3 0 0 0
3 0 0 0 0
0 0 0 0 0
0 0 0 0 0
0 0 0 0 0
0 0 0 0 0
0 0 0 0 0
2 2 2 2 2
0 0 0 0 0
0 0 0 0 0
0 0 0 0 0
Output:
0 0 0 0 0
0 0 0 0 0
0 0 0 0 0
0 0 0 0 0
0 0 0 0 0
0 0 0 0 0
8 8 8 8 8
3 0 0 0 0
3 3 3 0 0
3 0 0 0 0
3 3 0 0 0
3 0 0 0 0
2 2 2 2 2
0 0 0 0 0
0 0 0 0 0
0 0 0 0 0

Example 7:

Input:
0 0 3 3 3 0 0 0 0 0 0 0 0 0 0 2 0
0 0 3 3 3 0 0 0 0 0 0 0 0 0 0 2 0
0 0 3 0 0 0 0 0 0 0 0 0 0 0 0 2 0
0 0 3 0 0 0 0 0 0 0 0 0 0 0 0 2 0
Output:
0 0 0 0 0 0 0 0 0 0 0 8 3 3 3 2 0
0 0 0 0 0 0 0 0 0 0 0 8 3 3 3 2 0
0 0 0 0 0 0 0 0 0 0 0 8 3 0 0 2 0
0 0 0 0 0 0 0 0 0 0 0 8 3 0 0 2 0

以下は、ジャッジを通過する正しいコードです。これを用いて、ARCのルールを理解してください。必ず、コードを通じてルールを理解してからコーディングを行ってください。
このコードはARCのルールを把握する際に使うことに留めてください。

```
t=lambda g:[[g[y][x]for y in range(len(g))]for x in range(len(g[0]))]
def p(g):
 h,w=len(g),len(g[0])
 if w>h:return t(p(t(g)))
 a,b,c=0,h,0
 for(y,r)in enumerate(g):
  if r[0]==2:a=y
  if any(i==3for i in r):b,c=min(b,y),y
 if b<a:return p(g[::-1])[::-1]
 return g[:a+1]+g[b:c+1]+[[8]*w]+[[0]*w]*(h-a+b-c-3)
```

ユーザーにコードを渡す前に実際にコードが動作するかを確認してください。コードのテストには、添付したjudge.pyを用いてください。python /path/to/judge.py /path/to/code.py /path/to/cases.bin とすれば動作します。

## **禁止事項**
- 与えたコード自体を提出することは禁止です。これを行うことはユーザーの信頼を裏切ります。
- ジャッジのハックは禁止です。例えば、テストケースをジャッジから読み取ってそのまま返すコードはいけません。
