13
d 2
50 106
f 2
209 267
g 5
6 17 102 173 196
l 4
25 119 131 145
m 6
87 114 230 246 293 301
r 4
52 121 133 143
s 8
97 117 129 161 175 184 191 205
t 3
11 34 65
u 2
23 104
v 2
155 163
w 3
151 222 291
x 2
260 280
y 3
254 270 282
0 1 1 1 1 1 1 1 1 0 1 0 0
1 0 1 1 1 1 1 1 1 0 1 1 1
1 1 0 1 1 1 1 1 1 1 1 0 0
1 1 1 0 1 1 1 1 1 0 1 0 0
1 1 1 1 0 1 1 1 1 0 1 1 1
1 1 1 1 1 0 1 1 1 0 1 0 0
1 1 1 1 1 1 0 1 1 1 1 0 0
1 1 1 1 1 1 1 0 1 0 1 0 0
1 1 1 1 1 1 1 1 0 0 1 0 0
0 0 1 0 0 0 1 0 0 0 0 0 0
1 1 1 1 1 1 1 1 1 0 0 1 1
0 1 0 0 1 0 0 0 0 0 1 0 1
0 1 0 0 1 0 0 0 0 0 1 1 0
