ARCのケースに対して、list[list[int]] -> list[list[int]] のシグネチャを持つ関数`p`をPythonで実装してください。つまり、`def p(g):...` か `p=lambda g:...`というコードが期待されます。
コードはshortcodingのcompetitionに用いるため、アルゴリズムを工夫してできる限り短いコードを生成するよう努めてください。

Example 0:

Input:
0 0 8 0 0 8 0 0 8 0 0 8 0 0 8 0 0 8 0 0
0 0 8 0 0 8 0 0 8 0 0 8 0 0 8 0 0 8 0 0
8 8 8 8 8 8 8 8 8 8 8 8 8 8 8 8 8 8 8 8
0 0 8 2 2 8 0 0 8 0 0 8 0 0 8 2 2 8 0 0
0 0 8 2 2 8 0 0 8 0 0 8 0 0 8 2 2 8 0 0
8 8 8 8 8 8 8 8 8 8 8 8 8 8 8 8 8 8 8 8
0 0 8 0 0 8 0 0 8 1 1 8 0 0 8 0 0 8 0 0
0 0 8 0 0 8 0 0 8 1 1 8 0 0 8 0 0 8 0 0
8 8 8 8 8 8 8 8 8 8 8 8 8 8 8 8 8 8 8 8
0 0 8 0 0 8 0 0 8 0 0 8 0 0 8 2 2 8 0 0
0 0 8 0 0 8 0 0 8 0 0 8 0 0 8 2 2 8 0 0
8 8 8 8 8 8 8 8 8 8 8 8 8 8 8 8 8 8 8 8
0 0 8 3 3 8 0 0 8 3 3 8 0 0 8 0 0 8 0 0
0 0 8 3 3 8 0 0 8 3 3 8 0 0 8 0 0 8 0 0
8 8 8 8 8 8 8 8 8 8 8 8 8 8 8 8 8 8 8 8
0 0 8 0 0 8 0 0 8 0 0 8 0 0 8 0 0 8 0 0
0 0 8 0 0 8 0 0 8 0 0 8 0 0 8 0 0 8 0 0
8 8 8 8 8 8 8 8 8 8 8 8 8 8 8 8 8 8 8 8
0 0 8 0 0 8 0 0 8 0 0 8 0 0 8 0 0 8 0 0
0 0 8 0 0 8 0 0 8 0 0 8 0 0 8 0 0 8 0 0
Output:
0 0 8 0 0 8 0 0 8 0 0 8 0 0 8 0 0 8 0 0
0 0 8 0 0 8 0 0 8 0 0 8 0 0 8 0 0 8 0 0
8 8 8 8 8 8 8 8 8 8 8 8 8 8 8 8 8 8 8 8
0 0 8 2 2 8 2 2 8 2 2 8 2 2 8 2 2 8 0 0
0 0 8 2 2 8 2 2 8 2 2 8 2 2 8 2 2 8 0 0
8 8 8 8 8 8 8 8 8 8 8 8 8 8 8 8 8 8 8 8
0 0 8 0 0 8 0 0 8 1 1 8 0 0 8 2 2 8 0 0
0 0 8 0 0 8 0 0 8 1 1 8 0 0 8 2 2 8 0 0
8 8 8 8 8 8 8 8 8 8 8 8 8 8 8 8 8 8 8 8
0 0 8 0 0 8 0 0 8 0 0 8 0 0 8 2 2 8 0 0
0 0 8 0 0 8 0 0 8 0 0 8 0 0 8 2 2 8 0 0
8 8 8 8 8 8 8 8 8 8 8 8 8 8 8 8 8 8 8 8
0 0 8 3 3 8 3 3 8 3 3 8 0 0 8 0 0 8 0 0
0 0 8 3 3 8 3 3 8 3 3 8 0 0 8 0 0 8 0 0
8 8 8 8 8 8 8 8 8 8 8 8 8 8 8 8 8 8 8 8
0 0 8 0 0 8 0 0 8 0 0 8 0 0 8 0 0 8 0 0
0 0 8 0 0 8 0 0 8 0 0 8 0 0 8 0 0 8 0 0
8 8 8 8 8 8 8 8 8 8 8 8 8 8 8 8 8 8 8 8
0 0 8 0 0 8 0 0 8 0 0 8 0 0 8 0 0 8 0 0
0 0 8 0 0 8 0 0 8 0 0 8 0 0 8 0 0 8 0 0

Example 1:

Input:
0 0 1 0 0 1 0 0 1 0 0 1 0 0 1 0 0 1 0 0 1 0 0
0 0 1 0 0 1 0 0 1 0 0 1 0 0 1 0 0 1 0 0 1 0 0
1 1 1 1 1 1 1 1 1 1 1 1 1 1 1 1 1 1 1 1 1 1 1
0 0 1 2 2 1 0 0 1 0 0 1 4 4 1 0 0 1 0 0 1 0 0
0 0 1 2 2 1 0 0 1 0 0 1 4 4 1 0 0 1 0 0 1 0 0
1 1 1 1 1 1 1 1 1 1 1 1 1 1 1 1 1 1 1 1 1 1 1
0 0 1 0 0 1 0 0 1 0 0 1 0 0 1 0 0 1 0 0 1 0 0
0 0 1 0 0 1 0 0 1 0 0 1 0 0 1 0 0 1 0 0 1 0 0
1 1 1 1 1 1 1 1 1 1 1 1 1 1 1 1 1 1 1 1 1 1 1
0 0 1 0 0 1 0 0 1 9 9 1 0 0 1 0 0 1 0 0 1 9 9
0 0 1 0 0 1 0 0 1 9 9 1 0 0 1 0 0 1 0 0 1 9 9
1 1 1 1 1 1 1 1 1 1 1 1 1 1 1 1 1 1 1 1 1 1 1
0 0 1 0 0 1 0 0 1 0 0 1 0 0 1 0 0 1 8 8 1 0 0
0 0 1 0 0 1 0 0 1 0 0 1 0 0 1 0 0 1 8 8 1 0 0
1 1 1 1 1 1 1 1 1 1 1 1 1 1 1 1 1 1 1 1 1 1 1
0 0 1 2 2 1 0 0 1 0 0 1 0 0 1 0 0 1 0 0 1 0 0
0 0 1 2 2 1 0 0 1 0 0 1 0 0 1 0 0 1 0 0 1 0 0
1 1 1 1 1 1 1 1 1 1 1 1 1 1 1 1 1 1 1 1 1 1 1
0 0 1 0 0 1 0 0 1 8 8 1 0 0 1 0 0 1 8 8 1 0 0
0 0 1 0 0 1 0 0 1 8 8 1 0 0 1 0 0 1 8 8 1 0 0
1 1 1 1 1 1 1 1 1 1 1 1 1 1 1 1 1 1 1 1 1 1 1
0 0 1 0 0 1 0 0 1 0 0 1 0 0 1 0 0 1 0 0 1 0 0
0 0 1 0 0 1 0 0 1 0 0 1 0 0 1 0 0 1 0 0 1 0 0
Output:
0 0 1 0 0 1 0 0 1 0 0 1 0 0 1 0 0 1 0 0 1 0 0
0 0 1 0 0 1 0 0 1 0 0 1 0 0 1 0 0 1 0 0 1 0 0
1 1 1 1 1 1 1 1 1 1 1 1 1 1 1 1 1 1 1 1 1 1 1
0 0 1 2 2 1 0 0 1 0 0 1 4 4 1 0 0 1 0 0 1 0 0
0 0 1 2 2 1 0 0 1 0 0 1 4 4 1 0 0 1 0 0 1 0 0
1 1 1 1 1 1 1 1 1 1 1 1 1 1 1 1 1 1 1 1 1 1 1
0 0 1 2 2 1 0 0 1 0 0 1 0 0 1 0 0 1 0 0 1 0 0
0 0 1 2 2 1 0 0 1 0 0 1 0 0 1 0 0 1 0 0 1 0 0
1 1 1 1 1 1 1 1 1 1 1 1 1 1 1 1 1 1 1 1 1 1 1
0 0 1 2 2 1 0 0 1 9 9 1 9 9 1 9 9 1 9 9 1 9 9
0 0 1 2 2 1 0 0 1 9 9 1 9 9 1 9 9 1 9 9 1 9 9
1 1 1 1 1 1 1 1 1 1 1 1 1 1 1 1 1 1 1 1 1 1 1
0 0 1 2 2 1 0 0 1 0 0 1 0 0 1 0 0 1 8 8 1 0 0
0 0 1 2 2 1 0 0 1 0 0 1 0 0 1 0 0 1 8 8 1 0 0
1 1 1 1 1 1 1 1 1 1 1 1 1 1 1 1 1 1 1 1 1 1 1
0 0 1 2 2 1 0 0 1 0 0 1 0 0 1 0 0 1 8 8 1 0 0
0 0 1 2 2 1 0 0 1 0 0 1 0 0 1 0 0 1 8 8 1 0 0
1 1 1 1 1 1 1 1 1 1 1 1 1 1 1 1 1 1 1 1 1 1 1
0 0 1 0 0 1 0 0 1 8 8 1 8 8 1 8 8 1 8 8 1 0 0
0 0 1 0 0 1 0 0 1 8 8 1 8 8 1 8 8 1 8 8 1 0 0
1 1 1 1 1 1 1 1 1 1 1 1 1 1 1 1 1 1 1 1 1 1 1
0 0 1 0 0 1 0 0 1 0 0 1 0 0 1 0 0 1 0 0 1 0 0
0 0 1 0 0 1 0 0 1 0 0 1 0 0 1 0 0 1 0 0 1 0 0

Example 2:

Input:
0 0 4 0 0 4 0 0 4 0 0 4 0 0 4 0 0 4 0 0 4 0 0
0 0 4 0 0 4 0 0 4 0 0 4 0 0 4 0 0 4 0 0 4 0 0
4 4 4 4 4 4 4 4 4 4 4 4 4 4 4 4 4 4 4 4 4 4 4
0 0 4 3 3 4 0 0 4 0 0 4 0 0 4 2 2 4 0 0 4 0 0
0 0 4 3 3 4 0 0 4 0 0 4 0 0 4 2 2 4 0 0 4 0 0
4 4 4 4 4 4 4 4 4 4 4 4 4 4 4 4 4 4 4 4 4 4 4
0 0 4 0 0 4 0 0 4 0 0 4 0 0 4 0 0 4 0 0 4 0 0
0 0 4 0 0 4 0 0 4 0 0 4 0 0 4 0 0 4 0 0 4 0 0
4 4 4 4 4 4 4 4 4 4 4 4 4 4 4 4 4 4 4 4 4 4 4
0 0 4 0 0 4 0 0 4 2 2 4 0 0 4 0 0 4 2 2 4 0 0
0 0 4 0 0 4 0 0 4 2 2 4 0 0 4 0 0 4 2 2 4 0 0
4 4 4 4 4 4 4 4 4 4 4 4 4 4 4 4 4 4 4 4 4 4 4
0 0 4 0 0 4 0 0 4 0 0 4 0 0 4 0 0 4 0 0 4 0 0
0 0 4 0 0 4 0 0 4 0 0 4 0 0 4 0 0 4 0 0 4 0 0
4 4 4 4 4 4 4 4 4 4 4 4 4 4 4 4 4 4 4 4 4 4 4
0 0 4 0 0 4 0 0 4 0 0 4 0 0 4 0 0 4 0 0 4 0 0
0 0 4 0 0 4 0 0 4 0 0 4 0 0 4 0 0 4 0 0 4 0 0
4 4 4 4 4 4 4 4 4 4 4 4 4 4 4 4 4 4 4 4 4 4 4
0 0 4 3 3 4 0 0 4 0 0 4 0 0 4 3 3 4 0 0 4 0 0
0 0 4 3 3 4 0 0 4 0 0 4 0 0 4 3 3 4 0 0 4 0 0
4 4 4 4 4 4 4 4 4 4 4 4 4 4 4 4 4 4 4 4 4 4 4
0 0 4 0 0 4 0 0 4 0 0 4 0 0 4 0 0 4 0 0 4 0 0
0 0 4 0 0 4 0 0 4 0 0 4 0 0 4 0 0 4 0 0 4 0 0
Output:
0 0 4 0 0 4 0 0 4 0 0 4 0 0 4 0 0 4 0 0 4 0 0
0 0 4 0 0 4 0 0 4 0 0 4 0 0 4 0 0 4 0 0 4 0 0
4 4 4 4 4 4 4 4 4 4 4 4 4 4 4 4 4 4 4 4 4 4 4
0 0 4 3 3 4 0 0 4 0 0 4 0 0 4 2 2 4 0 0 4 0 0
0 0 4 3 3 4 0 0 4 0 0 4 0 0 4 2 2 4 0 0 4 0 0
4 4 4 4 4 4 4 4 4 4 4 4 4 4 4 4 4 4 4 4 4 4 4
0 0 4 3 3 4 0 0 4 0 0 4 0 0 4 0 0 4 0 0 4 0 0
0 0 4 3 3 4 0 0 4 0 0 4 0 0 4 0 0 4 0 0 4 0 0
4 4 4 4 4 4 4 4 4 4 4 4 4 4 4 4 4 4 4 4 4 4 4
0 0 4 3 3 4 0 0 4 2 2 4 2 2 4 2 2 4 2 2 4 0 0
0 0 4 3 3 4 0 0 4 2 2 4 2 2 4 2 2 4 2 2 4 0 0
4 4 4 4 4 4 4 4 4 4 4 4 4 4 4 4 4 4 4 4 4 4 4
0 0 4 3 3 4 0 0 4 0 0 4 0 0 4 0 0 4 0 0 4 0 0
0 0 4 3 3 4 0 0 4 0 0 4 0 0 4 0 0 4 0 0 4 0 0
4 4 4 4 4 4 4 4 4 4 4 4 4 4 4 4 4 4 4 4 4 4 4
0 0 4 3 3 4 0 0 4 0 0 4 0 0 4 0 0 4 0 0 4 0 0
0 0 4 3 3 4 0 0 4 0 0 4 0 0 4 0 0 4 0 0 4 0 0
4 4 4 4 4 4 4 4 4 4 4 4 4 4 4 4 4 4 4 4 4 4 4
0 0 4 3 3 4 3 3 4 3 3 4 3 3 4 3 3 4 0 0 4 0 0
0 0 4 3 3 4 3 3 4 3 3 4 3 3 4 3 3 4 0 0 4 0 0
4 4 4 4 4 4 4 4 4 4 4 4 4 4 4 4 4 4 4 4 4 4 4
0 0 4 0 0 4 0 0 4 0 0 4 0 0 4 0 0 4 0 0 4 0 0
0 0 4 0 0 4 0 0 4 0 0 4 0 0 4 0 0 4 0 0 4 0 0

Example 3:

Input:
0 0 4 0 0 4 0 0 4 0 0 4 0 0 4 0 0 4 0 0 4 0 0 4 0 0
0 0 4 0 0 4 0 0 4 0 0 4 0 0 4 0 0 4 0 0 4 0 0 4 0 0
4 4 4 4 4 4 4 4 4 4 4 4 4 4 4 4 4 4 4 4 4 4 4 4 4 4
0 0 4 0 0 4 8 8 4 0 0 4 0 0 4 2 2 4 0 0 4 0 0 4 0 0
0 0 4 0 0 4 8 8 4 0 0 4 0 0 4 2 2 4 0 0 4 0 0 4 0 0
4 4 4 4 4 4 4 4 4 4 4 4 4 4 4 4 4 4 4 4 4 4 4 4 4 4
0 0 4 0 0 4 0 0 4 0 0 4 0 0 4 0 0 4 0 0 4 0 0 4 0 0
0 0 4 0 0 4 0 0 4 0 0 4 0 0 4 0 0 4 0 0 4 0 0 4 0 0
4 4 4 4 4 4 4 4 4 4 4 4 4 4 4 4 4 4 4 4 4 4 4 4 4 4
0 0 4 0 0 4 0 0 4 0 0 4 0 0 4 0 0 4 0 0 4 3 3 4 0 0
0 0 4 0 0 4 0 0 4 0 0 4 0 0 4 0 0 4 0 0 4 3 3 4 0 0
4 4 4 4 4 4 4 4 4 4 4 4 4 4 4 4 4 4 4 4 4 4 4 4 4 4
0 0 4 0 0 4 8 8 4 0 0 4 0 0 4 0 0 4 0 0 4 0 0 4 0 0
0 0 4 0 0 4 8 8 4 0 0 4 0 0 4 0 0 4 0 0 4 0 0 4 0 0
4 4 4 4 4 4 4 4 4 4 4 4 4 4 4 4 4 4 4 4 4 4 4 4 4 4
0 0 4 0 0 4 0 0 4 0 0 4 0 0 4 0 0 4 0 0 4 0 0 4 0 0
0 0 4 0 0 4 0 0 4 0 0 4 0 0 4 0 0 4 0 0 4 0 0 4 0 0
4 4 4 4 4 4 4 4 4 4 4 4 4 4 4 4 4 4 4 4 4 4 4 4 4 4
0 0 4 2 2 4 0 0 4 0 0 4 0 0 4 2 2 4 0 0 4 0 0 4 0 0
0 0 4 2 2 4 0 0 4 0 0 4 0 0 4 2 2 4 0 0 4 0 0 4 0 0
4 4 4 4 4 4 4 4 4 4 4 4 4 4 4 4 4 4 4 4 4 4 4 4 4 4
0 0 4 0 0 4 0 0 4 0 0 4 0 0 4 0 0 4 0 0 4 0 0 4 0 0
0 0 4 0 0 4 0 0 4 0 0 4 0 0 4 0 0 4 0 0 4 0 0 4 0 0
4 4 4 4 4 4 4 4 4 4 4 4 4 4 4 4 4 4 4 4 4 4 4 4 4 4
0 0 4 0 0 4 0 0 4 0 0 4 0 0 4 0 0 4 0 0 4 0 0 4 0 0
0 0 4 0 0 4 0 0 4 0 0 4 0 0 4 0 0 4 0 0 4 0 0 4 0 0
Output:
0 0 4 0 0 4 0 0 4 0 0 4 0 0 4 0 0 4 0 0 4 0 0 4 0 0
0 0 4 0 0 4 0 0 4 0 0 4 0 0 4 0 0 4 0 0 4 0 0 4 0 0
4 4 4 4 4 4 4 4 4 4 4 4 4 4 4 4 4 4 4 4 4 4 4 4 4 4
0 0 4 0 0 4 8 8 4 0 0 4 0 0 4 2 2 4 0 0 4 0 0 4 0 0
0 0 4 0 0 4 8 8 4 0 0 4 0 0 4 2 2 4 0 0 4 0 0 4 0 0
4 4 4 4 4 4 4 4 4 4 4 4 4 4 4 4 4 4 4 4 4 4 4 4 4 4
0 0 4 0 0 4 8 8 4 0 0 4 0 0 4 2 2 4 0 0 4 0 0 4 0 0
0 0 4 0 0 4 8 8 4 0 0 4 0 0 4 2 2 4 0 0 4 0 0 4 0 0
4 4 4 4 4 4 4 4 4 4 4 4 4 4 4 4 4 4 4 4 4 4 4 4 4 4
0 0 4 0 0 4 8 8 4 0 0 4 0 0 4 2 2 4 0 0 4 3 3 4 0 0
0 0 4 0 0 4 8 8 4 0 0 4 0 0 4 2 2 4 0 0 4 3 3 4 0 0
4 4 4 4 4 4 4 4 4 4 4 4 4 4 4 4 4 4 4 4 4 4 4 4 4 4
0 0 4 0 0 4 8 8 4 0 0 4 0 0 4 2 2 4 0 0 4 0 0 4 0 0
0 0 4 0 0 4 8 8 4 0 0 4 0 0 4 2 2 4 0 0 4 0 0 4 0 0
4 4 4 4 4 4 4 4 4 4 4 4 4 4 4 4 4 4 4 4 4 4 4 4 4 4
0 0 4 0 0 4 0 0 4 0 0 4 0 0 4 2 2 4 0 0 4 0 0 4 0 0
0 0 4 0 0 4 0 0 4 0 0 4 0 0 4 2 2 4 0 0 4 0 0 4 0 0
4 4 4 4 4 4 4 4 4 4 4 4 4 4 4 4 4 4 4 4 4 4 4 4 4 4
0 0 4 2 2 4 2 2 4 2 2 4 2 2 4 2 2 4 0 0 4 0 0 4 0 0
0 0 4 2 2 4 2 2 4 2 2 4 2 2 4 2 2 4 0 0 4 0 0 4 0 0
4 4 4 4 4 4 4 4 4 4 4 4 4 4 4 4 4 4 4 4 4 4 4 4 4 4
0 0 4 0 0 4 0 0 4 0 0 4 0 0 4 0 0 4 0 0 4 0 0 4 0 0
0 0 4 0 0 4 0 0 4 0 0 4 0 0 4 0 0 4 0 0 4 0 0 4 0 0
4 4 4 4 4 4 4 4 4 4 4 4 4 4 4 4 4 4 4 4 4 4 4 4 4 4
0 0 4 0 0 4 0 0 4 0 0 4 0 0 4 0 0 4 0 0 4 0 0 4 0 0
0 0 4 0 0 4 0 0 4 0 0 4 0 0 4 0 0 4 0 0 4 0 0 4 0 0

Example 4:

Input:
0 0 2 0 0 2 0 0 2 0 0 2 0 0 2 0 0 2 0 0 2 0 0 2 0 0 2 0 0
0 0 2 0 0 2 0 0 2 0 0 2 0 0 2 0 0 2 0 0 2 0 0 2 0 0 2 0 0
2 2 2 2 2 2 2 2 2 2 2 2 2 2 2 2 2 2 2 2 2 2 2 2 2 2 2 2 2
0 0 2 0 0 2 0 0 2 5 5 2 0 0 2 0 0 2 0 0 2 0 0 2 0 0 2 0 0
0 0 2 0 0 2 0 0 2 5 5 2 0 0 2 0 0 2 0 0 2 0 0 2 0 0 2 0 0
2 2 2 2 2 2 2 2 2 2 2 2 2 2 2 2 2 2 2 2 2 2 2 2 2 2 2 2 2
0 0 2 0 0 2 0 0 2 0 0 2 0 0 2 0 0 2 0 0 2 0 0 2 0 0 2 0 0
0 0 2 0 0 2 0 0 2 0 0 2 0 0 2 0 0 2 0 0 2 0 0 2 0 0 2 0 0
2 2 2 2 2 2 2 2 2 2 2 2 2 2 2 2 2 2 2 2 2 2 2 2 2 2 2 2 2
0 0 2 5 5 2 0 0 2 0 0 2 0 0 2 0 0 2 0 0 2 0 0 2 5 5 2 0 0
0 0 2 5 5 2 0 0 2 0 0 2 0 0 2 0 0 2 0 0 2 0 0 2 5 5 2 0 0
2 2 2 2 2 2 2 2 2 2 2 2 2 2 2 2 2 2 2 2 2 2 2 2 2 2 2 2 2
0 0 2 0 0 2 0 0 2 0 0 2 0 0 2 0 0 2 0 0 2 0 0 2 0 0 2 0 0
0 0 2 0 0 2 0 0 2 0 0 2 0 0 2 0 0 2 0 0 2 0 0 2 0 0 2 0 0
2 2 2 2 2 2 2 2 2 2 2 2 2 2 2 2 2 2 2 2 2 2 2 2 2 2 2 2 2
0 0 2 0 0 2 0 0 2 0 0 2 0 0 2 0 0 2 0 0 2 0 0 2 0 0 2 0 0
0 0 2 0 0 2 0 0 2 0 0 2 0 0 2 0 0 2 0 0 2 0 0 2 0 0 2 0 0
2 2 2 2 2 2 2 2 2 2 2 2 2 2 2 2 2 2 2 2 2 2 2 2 2 2 2 2 2
0 0 2 1 1 2 0 0 2 0 0 2 0 0 2 0 0 2 1 1 2 0 0 2 0 0 2 0 0
0 0 2 1 1 2 0 0 2 0 0 2 0 0 2 0 0 2 1 1 2 0 0 2 0 0 2 0 0
2 2 2 2 2 2 2 2 2 2 2 2 2 2 2 2 2 2 2 2 2 2 2 2 2 2 2 2 2
0 0 2 0 0 2 0 0 2 0 0 2 0 0 2 0 0 2 0 0 2 0 0 2 0 0 2 0 0
0 0 2 0 0 2 0 0 2 0 0 2 0 0 2 0 0 2 0 0 2 0 0 2 0 0 2 0 0
2 2 2 2 2 2 2 2 2 2 2 2 2 2 2 2 2 2 2 2 2 2 2 2 2 2 2 2 2
0 0 2 0 0 2 0 0 2 0 0 2 0 0 2 0 0 2 0 0 2 0 0 2 5 5 2 0 0
0 0 2 0 0 2 0 0 2 0 0 2 0 0 2 0 0 2 0 0 2 0 0 2 5 5 2 0 0
2 2 2 2 2 2 2 2 2 2 2 2 2 2 2 2 2 2 2 2 2 2 2 2 2 2 2 2 2
0 0 2 0 0 2 0 0 2 0 0 2 0 0 2 0 0 2 0 0 2 0 0 2 0 0 2 0 0
0 0 2 0 0 2 0 0 2 0 0 2 0 0 2 0 0 2 0 0 2 0 0 2 0 0 2 0 0
Output:
0 0 2 0 0 2 0 0 2 0 0 2 0 0 2 0 0 2 0 0 2 0 0 2 0 0 2 0 0
0 0 2 0 0 2 0 0 2 0 0 2 0 0 2 0 0 2 0 0 2 0 0 2 0 0 2 0 0
2 2 2 2 2 2 2 2 2 2 2 2 2 2 2 2 2 2 2 2 2 2 2 2 2 2 2 2 2
0 0 2 0 0 2 0 0 2 5 5 2 0 0 2 0 0 2 0 0 2 0 0 2 0 0 2 0 0
0 0 2 0 0 2 0 0 2 5 5 2 0 0 2 0 0 2 0 0 2 0 0 2 0 0 2 0 0
2 2 2 2 2 2 2 2 2 2 2 2 2 2 2 2 2 2 2 2 2 2 2 2 2 2 2 2 2
0 0 2 0 0 2 0 0 2 0 0 2 0 0 2 0 0 2 0 0 2 0 0 2 0 0 2 0 0
0 0 2 0 0 2 0 0 2 0 0 2 0 0 2 0 0 2 0 0 2 0 0 2 0 0 2 0 0
2 2 2 2 2 2 2 2 2 2 2 2 2 2 2 2 2 2 2 2 2 2 2 2 2 2 2 2 2
0 0 2 5 5 2 5 5 2 5 5 2 5 5 2 5 5 2 5 5 2 5 5 2 5 5 2 0 0
0 0 2 5 5 2 5 5 2 5 5 2 5 5 2 5 5 2 5 5 2 5 5 2 5 5 2 0 0
2 2 2 2 2 2 2 2 2 2 2 2 2 2 2 2 2 2 2 2 2 2 2 2 2 2 2 2 2
0 0 2 0 0 2 0 0 2 0 0 2 0 0 2 0 0 2 0 0 2 0 0 2 5 5 2 0 0
0 0 2 0 0 2 0 0 2 0 0 2 0 0 2 0 0 2 0 0 2 0 0 2 5 5 2 0 0
2 2 2 2 2 2 2 2 2 2 2 2 2 2 2 2 2 2 2 2 2 2 2 2 2 2 2 2 2
0 0 2 0 0 2 0 0 2 0 0 2 0 0 2 0 0 2 0 0 2 0 0 2 5 5 2 0 0
0 0 2 0 0 2 0 0 2 0 0 2 0 0 2 0 0 2 0 0 2 0 0 2 5 5 2 0 0
2 2 2 2 2 2 2 2 2 2 2 2 2 2 2 2 2 2 2 2 2 2 2 2 2 2 2 2 2
0 0 2 1 1 2 1 1 2 1 1 2 1 1 2 1 1 2 1 1 2 0 0 2 5 5 2 0 0
0 0 2 1 1 2 1 1 2 1 1 2 1 1 2 1 1 2 1 1 2 0 0 2 5 5 2 0 0
2 2 2 2 2 2 2 2 2 2 2 2 2 2 2 2 2 2 2 2 2 2 2 2 2 2 2 2 2
0 0 2 0 0 2 0 0 2 0 0 2 0 0 2 0 0 2 0 0 2 0 0 2 5 5 2 0 0
0 0 2 0 0 2 0 0 2 0 0 2 0 0 2 0 0 2 0 0 2 0 0 2 5 5 2 0 0
2 2 2 2 2 2 2 2 2 2 2 2 2 2 2 2 2 2 2 2 2 2 2 2 2 2 2 2 2
0 0 2 0 0 2 0 0 2 0 0 2 0 0 2 0 0 2 0 0 2 0 0 2 5 5 2 0 0
0 0 2 0 0 2 0 0 2 0 0 2 0 0 2 0 0 2 0 0 2 0 0 2 5 5 2 0 0
2 2 2 2 2 2 2 2 2 2 2 2 2 2 2 2 2 2 2 2 2 2 2 2 2 2 2 2 2
0 0 2 0 0 2 0 0 2 0 0 2 0 0 2 0 0 2 0 0 2 0 0 2 0 0 2 0 0
0 0 2 0 0 2 0 0 2 0 0 2 0 0 2 0 0 2 0 0 2 0 0 2 0 0 2 0 0

Example 5:

Input:
0 0 6 0 0 6 0 0 6 0 0 6 0 0 6 0 0
0 0 6 0 0 6 0 0 6 0 0 6 0 0 6 0 0
6 6 6 6 6 6 6 6 6 6 6 6 6 6 6 6 6
0 0 6 0 0 6 0 0 6 0 0 6 0 0 6 0 0
0 0 6 0 0 6 0 0 6 0 0 6 0 0 6 0 0
6 6 6 6 6 6 6 6 6 6 6 6 6 6 6 6 6
0 0 6 0 0 6 2 2 6 0 0 6 2 2 6 0 0
0 0 6 0 0 6 2 2 6 0 0 6 2 2 6 0 0
6 6 6 6 6 6 6 6 6 6 6 6 6 6 6 6 6
0 0 6 0 0 6 0 0 6 0 0 6 0 0 6 2 2
0 0 6 0 0 6 0 0 6 0 0 6 0 0 6 2 2
6 6 6 6 6 6 6 6 6 6 6 6 6 6 6 6 6
0 0 6 0 0 6 2 2 6 0 0 6 0 0 6 0 0
0 0 6 0 0 6 2 2 6 0 0 6 0 0 6 0 0
6 6 6 6 6 6 6 6 6 6 6 6 6 6 6 6 6
0 0 6 0 0 6 3 3 6 3 3 6 0 0 6 0 0
0 0 6 0 0 6 3 3 6 3 3 6 0 0 6 0 0
Output:
0 0 6 0 0 6 0 0 6 0 0 6 0 0 6 0 0
0 0 6 0 0 6 0 0 6 0 0 6 0 0 6 0 0
6 6 6 6 6 6 6 6 6 6 6 6 6 6 6 6 6
0 0 6 0 0 6 0 0 6 0 0 6 0 0 6 0 0
0 0 6 0 0 6 0 0 6 0 0 6 0 0 6 0 0
6 6 6 6 6 6 6 6 6 6 6 6 6 6 6 6 6
0 0 6 0 0 6 2 2 6 2 2 6 2 2 6 0 0
0 0 6 0 0 6 2 2 6 2 2 6 2 2 6 0 0
6 6 6 6 6 6 6 6 6 6 6 6 6 6 6 6 6
0 0 6 0 0 6 2 2 6 0 0 6 0 0 6 2 2
0 0 6 0 0 6 2 2 6 0 0 6 0 0 6 2 2
6 6 6 6 6 6 6 6 6 6 6 6 6 6 6 6 6
0 0 6 0 0 6 2 2 6 0 0 6 0 0 6 0 0
0 0 6 0 0 6 2 2 6 0 0 6 0 0 6 0 0
6 6 6 6 6 6 6 6 6 6 6 6 6 6 6 6 6
0 0 6 0 0 6 3 3 6 3 3 6 0 0 6 0 0
0 0 6 0 0 6 3 3 6 3 3 6 0 0 6 0 0

Example 6:

Input:
0 0 8 0 0 8 5 5 8 0 0 8 0 0 8 0 0
0 0 8 0 0 8 5 5 8 0 0 8 0 0 8 0 0
8 8 8 8 8 8 8 8 8 8 8 8 8 8 8 8 8
0 0 8 0 0 8 0 0 8 0 0 8 0 0 8 0 0
0 0 8 0 0 8 0 0 8 0 0 8 0 0 8 0 0
8 8 8 8 8 8 8 8 8 8 8 8 8 8 8 8 8
0 0 8 0 0 8 6 6 8 0 0 8 0 0 8 0 0
0 0 8 0 0 8 6 6 8 0 0 8 0 0 8 0 0
8 8 8 8 8 8 8 8 8 8 8 8 8 8 8 8 8
0 0 8 0 0 8 0 0 8 0 0 8 0 0 8 0 0
0 0 8 0 0 8 0 0 8 0 0 8 0 0 8 0 0
8 8 8 8 8 8 8 8 8 8 8 8 8 8 8 8 8
0 0 8 0 0 8 6 6 8 0 0 8 6 6 8 0 0
0 0 8 0 0 8 6 6 8 0 0 8 6 6 8 0 0
8 8 8 8 8 8 8 8 8 8 8 8 8 8 8 8 8
0 0 8 0 0 8 3 3 8 0 0 8 0 0 8 3 3
0 0 8 0 0 8 3 3 8 0 0 8 0 0 8 3 3
Output:
0 0 8 0 0 8 5 5 8 0 0 8 0 0 8 0 0
0 0 8 0 0 8 5 5 8 0 0 8 0 0 8 0 0
8 8 8 8 8 8 8 8 8 8 8 8 8 8 8 8 8
0 0 8 0 0 8 0 0 8 0 0 8 0 0 8 0 0
0 0 8 0 0 8 0 0 8 0 0 8 0 0 8 0 0
8 8 8 8 8 8 8 8 8 8 8 8 8 8 8 8 8
0 0 8 0 0 8 6 6 8 0 0 8 0 0 8 0 0
0 0 8 0 0 8 6 6 8 0 0 8 0 0 8 0 0
8 8 8 8 8 8 8 8 8 8 8 8 8 8 8 8 8
0 0 8 0 0 8 6 6 8 0 0 8 0 0 8 0 0
0 0 8 0 0 8 6 6 8 0 0 8 0 0 8 0 0
8 8 8 8 8 8 8 8 8 8 8 8 8 8 8 8 8
0 0 8 0 0 8 6 6 8 6 6 8 6 6 8 0 0
0 0 8 0 0 8 6 6 8 6 6 8 6 6 8 0 0
8 8 8 8 8 8 8 8 8 8 8 8 8 8 8 8 8
0 0 8 0 0 8 3 3 8 3 3 8 3 3 8 3 3
0 0 8 0 0 8 3 3 8 3 3 8 3 3 8 3 3

Example 7:

Input:
0 0 3 0 0 3 0 0 3 0 0 3 0 0 3 0 0 3 0 0 3 0 0
0 0 3 0 0 3 0 0 3 0 0 3 0 0 3 0 0 3 0 0 3 0 0
3 3 3 3 3 3 3 3 3 3 3 3 3 3 3 3 3 3 3 3 3 3 3
0 0 3 0 0 3 0 0 3 0 0 3 0 0 3 0 0 3 0 0 3 0 0
0 0 3 0 0 3 0 0 3 0 0 3 0 0 3 0 0 3 0 0 3 0 0
3 3 3 3 3 3 3 3 3 3 3 3 3 3 3 3 3 3 3 3 3 3 3
0 0 3 0 0 3 0 0 3 5 5 3 0 0 3 5 5 3 0 0 3 0 0
0 0 3 0 0 3 0 0 3 5 5 3 0 0 3 5 5 3 0 0 3 0 0
3 3 3 3 3 3 3 3 3 3 3 3 3 3 3 3 3 3 3 3 3 3 3
0 0 3 0 0 3 0 0 3 0 0 3 0 0 3 0 0 3 0 0 3 0 0
0 0 3 0 0 3 0 0 3 0 0 3 0 0 3 0 0 3 0 0 3 0 0
3 3 3 3 3 3 3 3 3 3 3 3 3 3 3 3 3 3 3 3 3 3 3
7 7 3 0 0 3 0 0 3 0 0 3 0 0 3 0 0 3 0 0 3 4 4
7 7 3 0 0 3 0 0 3 0 0 3 0 0 3 0 0 3 0 0 3 4 4
3 3 3 3 3 3 3 3 3 3 3 3 3 3 3 3 3 3 3 3 3 3 3
7 7 3 0 0 3 0 0 3 0 0 3 0 0 3 0 0 3 0 0 3 0 0
7 7 3 0 0 3 0 0 3 0 0 3 0 0 3 0 0 3 0 0 3 0 0
3 3 3 3 3 3 3 3 3 3 3 3 3 3 3 3 3 3 3 3 3 3 3
0 0 3 0 0 3 0 0 3 0 0 3 0 0 3 5 5 3 0 0 3 0 0
0 0 3 0 0 3 0 0 3 0 0 3 0 0 3 5 5 3 0 0 3 0 0
3 3 3 3 3 3 3 3 3 3 3 3 3 3 3 3 3 3 3 3 3 3 3
0 0 3 0 0 3 0 0 3 0 0 3 0 0 3 0 0 3 0 0 3 0 0
0 0 3 0 0 3 0 0 3 0 0 3 0 0 3 0 0 3 0 0 3 0 0
Output:
0 0 3 0 0 3 0 0 3 0 0 3 0 0 3 0 0 3 0 0 3 0 0
0 0 3 0 0 3 0 0 3 0 0 3 0 0 3 0 0 3 0 0 3 0 0
3 3 3 3 3 3 3 3 3 3 3 3 3 3 3 3 3 3 3 3 3 3 3
0 0 3 0 0 3 0 0 3 0 0 3 0 0 3 0 0 3 0 0 3 0 0
0 0 3 0 0 3 0 0 3 0 0 3 0 0 3 0 0 3 0 0 3 0 0
3 3 3 3 3 3 3 3 3 3 3 3 3 3 3 3 3 3 3 3 3 3 3
0 0 3 0 0 3 0 0 3 5 5 3 5 5 3 5 5 3 0 0 3 0 0
0 0 3 0 0 3 0 0 3 5 5 3 5 5 3 5 5 3 0 0 3 0 0
3 3 3 3 3 3 3 3 3 3 3 3 3 3 3 3 3 3 3 3 3 3 3
0 0 3 0 0 3 0 0 3 0 0 3 0 0 3 5 5 3 0 0 3 0 0
0 0 3 0 0 3 0 0 3 0 0 3 0 0 3 5 5 3 0 0 3 0 0
3 3 3 3 3 3 3 3 3 3 3 3 3 3 3 3 3 3 3 3 3 3 3
7 7 3 0 0 3 0 0 3 0 0 3 0 0 3 5 5 3 0 0 3 4 4
7 7 3 0 0 3 0 0 3 0 0 3 0 0 3 5 5 3 0 0 3 4 4
3 3 3 3 3 3 3 3 3 3 3 3 3 3 3 3 3 3 3 3 3 3 3
7 7 3 0 0 3 0 0 3 0 0 3 0 0 3 5 5 3 0 0 3 0 0
7 7 3 0 0 3 0 0 3 0 0 3 0 0 3 5 5 3 0 0 3 0 0
3 3 3 3 3 3 3 3 3 3 3 3 3 3 3 3 3 3 3 3 3 3 3
0 0 3 0 0 3 0 0 3 0 0 3 0 0 3 5 5 3 0 0 3 0 0
0 0 3 0 0 3 0 0 3 0 0 3 0 0 3 5 5 3 0 0 3 0 0
3 3 3 3 3 3 3 3 3 3 3 3 3 3 3 3 3 3 3 3 3 3 3
0 0 3 0 0 3 0 0 3 0 0 3 0 0 3 0 0 3 0 0 3 0 0
0 0 3 0 0 3 0 0 3 0 0 3 0 0 3 0 0 3 0 0 3 0 0

以下は、ジャッジを通過する正しいコードです。これを用いて、ARCのルールを理解してください。必ず、コードを通じてルールを理解してからコーディングを行ってください。
このコードはARCのルールを把握する際に使うことに留めてください。

```
def p(g,R=range,L=len):
 D=[r[:]for r in g];n,m=L(g),L(g[0]);E=g[0][2]
 for i in R(n):
  for j in R(m):
   if g[i][j]==E:D[i][j]=E;g[i][j]=0
   else:D[i][j]=0
 A=[r[:]for r in g]
 for c in R(n):
  B=[(i,j)for i in R(n)for j in R(m)if g[i][j]==c]
  for i in R(len(B)):
   for j in R(i+1,len(B)):
    u,C=B[i];F,p=B[j]
    if u==F:
     for x in R(min(C,p),max(C,p)+1):A[u][x]=c
    elif C==p:
     for y in R(min(u,F),max(u,F)+1):A[y][C]=c
 for i in R(n):
  for j in R(m):
   if D[i][j]>0:A[i][j]=E
 return A
```

ユーザーにコードを渡す前に実際にコードが動作するかを確認してください。コードのテストには、添付したstandalone_judge.pyを用いてください。python /path/to/standalone_judge.py /path/to/code.py とすれば動作します。
このPythonファイルは非常に大きなケースを含むので、あなたのコンテキストを圧迫します。そのため、このファイルを全て読んではいけません。

## **禁止事項**
- 与えたコード自体を提出することは禁止です。これを行うことはユーザーの信頼を裏切ります。
- ジャッジのハックは禁止です。例えば、テストケースをジャッジから読み取ってそのまま返すコードはいけません。
