14
A 12
6 55 71 119 139 182 201 222 319 335 377 401
B 11
0 57 73 243 269 321 337 379 403 436 462
C 10
96 303 323 339 348 381 405 423 470 512
_ 1
32
d 3
35 123 143
g 12
20 59 75 84 99 148 245 271 280 438 464 478
i 17
42 50 86 101 114 134 150 249 283 305 314 350 372 425 442 472 481
j 13
44 66 89 261 293 308 330 353 396 428 454 475 491
l 4
28 104 153 169
r 4
37 106 155 165
s 9
177 255 267 289 299 448 460 487 497
u 3
26 121 141
x 5
217 263 295 456 493
y 5
196 251 285 444 483
0 1 1 1 1 1 1 1 1 1 1 1 1 1
1 0 1 1 1 1 1 1 1 1 1 1 1 1
1 1 0 1 1 1 1 1 1 1 1 1 1 1
1 1 1 0 1 1 1 1 1 1 1 1 1 1
1 1 1 1 0 1 1 1 1 1 1 1 1 1
1 1 1 1 1 0 1 1 1 1 1 1 1 1
1 1 1 1 1 1 0 1 1 1 1 1 1 1
1 1 1 1 1 1 1 0 1 1 1 1 1 1
1 1 1 1 1 1 1 1 0 1 1 1 1 1
1 1 1 1 1 1 1 1 1 0 1 1 1 1
1 1 1 1 1 1 1 1 1 1 0 1 1 1
1 1 1 1 1 1 1 1 1 1 1 0 1 1
1 1 1 1 1 1 1 1 1 1 1 1 0 1
1 1 1 1 1 1 1 1 1 1 1 1 1 0
