14
h 16
6 55 71 119 139 182 201 222 250 270 325 341 383 407 436 456
n 11
0 57 73 252 272 327 343 385 409 438 458
e 9
96 309 329 345 354 387 411 469 512
u 1
32
r 3
35 123 143
i 12
20 59 75 84 99 148 254 274 286 440 460 478
f 16
42 50 86 101 114 134 150 243 289 311 320 356 378 429 471 481
a 12
44 66 89 263 299 314 336 359 402 449 474 491
d 4
28 104 153 169
l 4
37 106 155 165
g 9
177 257 280 295 305 443 466 487 497
o 3
26 121 141
p 5
217 265 301 451 493
t 5
196 245 291 431 483
0 1 1 1 1 1 1 1 1 1 1 1 1 1
1 0 1 1 1 1 1 1 1 1 1 1 1 1
1 1 0 1 1 1 1 1 1 1 1 1 1 1
1 1 1 0 1 1 1 1 1 1 1 1 1 1
1 1 1 1 0 1 1 1 1 1 1 1 1 1
1 1 1 1 1 0 1 1 1 1 1 1 1 1
1 1 1 1 1 1 0 1 1 1 1 1 1 1
1 1 1 1 1 1 1 0 1 1 1 1 1 1
1 1 1 1 1 1 1 1 0 1 1 1 1 1
1 1 1 1 1 1 1 1 1 0 1 1 1 1
1 1 1 1 1 1 1 1 1 1 0 1 1 1
1 1 1 1 1 1 1 1 1 1 1 0 1 1
1 1 1 1 1 1 1 1 1 1 1 1 0 1
1 1 1 1 1 1 1 1 1 1 1 1 1 0
