13
f 5
136 198 205 291 294
g 4
145 300 312 328
j 3
11 196 203
a 7
6 68 95 119 167 234 256
m 2
53 108
n 2
80 110
l 3
31 140 297
k 3
147 398 463
c 9
154 162 190 219 273 377 445 500 512
e 6
151 271 375 417 443 498
d 7
192 241 276 380 448 503 514
h 4
106 124 201 510
i 4
104 121 194 508
0 1 1 1 1 1 1 1 1 1 1 1 1
1 0 1 1 1 1 1 1 1 1 1 1 1
1 1 0 1 1 1 1 1 1 1 1 1 1
1 1 1 0 1 1 1 1 1 1 1 1 1
1 1 1 1 0 1 1 1 1 1 1 1 1
1 1 1 1 1 0 1 1 1 1 1 1 1
1 1 1 1 1 1 0 1 1 1 1 1 1
1 1 1 1 1 1 1 0 1 1 1 1 1
1 1 1 1 1 1 1 1 0 1 1 1 1
1 1 1 1 1 1 1 1 1 0 1 1 1
1 1 1 1 1 1 1 1 1 1 0 1 1
1 1 1 1 1 1 1 1 1 1 1 0 1
1 1 1 1 1 1 1 1 1 1 1 1 0
