ARCのケースに対して、list[list[int]] -> list[list[int]] のシグネチャを持つ関数`p`をPythonで実装してください。つまり、`def p(g):...` か `p=lambda g:...`というコードが期待されます。
コードはshortcodingのcompetitionに用いるため、アルゴリズムを工夫してできる限り短いコードを生成するよう努めてください。

Example 0:

Input:
0 0 0 0 0 0 0 0 0 0
0 4 4 4 4 0 0 0 0 0
0 4 4 4 4 0 0 0 0 0
0 4 4 4 4 0 0 0 0 0
0 4 4 4 4 0 0 0 0 0
0 0 0 0 0 0 0 0 0 0
0 0 0 4 4 4 4 4 4 0
0 0 0 4 4 4 4 4 4 0
0 0 0 4 4 4 4 4 4 0
0 0 0 4 4 4 4 4 4 0
Output:
0 0 0 0 0 0 0 0 0 0
0 4 4 4 4 0 0 0 0 0
0 4 1 1 4 0 0 0 0 0
0 4 1 1 4 0 0 0 0 0
0 4 4 4 4 0 0 0 0 0
0 0 0 0 0 0 0 0 0 0
0 0 0 4 4 4 4 4 4 0
0 0 0 4 2 2 2 2 4 0
0 0 0 4 2 2 2 2 4 0
0 0 0 4 4 4 4 4 4 0

Example 1:

Input:
0 0 0 0 0 0 0 0 0 0
0 4 4 4 4 4 0 0 0 0
0 4 4 4 4 4 0 0 0 0
0 4 4 4 4 4 0 0 0 0
0 4 4 4 4 4 0 0 0 0
0 4 4 4 4 4 0 0 0 0
0 0 0 0 0 0 0 0 0 0
0 0 0 0 0 4 4 4 4 0
0 0 0 0 0 4 4 4 4 0
0 0 0 0 0 4 4 4 4 0
Output:
0 0 0 0 0 0 0 0 0 0
0 4 4 4 4 4 0 0 0 0
0 4 2 2 2 4 0 0 0 0
0 4 2 2 2 4 0 0 0 0
0 4 2 2 2 4 0 0 0 0
0 4 4 4 4 4 0 0 0 0
0 0 0 0 0 0 0 0 0 0
0 0 0 0 0 4 4 4 4 0
0 0 0 0 0 4 1 1 4 0
0 0 0 0 0 4 4 4 4 0

Example 2:

Input:
4 4 4 4 4 4 0 0 0 0
4 4 4 4 4 4 0 0 0 0
4 4 4 4 4 4 0 0 0 0
4 4 4 4 4 4 0 0 0 0
4 4 4 4 4 4 0 0 0 0
4 4 4 4 4 4 0 0 0 0
0 0 0 0 0 0 0 0 0 0
0 0 0 0 4 4 4 4 4 4
0 0 0 0 4 4 4 4 4 4
0 0 0 0 4 4 4 4 4 4
Output:
4 4 4 4 4 4 0 0 0 0
4 2 2 2 2 4 0 0 0 0
4 2 2 2 2 4 0 0 0 0
4 2 2 2 2 4 0 0 0 0
4 2 2 2 2 4 0 0 0 0
4 4 4 4 4 4 0 0 0 0
0 0 0 0 0 0 0 0 0 0
0 0 0 0 4 4 4 4 4 4
0 0 0 0 4 1 1 1 1 4
0 0 0 0 4 4 4 4 4 4

Example 3:

Input:
0 0 0 0 0 0 4 4 4 4
0 0 0 0 0 0 4 4 4 4
0 0 0 0 0 0 4 4 4 4
0 0 0 0 0 0 0 0 0 0
0 0 0 0 4 4 4 4 0 0
0 0 0 0 4 4 4 4 0 0
0 0 0 0 4 4 4 4 0 0
0 0 0 0 4 4 4 4 0 0
0 0 0 0 4 4 4 4 0 0
0 0 0 0 4 4 4 4 0 0
Output:
0 0 0 0 0 0 4 4 4 4
0 0 0 0 0 0 4 1 1 4
0 0 0 0 0 0 4 4 4 4
0 0 0 0 0 0 0 0 0 0
0 0 0 0 4 4 4 4 0 0
0 0 0 0 4 2 2 4 0 0
0 0 0 0 4 2 2 4 0 0
0 0 0 0 4 2 2 4 0 0
0 0 0 0 4 2 2 4 0 0
0 0 0 0 4 4 4 4 0 0

Example 4:

Input:
0 0 0 0 0 0 0 0 0 0
0 0 4 4 4 4 4 4 4 0
0 0 4 4 4 4 4 4 4 0
0 0 4 4 4 4 4 4 4 0
0 0 4 4 4 4 4 4 4 0
0 0 0 0 0 0 0 0 0 0
0 0 0 0 0 0 4 4 4 4
0 0 0 0 0 0 4 4 4 4
0 0 0 0 0 0 4 4 4 4
0 0 0 0 0 0 4 4 4 4
Output:
0 0 0 0 0 0 0 0 0 0
0 0 4 4 4 4 4 4 4 0
0 0 4 2 2 2 2 2 4 0
0 0 4 2 2 2 2 2 4 0
0 0 4 4 4 4 4 4 4 0
0 0 0 0 0 0 0 0 0 0
0 0 0 0 0 0 4 4 4 4
0 0 0 0 0 0 4 1 1 4
0 0 0 0 0 0 4 1 1 4
0 0 0 0 0 0 4 4 4 4

Example 5:

Input:
0 0 0 0 0 0 0 0 0 0
0 0 4 4 4 4 4 4 0 0
0 0 4 4 4 4 4 4 0 0
0 0 4 4 4 4 4 4 0 0
0 0 0 0 0 0 0 0 0 0
0 0 0 0 4 4 4 4 4 4
0 0 0 0 4 4 4 4 4 4
0 0 0 0 4 4 4 4 4 4
0 0 0 0 4 4 4 4 4 4
0 0 0 0 0 0 0 0 0 0
Output:
0 0 0 0 0 0 0 0 0 0
0 0 4 4 4 4 4 4 0 0
0 0 4 1 1 1 1 4 0 0
0 0 4 4 4 4 4 4 0 0
0 0 0 0 0 0 0 0 0 0
0 0 0 0 4 4 4 4 4 4
0 0 0 0 4 2 2 2 2 4
0 0 0 0 4 2 2 2 2 4
0 0 0 0 4 4 4 4 4 4
0 0 0 0 0 0 0 0 0 0

Example 6:

Input:
0 0 0 0 0 0 0 0 0 0
0 4 4 4 4 4 4 4 0 0
0 4 4 4 4 4 4 4 0 0
0 4 4 4 4 4 4 4 0 0
0 4 4 4 4 4 4 4 0 0
0 0 0 0 0 0 0 0 0 0
0 4 4 4 0 0 0 0 0 0
0 4 4 4 0 0 0 0 0 0
0 4 4 4 0 0 0 0 0 0
0 4 4 4 0 0 0 0 0 0
Output:
0 0 0 0 0 0 0 0 0 0
0 4 4 4 4 4 4 4 0 0
0 4 2 2 2 2 2 4 0 0
0 4 2 2 2 2 2 4 0 0
0 4 4 4 4 4 4 4 0 0
0 0 0 0 0 0 0 0 0 0
0 4 4 4 0 0 0 0 0 0
0 4 1 4 0 0 0 0 0 0
0 4 1 4 0 0 0 0 0 0
0 4 4 4 0 0 0 0 0 0

Example 7:

Input:
0 0 0 4 4 4 4 4 4 4
0 0 0 4 4 4 4 4 4 4
0 0 0 4 4 4 4 4 4 4
0 0 0 4 4 4 4 4 4 4
0 0 0 0 0 0 0 0 0 0
0 0 4 4 4 4 4 4 0 0
0 0 4 4 4 4 4 4 0 0
0 0 4 4 4 4 4 4 0 0
0 0 4 4 4 4 4 4 0 0
0 0 0 0 0 0 0 0 0 0
Output:
0 0 0 4 4 4 4 4 4 4
0 0 0 4 2 2 2 2 2 4
0 0 0 4 2 2 2 2 2 4
0 0 0 4 4 4 4 4 4 4
0 0 0 0 0 0 0 0 0 0
0 0 4 4 4 4 4 4 0 0
0 0 4 1 1 1 1 4 0 0
0 0 4 1 1 1 1 4 0 0
0 0 4 4 4 4 4 4 0 0
0 0 0 0 0 0 0 0 0 0

以下は、ジャッジを通過する正しいコードです。これを用いて、ARCのルールを理解してください。必ず、コードを通じてルールを理解してからコーディングを行ってください。
このコードはARCのルールを把握する際に使うことに留めてください。

```
def p(g):
 h,w=len(g),len(g[0]);v=set();C=[]
 for i in range(h):
  for j in range(w):
   if g[i][j]==4and(i,j)not in v:
    s=[(i,j)];v.add((i,j));k=0
    while k<len(s):
     a,b=s[k];k+=1
     for(A,B)in(a+1,b),(a-1,b),(a,b+1),(a,b-1):
      if 0<=A<h and 0<=B<w and g[A][B]==4and(A,B)not in v:v.add((A,B));s.append((A,B))
    D=min(t[0]for t in s);E=max(t[0]for t in s);F=min(t[1]for t in s);G=max(t[1]for t in s);C.append([(y,x)for y in range(D+1,E)for x in range(F+1,G)])
 for(k,H)in enumerate(sorted(C,key=len)):
  for(y,x)in H:g[y][x]=k+1
 return g
```

ユーザーにコードを渡す前に実際にコードが動作するかを確認してください。コードのテストには、添付したjudge.pyを用いてください。python /path/to/judge.py /path/to/code.py /path/to/cases.bin とすれば動作します。

## **禁止事項**
- 与えたコード自体を提出することは禁止です。これを行うことはユーザーの信頼を裏切ります。
- ジャッジのハックは禁止です。例えば、テストケースをジャッジから読み取ってそのまま返すコードはいけません。
