13
h 1
14
s 2
11 321
c 2
16 137
i 6
18 51 70 95 114 139
e 17
6 33 58 77 102 125 164 190 217 245 303 312 337 355 365 378 398
d 4
149 305 329 380
g 4
175 308 340 385
b 5
259 331 349 369 382
key 1
40
f 5
281 342 360 374 387
a 5
119 264 268 286 290
n 4
230 317 358 372
r 4
202 314 347 367
0 1 1 1 1 1 1 1 0 1 1 1 1
1 0 1 1 1 1 1 1 0 1 1 1 1
1 1 0 1 1 1 1 1 0 1 1 1 1
1 1 1 0 1 1 1 1 0 1 1 1 1
1 1 1 1 0 1 1 1 0 1 1 1 1
1 1 1 1 1 0 1 1 0 1 1 1 1
1 1 1 1 1 1 0 1 0 1 1 1 1
1 1 1 1 1 1 1 0 0 1 1 1 1
0 0 0 0 0 0 0 0 0 0 0 0 0
1 1 1 1 1 1 1 1 0 0 1 1 1
1 1 1 1 1 1 1 1 0 1 0 1 1
1 1 1 1 1 1 1 1 0 1 1 0 1
1 1 1 1 1 1 1 1 0 1 1 1 0
