ARCのケースに対して、list[list[int]] -> list[list[int]] のシグネチャを持つ関数`p`をPythonで実装してください。つまり、`def p(g):...` か `p=lambda g:...`というコードが期待されます。
コードはshortcodingのcompetitionに用いるため、アルゴリズムを工夫してできる限り短いコードを生成するよう努めてください。

Example 0:

Input:
5 4 5 6 1 2 5 4 5 6 1 2 5 4 5 6 1 2 5 4 5 6 1 2 5 4 5 6 1
4 5 2 1 2 3 4 5 2 1 2 3 4 5 2 1 2 3 4 5 2 1 2 3 4 5 2 1 2
5 6 1 2 5 4 5 6 1 2 5 4 5 6 1 2 5 4 5 6 1 2 5 4 5 6 1 2 5
2 1 2 3 4 5 0 0 2 3 4 5 2 1 2 3 4 5 2 1 2 3 4 5 2 1 2 3 4
1 2 5 4 5 6 0 0 5 4 5 6 1 2 5 4 5 6 1 2 5 4 5 6 1 2 5 4 5
2 0 0 0 0 1 0 0 4 5 2 1 2 3 4 5 2 1 2 3 4 5 2 1 2 3 4 5 2
5 0 0 0 0 2 0 0 5 6 1 2 5 4 5 6 1 2 5 4 5 6 1 2 0 0 0 6 1
4 0 0 0 0 0 0 0 2 1 2 3 4 5 2 1 2 3 4 5 2 1 2 3 0 0 0 1 2
5 6 1 2 0 0 0 0 1 2 5 4 5 6 1 2 5 4 5 6 1 2 5 4 0 0 0 2 5
2 1 2 3 0 0 2 1 2 3 4 5 2 1 2 3 4 5 2 1 2 3 4 5 0 0 0 3 4
1 2 5 4 5 6 1 2 5 4 5 6 1 2 5 4 5 6 1 2 5 4 5 6 0 0 0 4 5
2 3 4 5 2 1 2 3 4 5 2 1 2 3 4 5 2 1 2 3 4 5 2 1 0 0 0 5 2
5 4 5 6 1 2 5 4 5 6 1 2 5 4 5 6 1 2 5 4 5 6 1 2 5 4 5 6 1
4 5 2 1 2 3 4 5 2 1 2 3 4 5 2 1 2 3 4 5 2 1 2 3 4 5 2 1 2
5 6 1 2 5 4 5 6 1 2 5 4 5 6 1 2 5 4 5 6 1 2 5 4 5 6 1 2 5
2 1 2 3 4 5 2 1 2 3 4 5 2 1 2 3 4 5 2 1 2 3 4 5 2 1 2 3 4
1 2 5 4 5 6 1 2 5 4 5 6 1 2 5 4 5 6 1 2 5 4 5 6 1 2 5 4 5
2 3 4 5 2 1 2 3 4 5 2 1 2 3 4 5 2 1 2 3 4 5 2 1 2 3 4 5 2
5 4 5 6 1 2 5 4 5 6 1 2 5 4 5 6 1 2 5 4 5 6 1 2 5 4 5 6 1
4 5 2 1 2 3 4 5 2 1 2 3 4 5 2 1 2 3 4 5 2 1 2 3 4 5 2 1 2
5 6 1 2 5 4 5 6 1 2 5 4 5 6 1 2 5 4 5 6 1 2 5 4 5 6 1 2 5
2 1 2 3 4 5 2 1 2 3 4 5 2 0 0 0 0 5 2 1 2 3 4 5 2 1 2 3 4
1 2 5 4 5 6 1 2 5 4 5 6 1 0 0 0 0 6 1 2 5 4 5 6 1 2 5 4 5
2 3 4 5 2 1 2 3 4 5 2 1 2 0 0 0 0 1 2 3 4 5 2 1 2 3 4 5 2
5 4 5 6 1 2 5 4 5 6 1 2 5 4 5 6 1 2 5 4 5 6 1 2 5 4 5 6 1
4 5 2 1 2 3 4 5 2 1 2 3 4 5 2 1 2 3 4 5 2 1 2 3 4 5 2 1 2
5 6 1 2 5 4 5 6 1 2 5 4 5 6 1 2 5 4 5 6 1 2 5 4 5 6 1 2 5
2 1 2 3 4 5 2 1 2 3 4 5 2 1 2 3 4 5 2 1 2 3 4 5 2 1 2 3 4
1 2 5 4 5 6 1 2 5 4 5 6 1 2 5 4 5 6 1 2 5 4 5 6 1 2 5 4 5
Output:
5 4 5 6 1 2 5 4 5 6 1 2 5 4 5 6 1 2 5 4 5 6 1 2 5 4 5 6 1
4 5 2 1 2 3 4 5 2 1 2 3 4 5 2 1 2 3 4 5 2 1 2 3 4 5 2 1 2
5 6 1 2 5 4 5 6 1 2 5 4 5 6 1 2 5 4 5 6 1 2 5 4 5 6 1 2 5
2 1 2 3 4 5 2 1 2 3 4 5 2 1 2 3 4 5 2 1 2 3 4 5 2 1 2 3 4
1 2 5 4 5 6 1 2 5 4 5 6 1 2 5 4 5 6 1 2 5 4 5 6 1 2 5 4 5
2 3 4 5 2 1 2 3 4 5 2 1 2 3 4 5 2 1 2 3 4 5 2 1 2 3 4 5 2
5 4 5 6 1 2 5 4 5 6 1 2 5 4 5 6 1 2 5 4 5 6 1 2 5 4 5 6 1
4 5 2 1 2 3 4 5 2 1 2 3 4 5 2 1 2 3 4 5 2 1 2 3 4 5 2 1 2
5 6 1 2 5 4 5 6 1 2 5 4 5 6 1 2 5 4 5 6 1 2 5 4 5 6 1 2 5
2 1 2 3 4 5 2 1 2 3 4 5 2 1 2 3 4 5 2 1 2 3 4 5 2 1 2 3 4
1 2 5 4 5 6 1 2 5 4 5 6 1 2 5 4 5 6 1 2 5 4 5 6 1 2 5 4 5
2 3 4 5 2 1 2 3 4 5 2 1 2 3 4 5 2 1 2 3 4 5 2 1 2 3 4 5 2
5 4 5 6 1 2 5 4 5 6 1 2 5 4 5 6 1 2 5 4 5 6 1 2 5 4 5 6 1
4 5 2 1 2 3 4 5 2 1 2 3 4 5 2 1 2 3 4 5 2 1 2 3 4 5 2 1 2
5 6 1 2 5 4 5 6 1 2 5 4 5 6 1 2 5 4 5 6 1 2 5 4 5 6 1 2 5
2 1 2 3 4 5 2 1 2 3 4 5 2 1 2 3 4 5 2 1 2 3 4 5 2 1 2 3 4
1 2 5 4 5 6 1 2 5 4 5 6 1 2 5 4 5 6 1 2 5 4 5 6 1 2 5 4 5
2 3 4 5 2 1 2 3 4 5 2 1 2 3 4 5 2 1 2 3 4 5 2 1 2 3 4 5 2
5 4 5 6 1 2 5 4 5 6 1 2 5 4 5 6 1 2 5 4 5 6 1 2 5 4 5 6 1
4 5 2 1 2 3 4 5 2 1 2 3 4 5 2 1 2 3 4 5 2 1 2 3 4 5 2 1 2
5 6 1 2 5 4 5 6 1 2 5 4 5 6 1 2 5 4 5 6 1 2 5 4 5 6 1 2 5
2 1 2 3 4 5 2 1 2 3 4 5 2 1 2 3 4 5 2 1 2 3 4 5 2 1 2 3 4
1 2 5 4 5 6 1 2 5 4 5 6 1 2 5 4 5 6 1 2 5 4 5 6 1 2 5 4 5
2 3 4 5 2 1 2 3 4 5 2 1 2 3 4 5 2 1 2 3 4 5 2 1 2 3 4 5 2
5 4 5 6 1 2 5 4 5 6 1 2 5 4 5 6 1 2 5 4 5 6 1 2 5 4 5 6 1
4 5 2 1 2 3 4 5 2 1 2 3 4 5 2 1 2 3 4 5 2 1 2 3 4 5 2 1 2
5 6 1 2 5 4 5 6 1 2 5 4 5 6 1 2 5 4 5 6 1 2 5 4 5 6 1 2 5
2 1 2 3 4 5 2 1 2 3 4 5 2 1 2 3 4 5 2 1 2 3 4 5 2 1 2 3 4
1 2 5 4 5 6 1 2 5 4 5 6 1 2 5 4 5 6 1 2 5 4 5 6 1 2 5 4 5

Example 1:

Input:
5 4 2 1 2 2 5 3 2 7 1 2 3 6 2 6 2 1 2 5 2 5 5 7 1 2 2 4 3
0 0 0 0 5 7 5 4 2 1 2 2 5 3 2 7 1 2 3 6 2 6 2 1 2 5 2 5 5
0 0 0 0 3 2 3 7 1 2 5 7 5 4 2 1 2 2 5 3 2 7 1 2 3 6 2 6 2
0 0 0 0 3 7 2 1 2 3 3 2 3 7 1 2 5 7 5 4 2 1 2 2 5 3 2 7 1
0 0 0 0 5 7 1 2 2 4 3 7 2 1 2 3 3 2 3 7 1 2 5 7 5 4 2 1 2
3 6 2 6 2 1 2 5 2 5 5 7 1 2 2 4 3 7 2 1 2 3 3 2 3 7 1 2 5
5 3 2 7 1 2 3 6 2 6 2 1 2 5 2 5 5 7 1 2 2 4 3 7 2 1 2 3 3
5 4 2 1 2 2 5 3 2 7 1 2 3 6 2 6 2 1 2 5 2 5 5 7 1 2 2 4 3
3 7 1 2 5 7 5 4 2 1 2 2 5 3 2 7 1 2 3 6 2 6 2 1 2 5 2 5 5
2 1 2 3 3 2 3 7 1 2 5 7 5 4 2 1 2 2 5 3 2 7 1 2 3 6 2 6 2
1 2 2 4 3 7 2 1 2 3 3 2 3 7 1 2 5 7 5 4 2 1 2 2 5 3 2 7 1
2 5 2 5 5 7 1 2 2 4 3 7 2 1 2 3 3 2 3 0 0 0 0 0 5 4 2 1 2
3 6 2 6 2 1 2 5 2 5 5 7 1 2 2 4 3 7 2 0 0 0 0 0 3 7 1 2 5
5 3 2 7 1 2 3 6 2 0 0 0 0 0 2 5 5 7 1 0 0 0 0 0 2 1 2 3 3
5 4 2 1 2 2 5 3 2 0 0 0 0 0 2 6 2 1 2 0 0 0 0 0 1 2 2 4 3
3 7 1 2 5 7 5 4 2 1 2 2 5 3 2 7 1 2 3 0 0 0 0 1 2 5 2 5 5
2 1 2 3 0 0 0 7 1 2 5 7 5 4 2 1 2 2 5 0 0 0 0 2 3 6 2 6 2
1 2 2 4 0 0 0 1 2 3 3 2 3 7 1 2 5 7 5 4 2 1 2 2 5 3 2 7 1
2 5 2 5 0 0 0 2 2 4 3 7 2 1 2 3 3 2 3 7 1 2 5 7 5 4 2 1 2
3 6 2 6 0 0 0 5 2 5 5 7 1 2 2 4 3 7 2 1 2 3 3 2 3 7 1 2 5
5 3 2 7 0 0 0 6 2 6 2 1 2 5 2 5 5 7 1 2 2 4 3 7 2 1 2 3 3
5 4 2 1 0 0 0 3 2 7 1 2 3 6 2 6 2 1 2 5 2 5 5 7 1 2 2 4 3
3 7 1 2 5 7 5 4 2 1 2 2 5 3 2 7 1 2 3 6 2 6 2 1 2 5 2 5 5
2 1 2 3 3 2 3 7 1 2 5 7 5 4 2 1 2 2 5 3 2 7 1 2 3 6 2 6 2
1 2 2 4 3 7 2 1 2 3 3 2 3 7 1 2 5 7 5 4 2 1 2 2 5 3 2 7 1
2 5 2 5 5 7 1 2 2 4 3 7 2 1 2 3 3 2 3 7 1 2 5 7 5 4 2 1 2
3 6 2 6 2 1 2 5 2 5 5 7 1 2 2 4 3 7 2 1 2 3 3 2 3 7 1 2 5
5 3 2 7 1 2 3 6 2 6 2 1 2 5 2 5 5 7 1 2 2 4 3 7 2 1 2 3 3
5 4 2 1 2 2 5 3 2 7 1 2 3 6 2 6 2 1 2 5 2 5 5 7 1 2 2 4 3
Output:
5 4 2 1 2 2 5 3 2 7 1 2 3 6 2 6 2 1 2 5 2 5 5 7 1 2 2 4 3
3 7 1 2 5 7 5 4 2 1 2 2 5 3 2 7 1 2 3 6 2 6 2 1 2 5 2 5 5
2 1 2 3 3 2 3 7 1 2 5 7 5 4 2 1 2 2 5 3 2 7 1 2 3 6 2 6 2
1 2 2 4 3 7 2 1 2 3 3 2 3 7 1 2 5 7 5 4 2 1 2 2 5 3 2 7 1
2 5 2 5 5 7 1 2 2 4 3 7 2 1 2 3 3 2 3 7 1 2 5 7 5 4 2 1 2
3 6 2 6 2 1 2 5 2 5 5 7 1 2 2 4 3 7 2 1 2 3 3 2 3 7 1 2 5
5 3 2 7 1 2 3 6 2 6 2 1 2 5 2 5 5 7 1 2 2 4 3 7 2 1 2 3 3
5 4 2 1 2 2 5 3 2 7 1 2 3 6 2 6 2 1 2 5 2 5 5 7 1 2 2 4 3
3 7 1 2 5 7 5 4 2 1 2 2 5 3 2 7 1 2 3 6 2 6 2 1 2 5 2 5 5
2 1 2 3 3 2 3 7 1 2 5 7 5 4 2 1 2 2 5 3 2 7 1 2 3 6 2 6 2
1 2 2 4 3 7 2 1 2 3 3 2 3 7 1 2 5 7 5 4 2 1 2 2 5 3 2 7 1
2 5 2 5 5 7 1 2 2 4 3 7 2 1 2 3 3 2 3 7 1 2 5 7 5 4 2 1 2
3 6 2 6 2 1 2 5 2 5 5 7 1 2 2 4 3 7 2 1 2 3 3 2 3 7 1 2 5
5 3 2 7 1 2 3 6 2 6 2 1 2 5 2 5 5 7 1 2 2 4 3 7 2 1 2 3 3
5 4 2 1 2 2 5 3 2 7 1 2 3 6 2 6 2 1 2 5 2 5 5 7 1 2 2 4 3
3 7 1 2 5 7 5 4 2 1 2 2 5 3 2 7 1 2 3 6 2 6 2 1 2 5 2 5 5
2 1 2 3 3 2 3 7 1 2 5 7 5 4 2 1 2 2 5 3 2 7 1 2 3 6 2 6 2
1 2 2 4 3 7 2 1 2 3 3 2 3 7 1 2 5 7 5 4 2 1 2 2 5 3 2 7 1
2 5 2 5 5 7 1 2 2 4 3 7 2 1 2 3 3 2 3 7 1 2 5 7 5 4 2 1 2
3 6 2 6 2 1 2 5 2 5 5 7 1 2 2 4 3 7 2 1 2 3 3 2 3 7 1 2 5
5 3 2 7 1 2 3 6 2 6 2 1 2 5 2 5 5 7 1 2 2 4 3 7 2 1 2 3 3
5 4 2 1 2 2 5 3 2 7 1 2 3 6 2 6 2 1 2 5 2 5 5 7 1 2 2 4 3
3 7 1 2 5 7 5 4 2 1 2 2 5 3 2 7 1 2 3 6 2 6 2 1 2 5 2 5 5
2 1 2 3 3 2 3 7 1 2 5 7 5 4 2 1 2 2 5 3 2 7 1 2 3 6 2 6 2
1 2 2 4 3 7 2 1 2 3 3 2 3 7 1 2 5 7 5 4 2 1 2 2 5 3 2 7 1
2 5 2 5 5 7 1 2 2 4 3 7 2 1 2 3 3 2 3 7 1 2 5 7 5 4 2 1 2
3 6 2 6 2 1 2 5 2 5 5 7 1 2 2 4 3 7 2 1 2 3 3 2 3 7 1 2 5
5 3 2 7 1 2 3 6 2 6 2 1 2 5 2 5 5 7 1 2 2 4 3 7 2 1 2 3 3
5 4 2 1 2 2 5 3 2 7 1 2 3 6 2 6 2 1 2 5 2 5 5 7 1 2 2 4 3

Example 2:

Input:
1 2 1 4 1 6 1 8 1 2 1 4 1 6 1 8 1 2 1 4 1 6 1 8 1 2 1 4 1
2 1 2 1 2 1 2 1 2 1 2 1 2 1 2 1 2 1 2 1 2 1 2 1 2 1 2 1 2
1 4 1 6 1 8 1 2 1 4 1 6 1 8 1 2 1 4 1 6 1 8 1 2 1 4 1 6 1
2 1 2 1 2 1 2 1 2 1 2 1 2 1 2 1 2 1 2 1 2 1 2 1 2 1 2 1 2
1 6 1 8 1 2 0 0 0 0 0 0 0 2 1 4 1 6 1 8 1 2 1 4 1 6 1 8 1
2 1 2 1 2 1 0 0 0 0 0 0 0 1 2 1 2 1 2 1 2 1 2 1 2 1 2 1 2
1 8 1 2 1 4 0 0 0 0 0 0 0 4 1 6 1 8 1 2 1 4 1 6 1 8 1 2 1
2 1 2 1 2 1 0 0 0 0 0 0 0 1 2 1 2 1 2 1 2 1 2 1 2 1 2 1 2
1 2 1 4 1 6 0 0 0 0 0 0 0 6 1 8 1 2 1 4 1 6 1 8 1 2 1 4 1
2 1 2 1 2 1 0 0 0 0 0 0 0 1 2 1 2 1 2 1 2 1 2 1 2 1 2 1 2
1 4 1 6 1 8 0 0 0 0 0 0 0 8 1 2 1 4 1 6 1 8 1 2 1 4 1 6 1
2 1 2 1 2 1 2 1 2 1 2 1 2 1 2 1 2 1 2 1 2 1 2 1 2 1 2 1 2
1 6 1 8 1 2 1 4 1 6 1 8 1 2 1 4 1 6 1 8 1 2 1 4 1 6 1 8 1
2 1 2 1 2 1 2 1 2 1 2 1 2 1 2 1 2 1 2 1 2 1 2 1 2 1 2 1 2
1 8 1 2 1 4 1 6 1 8 1 2 1 4 1 6 1 8 1 2 1 4 1 6 1 8 1 2 1
2 1 2 1 2 1 2 1 2 1 2 1 2 1 2 1 2 1 2 1 2 1 2 1 2 1 2 1 2
1 2 1 4 1 6 1 8 1 2 1 4 1 6 1 8 1 2 1 4 1 6 1 0 0 0 0 4 1
2 1 2 1 2 1 2 1 2 1 2 1 2 1 2 1 2 1 2 1 2 1 2 0 0 0 0 1 2
1 4 1 6 1 8 1 2 1 4 1 6 1 8 1 2 1 4 1 6 1 8 1 0 0 0 0 6 1
2 1 2 1 2 1 2 1 2 1 2 1 2 1 2 1 2 1 2 1 2 0 0 0 0 0 0 0 2
1 6 1 8 1 2 1 4 1 6 1 8 1 2 1 4 1 6 1 8 0 0 0 0 0 0 0 0 1
2 1 2 1 2 1 2 1 2 1 2 1 2 1 2 1 2 1 2 1 0 0 0 0 0 0 0 0 2
1 8 1 2 1 4 1 6 1 8 1 2 1 4 1 6 1 8 1 2 1 0 0 0 0 0 0 0 1
2 1 2 1 2 1 2 1 2 1 2 1 2 1 2 1 2 1 2 1 2 0 0 0 0 0 0 0 2
1 2 1 4 1 6 1 8 1 2 1 4 1 6 1 8 1 2 1 4 1 6 1 8 0 0 0 0 1
2 1 2 1 2 1 2 1 2 1 2 1 2 1 2 1 2 1 2 1 2 1 2 1 0 0 0 0 2
1 4 1 6 1 8 1 2 1 4 1 6 1 8 1 2 1 4 1 6 1 8 1 2 1 4 1 6 1
2 1 2 1 2 1 2 1 2 1 2 1 2 1 2 1 2 1 2 1 2 1 2 1 2 1 2 1 2
1 6 1 8 1 2 1 4 1 6 1 8 1 2 1 4 1 6 1 8 1 2 1 4 1 6 1 8 1
Output:
1 2 1 4 1 6 1 8 1 2 1 4 1 6 1 8 1 2 1 4 1 6 1 8 1 2 1 4 1
2 1 2 1 2 1 2 1 2 1 2 1 2 1 2 1 2 1 2 1 2 1 2 1 2 1 2 1 2
1 4 1 6 1 8 1 2 1 4 1 6 1 8 1 2 1 4 1 6 1 8 1 2 1 4 1 6 1
2 1 2 1 2 1 2 1 2 1 2 1 2 1 2 1 2 1 2 1 2 1 2 1 2 1 2 1 2
1 6 1 8 1 2 1 4 1 6 1 8 1 2 1 4 1 6 1 8 1 2 1 4 1 6 1 8 1
2 1 2 1 2 1 2 1 2 1 2 1 2 1 2 1 2 1 2 1 2 1 2 1 2 1 2 1 2
1 8 1 2 1 4 1 6 1 8 1 2 1 4 1 6 1 8 1 2 1 4 1 6 1 8 1 2 1
2 1 2 1 2 1 2 1 2 1 2 1 2 1 2 1 2 1 2 1 2 1 2 1 2 1 2 1 2
1 2 1 4 1 6 1 8 1 2 1 4 1 6 1 8 1 2 1 4 1 6 1 8 1 2 1 4 1
2 1 2 1 2 1 2 1 2 1 2 1 2 1 2 1 2 1 2 1 2 1 2 1 2 1 2 1 2
1 4 1 6 1 8 1 2 1 4 1 6 1 8 1 2 1 4 1 6 1 8 1 2 1 4 1 6 1
2 1 2 1 2 1 2 1 2 1 2 1 2 1 2 1 2 1 2 1 2 1 2 1 2 1 2 1 2
1 6 1 8 1 2 1 4 1 6 1 8 1 2 1 4 1 6 1 8 1 2 1 4 1 6 1 8 1
2 1 2 1 2 1 2 1 2 1 2 1 2 1 2 1 2 1 2 1 2 1 2 1 2 1 2 1 2
1 8 1 2 1 4 1 6 1 8 1 2 1 4 1 6 1 8 1 2 1 4 1 6 1 8 1 2 1
2 1 2 1 2 1 2 1 2 1 2 1 2 1 2 1 2 1 2 1 2 1 2 1 2 1 2 1 2
1 2 1 4 1 6 1 8 1 2 1 4 1 6 1 8 1 2 1 4 1 6 1 8 1 2 1 4 1
2 1 2 1 2 1 2 1 2 1 2 1 2 1 2 1 2 1 2 1 2 1 2 1 2 1 2 1 2
1 4 1 6 1 8 1 2 1 4 1 6 1 8 1 2 1 4 1 6 1 8 1 2 1 4 1 6 1
2 1 2 1 2 1 2 1 2 1 2 1 2 1 2 1 2 1 2 1 2 1 2 1 2 1 2 1 2
1 6 1 8 1 2 1 4 1 6 1 8 1 2 1 4 1 6 1 8 1 2 1 4 1 6 1 8 1
2 1 2 1 2 1 2 1 2 1 2 1 2 1 2 1 2 1 2 1 2 1 2 1 2 1 2 1 2
1 8 1 2 1 4 1 6 1 8 1 2 1 4 1 6 1 8 1 2 1 4 1 6 1 8 1 2 1
2 1 2 1 2 1 2 1 2 1 2 1 2 1 2 1 2 1 2 1 2 1 2 1 2 1 2 1 2
1 2 1 4 1 6 1 8 1 2 1 4 1 6 1 8 1 2 1 4 1 6 1 8 1 2 1 4 1
2 1 2 1 2 1 2 1 2 1 2 1 2 1 2 1 2 1 2 1 2 1 2 1 2 1 2 1 2
1 4 1 6 1 8 1 2 1 4 1 6 1 8 1 2 1 4 1 6 1 8 1 2 1 4 1 6 1
2 1 2 1 2 1 2 1 2 1 2 1 2 1 2 1 2 1 2 1 2 1 2 1 2 1 2 1 2
1 6 1 8 1 2 1 4 1 6 1 8 1 2 1 4 1 6 1 8 1 2 1 4 1 6 1 8 1

Example 3:

Input:
8 1 2 6 1 2 0 0 0 0 1 2 5 1 2 9 1 2 8 1 2 6 1 2 2 1 2 3 1
1 8 2 1 5 9 0 0 0 0 8 9 1 5 0 0 0 9 1 8 2 1 5 9 1 2 2 1 8
5 3 1 8 2 1 0 0 0 0 8 1 8 9 0 0 0 1 5 3 1 8 2 1 2 6 1 5 8
5 1 2 9 1 2 0 0 0 0 1 2 2 1 0 0 0 2 5 1 2 9 1 2 8 1 2 6 1
1 5 2 1 2 9 0 0 0 0 5 9 1 2 0 0 0 9 1 5 2 1 2 9 1 8 2 1 5
8 9 1 2 5 1 5 3 1 8 2 1 2 6 0 0 0 1 8 9 1 2 5 1 5 3 1 8 2
2 1 2 3 1 2 5 1 2 9 1 2 8 1 0 0 0 2 2 1 2 3 1 2 5 1 2 9 1
1 2 2 1 8 9 1 5 2 1 2 9 1 8 0 0 0 9 1 2 2 1 8 9 1 5 2 1 2
2 6 1 5 8 1 8 9 1 2 5 1 5 3 1 8 2 1 2 6 1 5 8 1 8 9 1 2 5
8 1 2 6 1 2 2 1 2 3 1 2 5 1 2 9 1 2 8 1 2 6 1 2 2 1 2 3 1
1 8 2 1 5 9 1 2 2 1 8 9 1 5 2 1 2 9 1 8 2 1 5 9 1 2 2 1 8
5 3 1 8 2 1 2 6 1 5 8 1 8 9 1 2 5 1 5 3 1 8 2 1 2 6 1 5 8
5 1 0 0 1 2 8 1 2 6 1 2 2 0 0 0 1 2 5 1 2 9 1 2 8 1 2 6 1
1 5 0 0 2 9 1 8 2 1 5 9 1 0 0 0 8 9 1 5 2 1 2 9 1 8 2 1 5
8 9 0 0 5 1 5 3 1 8 2 1 2 6 1 5 8 1 8 9 1 2 5 1 5 3 1 8 2
2 1 0 0 0 2 5 1 2 9 1 2 8 1 2 6 1 2 2 1 2 3 1 2 5 1 2 9 1
1 2 0 0 0 9 1 5 2 1 2 9 1 8 2 1 5 9 1 2 2 1 8 9 1 5 2 1 2
2 6 1 0 0 1 8 9 1 2 5 1 5 3 1 8 2 1 2 6 1 5 8 1 8 9 1 2 5
8 1 2 0 0 2 2 1 2 3 1 2 5 1 2 9 1 2 8 1 2 6 1 2 2 1 2 3 1
1 8 2 1 5 9 1 2 2 1 8 9 1 5 2 1 2 9 1 8 2 1 5 9 1 2 2 1 8
5 3 1 8 2 1 2 6 1 5 8 1 8 9 1 2 5 1 5 3 1 8 2 1 2 6 1 5 8
5 1 2 9 1 2 8 1 2 6 1 2 2 1 2 3 1 2 5 1 2 9 1 2 8 1 2 6 1
1 5 2 1 2 9 1 8 2 1 5 9 1 2 2 1 8 9 1 5 2 1 2 9 1 8 2 1 5
8 9 1 2 5 1 5 3 1 8 2 1 2 6 1 5 8 1 8 9 1 2 5 1 5 3 1 8 2
2 1 2 3 1 2 5 1 2 9 1 2 8 1 2 6 1 2 2 1 2 3 1 2 5 1 2 9 1
1 2 2 1 8 9 1 5 2 1 2 9 1 8 2 1 5 9 1 2 2 1 8 9 1 5 2 1 2
2 6 1 5 8 1 8 9 1 2 5 1 5 3 1 8 2 1 2 6 1 5 8 1 8 9 1 2 5
8 1 2 6 1 2 2 1 2 3 1 2 5 1 2 9 1 2 8 1 2 6 1 2 2 1 2 3 1
1 8 2 1 5 9 1 2 2 1 8 9 1 5 2 1 2 9 1 8 2 1 5 9 1 2 2 1 8
Output:
8 1 2 6 1 2 2 1 2 3 1 2 5 1 2 9 1 2 8 1 2 6 1 2 2 1 2 3 1
1 8 2 1 5 9 1 2 2 1 8 9 1 5 2 1 2 9 1 8 2 1 5 9 1 2 2 1 8
5 3 1 8 2 1 2 6 1 5 8 1 8 9 1 2 5 1 5 3 1 8 2 1 2 6 1 5 8
5 1 2 9 1 2 8 1 2 6 1 2 2 1 2 3 1 2 5 1 2 9 1 2 8 1 2 6 1
1 5 2 1 2 9 1 8 2 1 5 9 1 2 2 1 8 9 1 5 2 1 2 9 1 8 2 1 5
8 9 1 2 5 1 5 3 1 8 2 1 2 6 1 5 8 1 8 9 1 2 5 1 5 3 1 8 2
2 1 2 3 1 2 5 1 2 9 1 2 8 1 2 6 1 2 2 1 2 3 1 2 5 1 2 9 1
1 2 2 1 8 9 1 5 2 1 2 9 1 8 2 1 5 9 1 2 2 1 8 9 1 5 2 1 2
2 6 1 5 8 1 8 9 1 2 5 1 5 3 1 8 2 1 2 6 1 5 8 1 8 9 1 2 5
8 1 2 6 1 2 2 1 2 3 1 2 5 1 2 9 1 2 8 1 2 6 1 2 2 1 2 3 1
1 8 2 1 5 9 1 2 2 1 8 9 1 5 2 1 2 9 1 8 2 1 5 9 1 2 2 1 8
5 3 1 8 2 1 2 6 1 5 8 1 8 9 1 2 5 1 5 3 1 8 2 1 2 6 1 5 8
5 1 2 9 1 2 8 1 2 6 1 2 2 1 2 3 1 2 5 1 2 9 1 2 8 1 2 6 1
1 5 2 1 2 9 1 8 2 1 5 9 1 2 2 1 8 9 1 5 2 1 2 9 1 8 2 1 5
8 9 1 2 5 1 5 3 1 8 2 1 2 6 1 5 8 1 8 9 1 2 5 1 5 3 1 8 2
2 1 2 3 1 2 5 1 2 9 1 2 8 1 2 6 1 2 2 1 2 3 1 2 5 1 2 9 1
1 2 2 1 8 9 1 5 2 1 2 9 1 8 2 1 5 9 1 2 2 1 8 9 1 5 2 1 2
2 6 1 5 8 1 8 9 1 2 5 1 5 3 1 8 2 1 2 6 1 5 8 1 8 9 1 2 5
8 1 2 6 1 2 2 1 2 3 1 2 5 1 2 9 1 2 8 1 2 6 1 2 2 1 2 3 1
1 8 2 1 5 9 1 2 2 1 8 9 1 5 2 1 2 9 1 8 2 1 5 9 1 2 2 1 8
5 3 1 8 2 1 2 6 1 5 8 1 8 9 1 2 5 1 5 3 1 8 2 1 2 6 1 5 8
5 1 2 9 1 2 8 1 2 6 1 2 2 1 2 3 1 2 5 1 2 9 1 2 8 1 2 6 1
1 5 2 1 2 9 1 8 2 1 5 9 1 2 2 1 8 9 1 5 2 1 2 9 1 8 2 1 5
8 9 1 2 5 1 5 3 1 8 2 1 2 6 1 5 8 1 8 9 1 2 5 1 5 3 1 8 2
2 1 2 3 1 2 5 1 2 9 1 2 8 1 2 6 1 2 2 1 2 3 1 2 5 1 2 9 1
1 2 2 1 8 9 1 5 2 1 2 9 1 8 2 1 5 9 1 2 2 1 8 9 1 5 2 1 2
2 6 1 5 8 1 8 9 1 2 5 1 5 3 1 8 2 1 2 6 1 5 8 1 8 9 1 2 5
8 1 2 6 1 2 2 1 2 3 1 2 5 1 2 9 1 2 8 1 2 6 1 2 2 1 2 3 1
1 8 2 1 5 9 1 2 2 1 8 9 1 5 2 1 2 9 1 8 2 1 5 9 1 2 2 1 8

Example 4:

Input:
1 6 5 6 1 6 5 6 1 6 5 6 1 6 5 6 1 6 5 6 1 6 5 6 1 6 5 6 1
6 3 2 3 6 3 2 3 6 3 2 3 6 3 2 3 6 3 2 3 6 3 2 3 6 3 2 3 6
5 2 1 2 5 2 1 2 5 2 1 2 5 2 1 2 5 2 1 2 5 2 1 2 5 2 1 2 5
6 3 2 3 6 3 2 3 6 3 2 3 6 0 0 0 6 0 0 0 6 3 2 3 6 3 2 3 6
1 6 5 6 1 6 5 6 1 6 5 6 1 0 0 0 1 0 0 0 1 6 5 6 1 6 5 6 1
6 3 2 3 6 3 2 3 6 3 2 3 6 3 2 3 6 3 2 3 6 3 2 3 6 3 2 3 6
5 2 1 2 5 2 1 2 5 2 1 2 5 2 1 2 5 2 1 0 0 0 0 2 5 2 1 2 5
6 3 2 3 6 3 2 3 6 3 2 3 6 3 2 3 6 3 2 0 0 0 0 3 6 3 2 3 6
1 6 5 6 1 6 5 6 1 6 5 6 1 6 5 6 1 6 5 0 0 0 0 6 1 6 5 6 1
6 3 2 3 6 3 2 3 6 3 2 3 6 3 2 3 6 3 2 0 0 0 0 3 6 3 2 3 6
5 2 1 2 5 2 1 2 5 2 1 2 5 2 1 2 5 2 1 0 0 0 0 2 5 2 1 2 5
6 3 2 3 6 3 2 3 6 3 2 3 6 3 2 3 6 3 2 3 6 3 2 3 6 3 2 3 6
0 0 0 0 0 6 5 6 1 6 5 6 1 6 5 6 1 6 5 6 1 6 5 6 1 6 5 6 1
0 0 0 0 0 3 2 3 6 3 2 3 6 3 2 3 6 3 2 3 6 3 2 3 6 3 2 3 6
5 2 1 2 5 2 1 2 5 2 1 2 5 2 1 2 5 2 1 2 5 2 1 2 5 2 1 2 5
6 3 2 3 6 3 2 3 6 3 2 3 6 3 2 3 6 3 2 3 6 3 2 3 6 3 2 3 6
1 6 5 6 1 6 5 6 1 6 5 6 1 6 5 6 1 6 5 6 1 6 5 6 1 6 5 6 1
6 3 2 3 6 3 2 3 6 3 2 3 6 3 2 3 6 3 2 3 6 3 2 3 6 3 2 3 6
5 2 1 2 5 2 1 2 5 2 1 2 5 2 1 2 5 2 1 2 5 2 1 2 5 2 1 2 5
6 3 2 3 6 3 2 3 6 3 2 3 6 3 2 3 6 3 2 3 6 3 2 3 6 3 2 3 6
1 6 5 6 1 6 5 6 1 6 5 6 1 6 5 6 1 6 5 6 1 6 5 6 1 6 5 6 1
6 3 2 3 6 3 2 3 6 3 2 3 6 3 2 3 6 3 2 3 6 3 2 3 6 3 2 3 6
5 2 1 2 5 2 1 2 5 2 1 2 5 2 1 2 5 2 1 2 5 2 1 2 5 2 1 2 5
6 3 2 3 6 3 2 3 6 3 2 3 6 3 2 3 6 3 2 3 6 3 2 3 6 3 2 3 6
1 0 0 6 1 6 5 6 1 6 5 6 1 6 5 6 1 6 5 6 1 6 5 6 1 6 5 6 1
6 0 0 3 6 3 2 3 6 3 2 3 6 3 2 3 6 3 2 3 6 3 2 3 6 3 2 3 6
5 0 0 2 5 2 1 2 5 2 1 2 5 2 1 2 5 2 1 2 5 2 1 2 5 2 1 2 5
6 0 0 3 6 3 2 3 6 3 2 3 6 3 2 3 6 3 2 3 6 3 2 3 6 3 2 3 6
1 0 0 6 1 6 5 6 1 6 5 6 1 6 5 6 1 6 5 6 1 6 5 6 1 6 5 6 1
Output:
1 6 5 6 1 6 5 6 1 6 5 6 1 6 5 6 1 6 5 6 1 6 5 6 1 6 5 6 1
6 3 2 3 6 3 2 3 6 3 2 3 6 3 2 3 6 3 2 3 6 3 2 3 6 3 2 3 6
5 2 1 2 5 2 1 2 5 2 1 2 5 2 1 2 5 2 1 2 5 2 1 2 5 2 1 2 5
6 3 2 3 6 3 2 3 6 3 2 3 6 3 2 3 6 3 2 3 6 3 2 3 6 3 2 3 6
1 6 5 6 1 6 5 6 1 6 5 6 1 6 5 6 1 6 5 6 1 6 5 6 1 6 5 6 1
6 3 2 3 6 3 2 3 6 3 2 3 6 3 2 3 6 3 2 3 6 3 2 3 6 3 2 3 6
5 2 1 2 5 2 1 2 5 2 1 2 5 2 1 2 5 2 1 2 5 2 1 2 5 2 1 2 5
6 3 2 3 6 3 2 3 6 3 2 3 6 3 2 3 6 3 2 3 6 3 2 3 6 3 2 3 6
1 6 5 6 1 6 5 6 1 6 5 6 1 6 5 6 1 6 5 6 1 6 5 6 1 6 5 6 1
6 3 2 3 6 3 2 3 6 3 2 3 6 3 2 3 6 3 2 3 6 3 2 3 6 3 2 3 6
5 2 1 2 5 2 1 2 5 2 1 2 5 2 1 2 5 2 1 2 5 2 1 2 5 2 1 2 5
6 3 2 3 6 3 2 3 6 3 2 3 6 3 2 3 6 3 2 3 6 3 2 3 6 3 2 3 6
1 6 5 6 1 6 5 6 1 6 5 6 1 6 5 6 1 6 5 6 1 6 5 6 1 6 5 6 1
6 3 2 3 6 3 2 3 6 3 2 3 6 3 2 3 6 3 2 3 6 3 2 3 6 3 2 3 6
5 2 1 2 5 2 1 2 5 2 1 2 5 2 1 2 5 2 1 2 5 2 1 2 5 2 1 2 5
6 3 2 3 6 3 2 3 6 3 2 3 6 3 2 3 6 3 2 3 6 3 2 3 6 3 2 3 6
1 6 5 6 1 6 5 6 1 6 5 6 1 6 5 6 1 6 5 6 1 6 5 6 1 6 5 6 1
6 3 2 3 6 3 2 3 6 3 2 3 6 3 2 3 6 3 2 3 6 3 2 3 6 3 2 3 6
5 2 1 2 5 2 1 2 5 2 1 2 5 2 1 2 5 2 1 2 5 2 1 2 5 2 1 2 5
6 3 2 3 6 3 2 3 6 3 2 3 6 3 2 3 6 3 2 3 6 3 2 3 6 3 2 3 6
1 6 5 6 1 6 5 6 1 6 5 6 1 6 5 6 1 6 5 6 1 6 5 6 1 6 5 6 1
6 3 2 3 6 3 2 3 6 3 2 3 6 3 2 3 6 3 2 3 6 3 2 3 6 3 2 3 6
5 2 1 2 5 2 1 2 5 2 1 2 5 2 1 2 5 2 1 2 5 2 1 2 5 2 1 2 5
6 3 2 3 6 3 2 3 6 3 2 3 6 3 2 3 6 3 2 3 6 3 2 3 6 3 2 3 6
1 6 5 6 1 6 5 6 1 6 5 6 1 6 5 6 1 6 5 6 1 6 5 6 1 6 5 6 1
6 3 2 3 6 3 2 3 6 3 2 3 6 3 2 3 6 3 2 3 6 3 2 3 6 3 2 3 6
5 2 1 2 5 2 1 2 5 2 1 2 5 2 1 2 5 2 1 2 5 2 1 2 5 2 1 2 5
6 3 2 3 6 3 2 3 6 3 2 3 6 3 2 3 6 3 2 3 6 3 2 3 6 3 2 3 6
1 6 5 6 1 6 5 6 1 6 5 6 1 6 5 6 1 6 5 6 1 6 5 6 1 6 5 6 1

Example 5:

Input:
3 2 3 2 3 2 3 2 3 2 0 0 0 0 0 2 3 2 3 2 3 2 3 2 3 2 3 2 3
2 1 2 1 2 1 2 1 2 1 0 0 0 0 0 1 2 1 2 1 2 1 2 1 2 1 2 1 2
3 2 3 2 3 2 3 2 3 2 3 2 3 2 3 2 3 2 3 2 3 2 3 2 3 2 3 2 3
2 1 2 1 2 1 2 1 2 1 2 1 2 1 2 1 2 1 2 1 2 1 2 1 2 1 2 1 2
3 2 3 2 3 2 3 2 3 2 3 2 3 2 3 2 3 2 3 2 3 2 3 2 3 2 3 2 3
2 1 2 1 2 1 2 1 2 1 2 1 2 1 2 1 2 1 2 1 2 1 2 1 2 1 2 1 2
3 2 3 2 3 2 3 2 3 2 3 2 3 2 3 2 3 2 3 2 3 2 3 2 3 2 3 2 3
2 1 2 1 2 1 2 1 2 1 2 1 2 1 2 1 2 1 2 1 2 1 2 1 2 1 2 1 2
3 2 3 2 3 2 3 2 3 2 3 2 3 2 3 2 3 2 3 2 3 2 3 2 3 2 3 2 3
2 1 2 1 2 1 2 1 2 1 2 1 2 1 2 1 2 1 2 1 2 1 2 1 2 1 2 1 2
3 2 3 2 3 2 3 2 3 2 3 2 3 2 3 2 3 2 3 2 3 2 3 2 3 2 3 2 3
2 1 2 1 2 1 2 1 2 1 2 1 2 1 2 1 2 1 2 1 2 1 2 1 2 1 2 1 2
3 2 3 2 3 2 3 2 3 2 3 2 3 2 3 2 3 2 3 2 3 2 3 2 3 2 3 2 3
2 1 2 1 2 1 2 1 2 1 2 1 2 1 2 1 2 1 2 1 2 1 2 1 2 1 2 1 2
3 2 3 2 3 2 3 2 3 2 3 2 3 2 3 2 3 2 3 2 3 0 0 0 3 2 3 2 3
2 1 2 1 2 1 2 1 0 0 0 1 2 1 2 1 2 1 2 1 2 0 0 0 2 1 2 1 2
3 2 3 2 3 2 3 2 0 0 0 2 3 2 3 2 3 2 3 2 3 2 3 2 3 2 3 2 3
2 1 2 1 2 1 2 1 2 1 2 1 2 1 2 1 2 1 2 1 2 1 2 1 2 1 2 1 2
3 2 3 2 3 2 3 2 3 2 3 2 3 2 3 2 3 2 3 2 3 2 3 2 3 2 3 2 3
2 1 2 1 2 1 2 1 2 1 2 1 2 1 2 1 2 1 2 1 2 1 2 1 2 1 2 1 2
3 2 3 2 3 2 3 2 3 2 3 2 3 2 3 2 3 2 3 2 3 2 3 2 3 2 3 2 3
2 1 2 1 2 1 2 1 2 1 2 1 0 0 0 0 0 1 2 1 2 1 2 1 2 1 2 1 2
3 2 3 2 3 2 3 2 3 2 3 2 0 0 0 0 0 2 3 2 3 2 3 2 3 2 3 2 3
2 1 2 1 2 1 2 1 2 1 2 1 0 0 0 0 0 1 2 1 2 1 2 1 2 1 2 1 2
3 2 3 2 3 2 3 2 3 2 3 2 0 0 0 0 0 2 3 2 3 2 3 2 3 2 3 2 3
2 1 2 1 2 1 2 1 2 1 2 1 2 1 2 1 2 1 2 1 2 1 2 1 2 1 2 1 2
3 2 3 2 3 2 0 0 0 0 0 2 3 2 3 2 3 2 3 2 3 2 3 2 3 2 3 2 3
2 1 2 1 2 1 0 0 0 0 0 1 2 1 2 1 2 1 2 1 2 1 2 1 2 1 2 1 2
3 2 3 2 3 2 3 2 3 2 3 2 3 2 3 2 3 2 3 2 3 2 3 2 3 2 3 2 3
Output:
3 2 3 2 3 2 3 2 3 2 3 2 3 2 3 2 3 2 3 2 3 2 3 2 3 2 3 2 3
2 1 2 1 2 1 2 1 2 1 2 1 2 1 2 1 2 1 2 1 2 1 2 1 2 1 2 1 2
3 2 3 2 3 2 3 2 3 2 3 2 3 2 3 2 3 2 3 2 3 2 3 2 3 2 3 2 3
2 1 2 1 2 1 2 1 2 1 2 1 2 1 2 1 2 1 2 1 2 1 2 1 2 1 2 1 2
3 2 3 2 3 2 3 2 3 2 3 2 3 2 3 2 3 2 3 2 3 2 3 2 3 2 3 2 3
2 1 2 1 2 1 2 1 2 1 2 1 2 1 2 1 2 1 2 1 2 1 2 1 2 1 2 1 2
3 2 3 2 3 2 3 2 3 2 3 2 3 2 3 2 3 2 3 2 3 2 3 2 3 2 3 2 3
2 1 2 1 2 1 2 1 2 1 2 1 2 1 2 1 2 1 2 1 2 1 2 1 2 1 2 1 2
3 2 3 2 3 2 3 2 3 2 3 2 3 2 3 2 3 2 3 2 3 2 3 2 3 2 3 2 3
2 1 2 1 2 1 2 1 2 1 2 1 2 1 2 1 2 1 2 1 2 1 2 1 2 1 2 1 2
3 2 3 2 3 2 3 2 3 2 3 2 3 2 3 2 3 2 3 2 3 2 3 2 3 2 3 2 3
2 1 2 1 2 1 2 1 2 1 2 1 2 1 2 1 2 1 2 1 2 1 2 1 2 1 2 1 2
3 2 3 2 3 2 3 2 3 2 3 2 3 2 3 2 3 2 3 2 3 2 3 2 3 2 3 2 3
2 1 2 1 2 1 2 1 2 1 2 1 2 1 2 1 2 1 2 1 2 1 2 1 2 1 2 1 2
3 2 3 2 3 2 3 2 3 2 3 2 3 2 3 2 3 2 3 2 3 2 3 2 3 2 3 2 3
2 1 2 1 2 1 2 1 2 1 2 1 2 1 2 1 2 1 2 1 2 1 2 1 2 1 2 1 2
3 2 3 2 3 2 3 2 3 2 3 2 3 2 3 2 3 2 3 2 3 2 3 2 3 2 3 2 3
2 1 2 1 2 1 2 1 2 1 2 1 2 1 2 1 2 1 2 1 2 1 2 1 2 1 2 1 2
3 2 3 2 3 2 3 2 3 2 3 2 3 2 3 2 3 2 3 2 3 2 3 2 3 2 3 2 3
2 1 2 1 2 1 2 1 2 1 2 1 2 1 2 1 2 1 2 1 2 1 2 1 2 1 2 1 2
3 2 3 2 3 2 3 2 3 2 3 2 3 2 3 2 3 2 3 2 3 2 3 2 3 2 3 2 3
2 1 2 1 2 1 2 1 2 1 2 1 2 1 2 1 2 1 2 1 2 1 2 1 2 1 2 1 2
3 2 3 2 3 2 3 2 3 2 3 2 3 2 3 2 3 2 3 2 3 2 3 2 3 2 3 2 3
2 1 2 1 2 1 2 1 2 1 2 1 2 1 2 1 2 1 2 1 2 1 2 1 2 1 2 1 2
3 2 3 2 3 2 3 2 3 2 3 2 3 2 3 2 3 2 3 2 3 2 3 2 3 2 3 2 3
2 1 2 1 2 1 2 1 2 1 2 1 2 1 2 1 2 1 2 1 2 1 2 1 2 1 2 1 2
3 2 3 2 3 2 3 2 3 2 3 2 3 2 3 2 3 2 3 2 3 2 3 2 3 2 3 2 3
2 1 2 1 2 1 2 1 2 1 2 1 2 1 2 1 2 1 2 1 2 1 2 1 2 1 2 1 2
3 2 3 2 3 2 3 2 3 2 3 2 3 2 3 2 3 2 3 2 3 2 3 2 3 2 3 2 3

Example 6:

Input:
3 2 3 2 3 2 3 2 3 2 3 2 3 2 3 2 3 2 3 2 3 2 3 2 3 2 3 2 3
2 1 2 1 2 1 2 1 2 1 2 1 2 1 2 1 2 1 2 1 2 1 2 1 2 1 2 1 2
3 2 0 0 0 0 0 2 3 2 3 2 3 2 3 2 3 2 3 2 3 2 3 2 3 2 3 2 3
2 1 0 0 0 0 0 1 2 1 2 1 2 1 2 1 2 1 2 1 2 1 2 1 2 1 2 1 2
3 2 0 0 0 0 0 2 3 2 3 2 3 2 3 2 3 2 3 2 3 2 3 2 3 2 3 2 3
2 1 2 1 2 1 2 1 2 1 2 1 2 1 2 1 2 1 2 1 2 1 2 1 2 1 2 1 2
3 2 3 2 3 2 3 2 3 2 3 2 3 2 3 2 3 2 3 2 3 2 3 2 3 2 3 2 3
2 1 2 1 2 1 2 1 2 1 2 1 2 1 2 1 2 1 2 1 2 1 2 1 2 1 2 1 2
3 2 3 2 3 2 3 2 3 2 3 2 3 2 3 2 3 2 3 2 3 2 3 2 3 2 3 2 3
2 1 2 1 2 1 2 1 2 1 2 1 2 1 2 1 2 1 2 1 2 1 2 1 2 1 2 1 2
3 2 3 2 3 2 3 2 3 2 3 2 3 2 3 2 3 2 3 2 3 2 3 2 3 2 3 2 3
2 1 2 1 2 1 2 1 2 1 2 1 2 1 2 1 2 1 2 1 2 1 2 1 2 1 2 1 2
3 2 3 2 3 2 3 2 3 2 3 2 3 2 3 2 3 2 3 2 3 2 3 2 3 2 3 2 3
2 1 2 1 2 1 2 1 2 1 2 1 2 1 2 1 2 1 2 1 2 1 2 1 2 1 2 1 2
3 2 3 2 3 2 3 2 3 2 3 2 3 2 3 2 3 2 3 2 3 2 3 2 3 2 3 2 3
2 1 2 1 2 1 2 1 2 1 2 1 2 1 2 1 2 1 2 1 2 1 2 1 2 1 2 1 2
3 2 3 2 3 2 3 2 3 2 3 2 3 2 3 2 3 2 3 2 3 2 3 2 3 2 3 2 3
2 1 2 1 2 1 2 1 2 1 2 1 2 1 2 1 2 1 2 1 2 1 2 1 2 1 2 1 2
3 2 3 2 3 2 3 2 3 2 3 2 3 2 3 2 3 2 3 2 3 2 3 2 3 2 3 2 3
2 1 2 1 2 1 2 1 2 0 0 0 0 1 2 1 2 1 2 1 2 1 2 1 2 1 2 1 2
3 2 3 2 3 2 3 2 0 0 0 0 0 2 3 2 3 2 3 2 3 2 3 2 3 2 3 2 3
2 1 2 1 2 1 2 1 0 0 0 0 0 1 2 1 2 1 2 1 2 1 2 1 0 0 0 0 0
3 2 3 2 3 2 3 2 0 0 0 0 0 2 3 2 3 2 3 2 3 2 3 2 0 0 0 0 0
2 1 2 1 2 1 2 1 0 0 0 0 2 1 2 1 2 1 2 1 2 1 2 1 0 0 0 0 0
3 2 3 2 3 2 3 2 3 2 3 2 3 2 3 2 3 2 3 2 3 2 3 2 0 0 0 0 0
2 1 2 1 2 1 2 1 2 1 2 1 2 1 2 1 2 1 2 1 2 1 2 1 2 1 2 1 2
3 2 3 2 3 2 3 2 3 2 3 2 3 2 3 2 3 2 3 2 3 2 3 2 3 2 3 2 3
2 1 2 1 2 1 2 1 2 1 2 1 2 1 2 1 2 1 2 1 2 1 2 1 2 1 2 1 2
3 2 3 2 3 2 3 2 3 2 3 2 3 2 3 2 3 2 3 2 3 2 3 2 3 2 3 2 3
Output:
3 2 3 2 3 2 3 2 3 2 3 2 3 2 3 2 3 2 3 2 3 2 3 2 3 2 3 2 3
2 1 2 1 2 1 2 1 2 1 2 1 2 1 2 1 2 1 2 1 2 1 2 1 2 1 2 1 2
3 2 3 2 3 2 3 2 3 2 3 2 3 2 3 2 3 2 3 2 3 2 3 2 3 2 3 2 3
2 1 2 1 2 1 2 1 2 1 2 1 2 1 2 1 2 1 2 1 2 1 2 1 2 1 2 1 2
3 2 3 2 3 2 3 2 3 2 3 2 3 2 3 2 3 2 3 2 3 2 3 2 3 2 3 2 3
2 1 2 1 2 1 2 1 2 1 2 1 2 1 2 1 2 1 2 1 2 1 2 1 2 1 2 1 2
3 2 3 2 3 2 3 2 3 2 3 2 3 2 3 2 3 2 3 2 3 2 3 2 3 2 3 2 3
2 1 2 1 2 1 2 1 2 1 2 1 2 1 2 1 2 1 2 1 2 1 2 1 2 1 2 1 2
3 2 3 2 3 2 3 2 3 2 3 2 3 2 3 2 3 2 3 2 3 2 3 2 3 2 3 2 3
2 1 2 1 2 1 2 1 2 1 2 1 2 1 2 1 2 1 2 1 2 1 2 1 2 1 2 1 2
3 2 3 2 3 2 3 2 3 2 3 2 3 2 3 2 3 2 3 2 3 2 3 2 3 2 3 2 3
2 1 2 1 2 1 2 1 2 1 2 1 2 1 2 1 2 1 2 1 2 1 2 1 2 1 2 1 2
3 2 3 2 3 2 3 2 3 2 3 2 3 2 3 2 3 2 3 2 3 2 3 2 3 2 3 2 3
2 1 2 1 2 1 2 1 2 1 2 1 2 1 2 1 2 1 2 1 2 1 2 1 2 1 2 1 2
3 2 3 2 3 2 3 2 3 2 3 2 3 2 3 2 3 2 3 2 3 2 3 2 3 2 3 2 3
2 1 2 1 2 1 2 1 2 1 2 1 2 1 2 1 2 1 2 1 2 1 2 1 2 1 2 1 2
3 2 3 2 3 2 3 2 3 2 3 2 3 2 3 2 3 2 3 2 3 2 3 2 3 2 3 2 3
2 1 2 1 2 1 2 1 2 1 2 1 2 1 2 1 2 1 2 1 2 1 2 1 2 1 2 1 2
3 2 3 2 3 2 3 2 3 2 3 2 3 2 3 2 3 2 3 2 3 2 3 2 3 2 3 2 3
2 1 2 1 2 1 2 1 2 1 2 1 2 1 2 1 2 1 2 1 2 1 2 1 2 1 2 1 2
3 2 3 2 3 2 3 2 3 2 3 2 3 2 3 2 3 2 3 2 3 2 3 2 3 2 3 2 3
2 1 2 1 2 1 2 1 2 1 2 1 2 1 2 1 2 1 2 1 2 1 2 1 2 1 2 1 2
3 2 3 2 3 2 3 2 3 2 3 2 3 2 3 2 3 2 3 2 3 2 3 2 3 2 3 2 3
2 1 2 1 2 1 2 1 2 1 2 1 2 1 2 1 2 1 2 1 2 1 2 1 2 1 2 1 2
3 2 3 2 3 2 3 2 3 2 3 2 3 2 3 2 3 2 3 2 3 2 3 2 3 2 3 2 3
2 1 2 1 2 1 2 1 2 1 2 1 2 1 2 1 2 1 2 1 2 1 2 1 2 1 2 1 2
3 2 3 2 3 2 3 2 3 2 3 2 3 2 3 2 3 2 3 2 3 2 3 2 3 2 3 2 3
2 1 2 1 2 1 2 1 2 1 2 1 2 1 2 1 2 1 2 1 2 1 2 1 2 1 2 1 2
3 2 3 2 3 2 3 2 3 2 3 2 3 2 3 2 3 2 3 2 3 2 3 2 3 2 3 2 3

Example 7:

Input:
3 2 3 6 0 0 0 6 3 0 0 6 3 2 3 6 3 2 3 6 3 2 3 6 3 2 3 6 3
2 1 2 5 0 0 0 5 2 0 0 5 2 1 2 5 2 1 2 5 2 1 2 5 2 1 2 5 2
3 2 3 6 3 2 3 6 3 2 3 6 3 2 3 6 3 2 3 6 3 2 3 6 3 2 3 6 3
6 5 6 3 6 5 6 3 6 5 6 3 6 5 6 3 6 5 6 3 6 5 6 3 6 5 6 3 6
3 2 3 6 3 2 3 6 3 2 3 6 3 2 3 6 3 2 3 6 3 2 3 6 3 2 3 6 3
2 1 2 5 2 1 2 5 2 1 2 5 2 1 2 5 2 1 2 5 2 1 2 5 2 1 2 5 2
3 2 3 6 3 2 3 6 3 2 3 6 3 2 3 6 3 2 0 0 0 0 3 6 3 2 3 6 3
6 5 6 3 6 5 6 3 6 5 6 3 6 5 6 3 6 5 0 0 0 0 6 3 6 5 6 3 6
3 2 3 6 3 2 3 6 3 2 3 6 3 2 3 6 3 2 0 0 0 0 3 6 3 2 3 6 3
2 1 2 5 2 1 2 5 2 1 2 5 2 1 2 5 2 1 0 0 0 0 2 5 2 1 2 5 2
3 2 3 6 3 2 3 6 3 2 3 6 3 2 3 6 3 2 3 6 3 2 3 6 3 2 3 6 3
6 5 6 3 6 5 6 3 6 5 6 3 6 5 6 3 6 5 6 3 6 5 6 3 6 5 6 3 6
3 2 3 6 3 2 3 6 3 2 3 6 3 2 3 6 3 2 3 6 3 2 3 6 3 2 3 6 3
2 1 2 5 2 1 2 5 2 1 2 5 2 1 2 5 2 1 2 5 2 1 2 5 2 1 2 5 2
3 2 3 6 3 2 3 6 3 2 3 6 3 2 3 6 3 2 3 6 3 2 3 6 3 2 3 6 3
6 5 6 3 6 5 6 3 6 5 6 3 6 5 6 3 6 5 6 3 6 5 6 3 6 5 6 3 6
3 2 3 6 3 2 3 6 3 2 3 6 3 2 3 6 3 2 3 6 3 2 3 6 3 2 3 6 3
2 1 2 5 2 1 2 5 2 1 2 5 2 1 2 5 2 1 2 5 2 1 2 5 2 1 2 5 2
3 2 3 6 3 2 3 6 3 2 3 6 3 2 3 6 3 2 3 6 3 2 3 6 3 2 3 6 3
6 5 6 3 6 5 6 3 6 5 6 3 6 5 6 0 0 0 0 3 6 5 6 3 6 5 6 3 6
3 2 3 6 3 2 3 6 3 2 3 6 3 2 3 0 0 0 0 6 3 2 3 6 3 2 3 6 3
2 1 2 5 2 1 2 5 2 1 2 5 2 1 2 0 0 0 0 5 2 1 2 5 2 1 2 5 2
3 2 3 6 3 2 3 6 3 2 3 6 3 2 3 0 0 0 0 6 3 2 3 6 3 2 3 6 3
6 5 6 3 6 5 6 3 6 5 6 3 6 5 6 3 6 5 6 3 6 5 6 3 6 5 6 3 6
3 2 3 6 3 2 3 6 3 2 3 6 3 2 3 6 3 2 3 6 3 2 3 6 3 2 3 6 3
2 1 2 5 2 1 2 5 2 1 2 5 2 1 2 5 2 1 2 5 2 1 2 5 2 1 2 5 2
3 2 3 6 3 2 3 6 3 0 0 0 0 2 3 6 3 2 3 6 3 2 3 6 3 2 3 6 3
6 5 6 3 6 5 6 3 6 0 0 0 0 5 6 3 6 5 6 3 6 5 6 3 6 5 6 3 6
3 2 3 6 3 2 3 6 3 0 0 0 0 2 3 6 3 2 3 6 3 2 3 6 3 2 3 6 3
Output:
3 2 3 6 3 2 3 6 3 2 3 6 3 2 3 6 3 2 3 6 3 2 3 6 3 2 3 6 3
2 1 2 5 2 1 2 5 2 1 2 5 2 1 2 5 2 1 2 5 2 1 2 5 2 1 2 5 2
3 2 3 6 3 2 3 6 3 2 3 6 3 2 3 6 3 2 3 6 3 2 3 6 3 2 3 6 3
6 5 6 3 6 5 6 3 6 5 6 3 6 5 6 3 6 5 6 3 6 5 6 3 6 5 6 3 6
3 2 3 6 3 2 3 6 3 2 3 6 3 2 3 6 3 2 3 6 3 2 3 6 3 2 3 6 3
2 1 2 5 2 1 2 5 2 1 2 5 2 1 2 5 2 1 2 5 2 1 2 5 2 1 2 5 2
3 2 3 6 3 2 3 6 3 2 3 6 3 2 3 6 3 2 3 6 3 2 3 6 3 2 3 6 3
6 5 6 3 6 5 6 3 6 5 6 3 6 5 6 3 6 5 6 3 6 5 6 3 6 5 6 3 6
3 2 3 6 3 2 3 6 3 2 3 6 3 2 3 6 3 2 3 6 3 2 3 6 3 2 3 6 3
2 1 2 5 2 1 2 5 2 1 2 5 2 1 2 5 2 1 2 5 2 1 2 5 2 1 2 5 2
3 2 3 6 3 2 3 6 3 2 3 6 3 2 3 6 3 2 3 6 3 2 3 6 3 2 3 6 3
6 5 6 3 6 5 6 3 6 5 6 3 6 5 6 3 6 5 6 3 6 5 6 3 6 5 6 3 6
3 2 3 6 3 2 3 6 3 2 3 6 3 2 3 6 3 2 3 6 3 2 3 6 3 2 3 6 3
2 1 2 5 2 1 2 5 2 1 2 5 2 1 2 5 2 1 2 5 2 1 2 5 2 1 2 5 2
3 2 3 6 3 2 3 6 3 2 3 6 3 2 3 6 3 2 3 6 3 2 3 6 3 2 3 6 3
6 5 6 3 6 5 6 3 6 5 6 3 6 5 6 3 6 5 6 3 6 5 6 3 6 5 6 3 6
3 2 3 6 3 2 3 6 3 2 3 6 3 2 3 6 3 2 3 6 3 2 3 6 3 2 3 6 3
2 1 2 5 2 1 2 5 2 1 2 5 2 1 2 5 2 1 2 5 2 1 2 5 2 1 2 5 2
3 2 3 6 3 2 3 6 3 2 3 6 3 2 3 6 3 2 3 6 3 2 3 6 3 2 3 6 3
6 5 6 3 6 5 6 3 6 5 6 3 6 5 6 3 6 5 6 3 6 5 6 3 6 5 6 3 6
3 2 3 6 3 2 3 6 3 2 3 6 3 2 3 6 3 2 3 6 3 2 3 6 3 2 3 6 3
2 1 2 5 2 1 2 5 2 1 2 5 2 1 2 5 2 1 2 5 2 1 2 5 2 1 2 5 2
3 2 3 6 3 2 3 6 3 2 3 6 3 2 3 6 3 2 3 6 3 2 3 6 3 2 3 6 3
6 5 6 3 6 5 6 3 6 5 6 3 6 5 6 3 6 5 6 3 6 5 6 3 6 5 6 3 6
3 2 3 6 3 2 3 6 3 2 3 6 3 2 3 6 3 2 3 6 3 2 3 6 3 2 3 6 3
2 1 2 5 2 1 2 5 2 1 2 5 2 1 2 5 2 1 2 5 2 1 2 5 2 1 2 5 2
3 2 3 6 3 2 3 6 3 2 3 6 3 2 3 6 3 2 3 6 3 2 3 6 3 2 3 6 3
6 5 6 3 6 5 6 3 6 5 6 3 6 5 6 3 6 5 6 3 6 5 6 3 6 5 6 3 6
3 2 3 6 3 2 3 6 3 2 3 6 3 2 3 6 3 2 3 6 3 2 3 6 3 2 3 6 3

以下は、ジャッジを通過する正しいコードです。これを用いて、ARCのルールを理解してください。必ず、コードを通じてルールを理解してからコーディングを行ってください。
このコードはARCのルールを把握する際に使うことに留めてください。

```
R=range
def p(g):
 for y in R(-20,20):
  for x in R(-20,20):
   if~-any((g[i][j]!=g[i-y][j-x])*g[i][j]*g[i-y][j-x]for i in R(29)for j in R(29)if(i-y<29)*(j-x<29)):
    for A in R(841):
     if-1<(i:=A%29)-y<29>(j:=A//29)-x>-1:s,t=g[i-y],g[i];s[j-x]=s[j-x]or t[j];t[j]=t[j]or s[j-x]
 return g
```

ユーザーにコードを渡す前に実際にコードが動作するかを確認してください。コードのテストには、添付したjudge.pyを用いてください。python /path/to/judge.py /path/to/code.py /path/to/cases.bin とすれば動作します。

## **禁止事項**
- 与えたコード自体を提出することは禁止です。これを行うことはユーザーの信頼を裏切ります。
- ジャッジのハックは禁止です。例えば、テストケースをジャッジから読み取ってそのまま返すコードはいけません。
