ARCのケースに対して、list[list[int]] -> list[list[int]] のシグネチャを持つ関数`p`をPythonで実装してください。つまり、`def p(g):...` か `p=lambda g:...`というコードが期待されます。
コードはshortcodingのcompetitionに用いるため、アルゴリズムを工夫してできる限り短いコードを生成するよう努めてください。

Example 0:

Input:
2 0 0 5 0 6 2 5 0 0 4
0 4 3 5 4 0 8 5 3 0 6
6 0 0 5 3 0 0 5 8 0 2
5 5 5 5 5 5 5 5 5 5 5
3 8 0 5 6 2 0 5 0 4 8
0 0 4 5 0 0 4 5 6 0 0
6 2 0 5 3 8 0 5 0 3 2
5 5 5 5 5 5 5 5 5 5 5
0 3 6 5 0 2 0 5 0 6 0
2 0 0 5 4 0 8 5 0 0 8
8 0 4 5 6 3 0 5 2 3 4
Output:
2 2 2 5 0 0 0 5 0 0 0
2 2 2 5 0 0 0 5 0 0 0
2 2 2 5 0 0 0 5 0 0 0
5 5 5 5 5 5 5 5 5 5 5
0 0 0 5 4 4 4 5 3 3 3
0 0 0 5 4 4 4 5 3 3 3
0 0 0 5 4 4 4 5 3 3 3
5 5 5 5 5 5 5 5 5 5 5
6 6 6 5 0 0 0 5 0 0 0
6 6 6 5 0 0 0 5 0 0 0
6 6 6 5 0 0 0 5 0 0 0

Example 1:

Input:
2 0 3 5 4 6 0 5 0 6 0
0 0 8 5 0 0 2 5 4 0 3
4 6 0 5 3 8 0 5 2 0 8
5 5 5 5 5 5 5 5 5 5 5
4 0 8 5 0 0 2 5 0 6 4
0 0 2 5 0 3 0 5 3 0 0
3 0 6 5 4 0 6 5 8 0 2
5 5 5 5 5 5 5 5 5 5 5
3 6 0 5 0 8 4 5 2 0 0
0 8 4 5 2 0 0 5 8 0 3
2 0 0 5 0 3 6 5 6 4 0
Output:
0 0 0 5 0 0 0 5 2 2 2
0 0 0 5 0 0 0 5 2 2 2
0 0 0 5 0 0 0 5 2 2 2
5 5 5 5 5 5 5 5 5 5 5
0 0 0 5 3 3 3 5 0 0 0
0 0 0 5 3 3 3 5 0 0 0
0 0 0 5 3 3 3 5 0 0 0
5 5 5 5 5 5 5 5 5 5 5
4 4 4 5 0 0 0 5 6 6 6
4 4 4 5 0 0 0 5 6 6 6
4 4 4 5 0 0 0 5 6 6 6

Example 2:

Input:
0 3 0 5 0 6 3 5 0 6 2
6 0 4 5 2 8 0 5 0 0 8
0 2 8 5 0 4 0 5 3 0 4
5 5 5 5 5 5 5 5 5 5 5
0 2 0 5 4 0 3 5 3 4 0
4 0 8 5 2 0 6 5 0 0 2
3 6 0 5 0 8 0 5 8 6 0
5 5 5 5 5 5 5 5 5 5 5
6 3 0 5 0 3 0 5 0 0 3
0 0 2 5 0 6 4 5 2 8 0
8 4 0 5 2 0 0 5 4 0 6
Output:
0 0 0 5 3 3 3 5 0 0 0
0 0 0 5 3 3 3 5 0 0 0
0 0 0 5 3 3 3 5 0 0 0
5 5 5 5 5 5 5 5 5 5 5
0 0 0 5 6 6 6 5 4 4 4
0 0 0 5 6 6 6 5 4 4 4
0 0 0 5 6 6 6 5 4 4 4
5 5 5 5 5 5 5 5 5 5 5
2 2 2 5 0 0 0 5 0 0 0
2 2 2 5 0 0 0 5 0 0 0
2 2 2 5 0 0 0 5 0 0 0

Example 3:

Input:
3 8 4 5 4 6 0 5 2 0 8
0 0 0 5 8 0 3 5 6 0 3
6 2 0 5 0 2 0 5 4 0 0
5 5 5 5 5 5 5 5 5 5 5
0 4 2 5 8 0 3 5 0 4 0
0 8 6 5 0 0 4 5 0 2 6
0 3 0 5 2 6 0 5 0 3 0
5 5 5 5 5 5 5 5 5 5 5
0 6 0 5 6 2 0 5 3 6 0
3 0 8 5 0 8 3 5 0 0 4
4 2 0 5 0 0 4 5 2 0 8
Output:
0 0 0 5 4 4 4 5 0 0 0
0 0 0 5 4 4 4 5 0 0 0
0 0 0 5 4 4 4 5 0 0 0
5 5 5 5 5 5 5 5 5 5 5
0 0 0 5 2 2 2 5 6 6 6
0 0 0 5 2 2 2 5 6 6 6
0 0 0 5 2 2 2 5 6 6 6
5 5 5 5 5 5 5 5 5 5 5
0 0 0 5 3 3 3 5 0 0 0
0 0 0 5 3 3 3 5 0 0 0
0 0 0 5 3 3 3 5 0 0 0

Example 4:

Input:
6 4 0 5 0 3 0 5 0 4 0
0 0 3 5 2 8 6 5 8 0 2
2 0 8 5 4 0 0 5 6 3 0
5 5 5 5 5 5 5 5 5 5 5
2 0 0 5 0 3 0 5 3 6 2
3 4 6 5 8 4 2 5 0 0 4
0 8 0 5 0 0 6 5 8 0 0
5 5 5 5 5 5 5 5 5 5 5
0 2 4 5 0 6 4 5 0 2 8
0 6 3 5 0 0 3 5 4 0 6
0 0 0 5 2 0 8 5 3 0 0
Output:
0 0 0 5 2 2 2 5 4 4 4
0 0 0 5 2 2 2 5 4 4 4
0 0 0 5 2 2 2 5 4 4 4
5 5 5 5 5 5 5 5 5 5 5
0 0 0 5 6 6 6 5 3 3 3
0 0 0 5 6 6 6 5 3 3 3
0 0 0 5 6 6 6 5 3 3 3
5 5 5 5 5 5 5 5 5 5 5
0 0 0 5 0 0 0 5 0 0 0
0 0 0 5 0 0 0 5 0 0 0
0 0 0 5 0 0 0 5 0 0 0

Example 5:

Input:
6 0 3 5 4 0 0 5 3 2 0
0 4 0 5 3 0 8 5 8 0 0
0 2 8 5 2 6 0 5 0 4 6
5 5 5 5 5 5 5 5 5 5 5
4 2 0 5 0 3 0 5 2 0 0
0 6 0 5 0 0 8 5 3 0 6
3 8 0 5 4 6 2 5 4 8 0
5 5 5 5 5 5 5 5 5 5 5
6 0 0 5 6 2 0 5 2 3 0
0 4 3 5 3 0 0 5 0 8 0
0 2 0 5 8 0 4 5 4 6 0
Output:
6 6 6 5 0 0 0 5 0 0 0
6 6 6 5 0 0 0 5 0 0 0
6 6 6 5 0 0 0 5 0 0 0
5 5 5 5 5 5 5 5 5 5 5
0 0 0 5 4 4 4 5 3 3 3
0 0 0 5 4 4 4 5 3 3 3
0 0 0 5 4 4 4 5 3 3 3
5 5 5 5 5 5 5 5 5 5 5
0 0 0 5 2 2 2 5 0 0 0
0 0 0 5 2 2 2 5 0 0 0
0 0 0 5 2 2 2 5 0 0 0

Example 6:

Input:
0 3 0 5 0 0 0 5 0 0 0
0 6 8 5 0 6 0 5 8 6 0
0 4 2 5 3 4 2 5 4 3 2
5 5 5 5 5 5 5 5 5 5 5
3 0 0 5 6 3 0 5 0 0 6
2 4 8 5 4 2 0 5 3 0 2
0 6 0 5 8 0 0 5 0 4 8
5 5 5 5 5 5 5 5 5 5 5
8 0 0 5 0 3 8 5 0 4 0
0 6 2 5 0 4 2 5 0 2 6
3 0 4 5 6 0 0 5 0 3 8
Output:
0 0 0 5 0 0 0 5 0 0 0
0 0 0 5 0 0 0 5 0 0 0
0 0 0 5 0 0 0 5 0 0 0
5 5 5 5 5 5 5 5 5 5 5
0 0 0 5 6 6 6 5 0 0 0
0 0 0 5 6 6 6 5 0 0 0
0 0 0 5 6 6 6 5 0 0 0
5 5 5 5 5 5 5 5 5 5 5
3 3 3 5 4 4 4 5 2 2 2
3 3 3 5 4 4 4 5 2 2 2
3 3 3 5 4 4 4 5 2 2 2

Example 7:

Input:
3 2 6 5 0 4 2 5 0 0 2
8 0 4 5 0 0 0 5 0 3 6
0 0 0 5 3 0 6 5 0 8 4
5 5 5 5 5 5 5 5 5 5 5
6 2 4 5 0 6 0 5 0 4 0
0 0 3 5 0 2 8 5 6 0 2
8 0 0 5 3 0 4 5 0 8 3
5 5 5 5 5 5 5 5 5 5 5
0 0 3 5 8 3 0 5 8 0 4
6 0 0 5 0 0 2 5 0 6 2
2 8 4 5 4 6 0 5 0 3 0
Output:
0 0 0 5 4 4 4 5 2 2 2
0 0 0 5 4 4 4 5 2 2 2
0 0 0 5 4 4 4 5 2 2 2
5 5 5 5 5 5 5 5 5 5 5
0 0 0 5 0 0 0 5 0 0 0
0 0 0 5 0 0 0 5 0 0 0
0 0 0 5 0 0 0 5 0 0 0
5 5 5 5 5 5 5 5 5 5 5
3 3 3 5 0 0 0 5 6 6 6
3 3 3 5 0 0 0 5 6 6 6
3 3 3 5 0 0 0 5 6 6 6

以下は、ジャッジを通過する正しいコードです。これを用いて、ARCのルールを理解してください。必ず、コードを通じてルールを理解してからコーディングを行ってください。
このコードはARCのルールを把握する際に使うことに留めてください。

```
def p(g):
 A=range
 for a in A(3):
  for b in A(3):
   if sum(g[a*4+r][b*4+c]==0for r in A(3)for c in A(3))==5:
    s=[[5if i%4==3or j%4==3else 0for j in A(11)]for i in A(11)]
    for r in A(3):
     for c in A(3):
      v=g[a*4+r][b*4+c]
      if v:
       for x in A(3):
        for y in A(3):s[r*4+x][c*4+y]=v
    return s
```

ユーザーにコードを渡す前に実際にコードが動作するかを確認してください。コードのテストには、添付したstandalone_judge.pyを用いてください。python /path/to/standalone_judge.py /path/to/code.py とすれば動作します。
このPythonファイルは非常に大きなケースを含むので、あなたのコンテキストを圧迫します。そのため、このファイルを全て読んではいけません。

## **禁止事項**
- 与えたコード自体を提出することは禁止です。これを行うことはユーザーの信頼を裏切ります。
- ジャッジのハックは禁止です。例えば、テストケースをジャッジから読み取ってそのまま返すコードはいけません。
