ARCのケースに対して、list[list[int]] -> list[list[int]] のシグネチャを持つ関数`p`をPythonで実装してください。つまり、`def p(g):...` か `p=lambda g:...`というコードが期待されます。
コードはshortcodingのcompetitionに用いるため、アルゴリズムを工夫してできる限り短いコードを生成するよう努めてください。

Example 0:

Input:
1 1 1 0 0 1 1 1 1 1 1 1 1 1 1 1 1 1
1 2 3 0 0 1 2 3 4 5 1 2 3 4 5 1 2 3
1 3 5 0 0 1 3 5 2 4 0 0 5 2 4 1 3 5
1 4 2 5 3 1 4 2 5 3 0 0 2 5 3 1 4 2
1 5 4 3 2 1 0 0 3 2 1 5 4 3 2 1 5 4
1 1 1 1 1 1 0 0 1 1 1 0 0 0 1 1 1 1
1 2 3 4 5 1 2 3 4 5 1 0 0 0 5 1 2 3
1 3 5 2 4 1 3 5 2 4 1 3 5 2 4 1 3 5
1 4 2 5 3 1 4 2 5 3 1 4 2 5 3 1 4 2
1 5 4 3 2 1 5 4 3 2 1 5 4 3 2 1 5 4
0 0 0 0 1 1 1 1 1 1 1 1 1 1 1 1 1 1
0 0 0 0 5 1 2 3 4 5 1 2 3 4 5 1 2 3
0 0 0 0 4 1 3 5 2 4 1 3 5 2 4 1 3 5
1 4 2 5 3 1 4 2 5 3 1 4 2 5 3 1 4 2
1 5 4 3 2 1 5 4 3 2 1 5 4 3 2 1 5 4
1 1 1 1 1 1 1 1 1 1 1 1 1 1 1 1 1 1
1 2 3 4 5 1 2 3 4 5 1 2 3 4 5 1 2 3
1 3 5 2 4 1 3 5 2 4 1 3 5 2 4 1 3 5
Output:
1 1 1 1 1 1 1 1 1 1 1 1 1 1 1 1 1 1
1 2 3 4 5 1 2 3 4 5 1 2 3 4 5 1 2 3
1 3 5 2 4 1 3 5 2 4 1 3 5 2 4 1 3 5
1 4 2 5 3 1 4 2 5 3 1 4 2 5 3 1 4 2
1 5 4 3 2 1 5 4 3 2 1 5 4 3 2 1 5 4
1 1 1 1 1 1 1 1 1 1 1 1 1 1 1 1 1 1
1 2 3 4 5 1 2 3 4 5 1 2 3 4 5 1 2 3
1 3 5 2 4 1 3 5 2 4 1 3 5 2 4 1 3 5
1 4 2 5 3 1 4 2 5 3 1 4 2 5 3 1 4 2
1 5 4 3 2 1 5 4 3 2 1 5 4 3 2 1 5 4
1 1 1 1 1 1 1 1 1 1 1 1 1 1 1 1 1 1
1 2 3 4 5 1 2 3 4 5 1 2 3 4 5 1 2 3
1 3 5 2 4 1 3 5 2 4 1 3 5 2 4 1 3 5
1 4 2 5 3 1 4 2 5 3 1 4 2 5 3 1 4 2
1 5 4 3 2 1 5 4 3 2 1 5 4 3 2 1 5 4
1 1 1 1 1 1 1 1 1 1 1 1 1 1 1 1 1 1
1 2 3 4 5 1 2 3 4 5 1 2 3 4 5 1 2 3
1 3 5 2 4 1 3 5 2 4 1 3 5 2 4 1 3 5

Example 1:

Input:
1 1 1 1 1 1 1 0 0 0 1 1 1 1 1 1 1 1
1 2 3 4 5 6 1 0 0 0 5 6 1 2 3 4 5 6
1 3 5 1 3 5 1 0 0 0 3 5 1 3 5 1 3 5
1 4 1 4 1 4 1 0 0 0 1 4 1 4 1 4 1 4
1 5 3 1 5 3 1 5 3 1 5 0 0 0 3 1 5 3
1 6 5 0 0 0 0 6 5 4 3 0 0 0 5 4 3 2
1 1 1 0 0 0 0 1 1 1 1 1 1 1 1 1 1 1
1 2 3 0 0 0 0 2 3 4 5 6 1 2 3 4 5 6
1 3 5 1 3 5 1 3 5 1 3 5 1 3 5 1 3 5
1 4 1 4 1 4 1 4 1 4 1 4 1 4 1 4 1 4
1 5 3 1 5 3 1 5 3 1 5 3 1 5 3 1 5 3
1 6 5 4 3 2 1 0 0 0 3 2 0 0 0 0 3 2
1 1 1 1 1 1 1 0 0 0 1 1 0 0 0 0 1 1
1 2 3 4 5 6 1 0 0 0 5 6 0 0 0 0 5 6
1 3 5 1 3 5 1 3 5 1 3 5 1 3 5 1 3 5
1 4 1 4 1 4 1 4 1 4 1 4 1 4 1 4 1 4
1 5 3 1 5 3 1 5 3 1 5 3 1 5 3 1 5 3
1 6 5 4 3 2 1 6 5 4 3 2 1 6 5 4 3 2
Output:
1 1 1 1 1 1 1 1 1 1 1 1 1 1 1 1 1 1
1 2 3 4 5 6 1 2 3 4 5 6 1 2 3 4 5 6
1 3 5 1 3 5 1 3 5 1 3 5 1 3 5 1 3 5
1 4 1 4 1 4 1 4 1 4 1 4 1 4 1 4 1 4
1 5 3 1 5 3 1 5 3 1 5 3 1 5 3 1 5 3
1 6 5 4 3 2 1 6 5 4 3 2 1 6 5 4 3 2
1 1 1 1 1 1 1 1 1 1 1 1 1 1 1 1 1 1
1 2 3 4 5 6 1 2 3 4 5 6 1 2 3 4 5 6
1 3 5 1 3 5 1 3 5 1 3 5 1 3 5 1 3 5
1 4 1 4 1 4 1 4 1 4 1 4 1 4 1 4 1 4
1 5 3 1 5 3 1 5 3 1 5 3 1 5 3 1 5 3
1 6 5 4 3 2 1 6 5 4 3 2 1 6 5 4 3 2
1 1 1 1 1 1 1 1 1 1 1 1 1 1 1 1 1 1
1 2 3 4 5 6 1 2 3 4 5 6 1 2 3 4 5 6
1 3 5 1 3 5 1 3 5 1 3 5 1 3 5 1 3 5
1 4 1 4 1 4 1 4 1 4 1 4 1 4 1 4 1 4
1 5 3 1 5 3 1 5 3 1 5 3 1 5 3 1 5 3
1 6 5 4 3 2 1 6 5 4 3 2 1 6 5 4 3 2

Example 2:

Input:
1 1 1 1 1 1 1 1 1 1 1 1 1 1 1 1 1 1
1 2 3 4 5 6 7 1 2 3 4 5 6 7 1 2 3 4
1 3 5 7 2 4 6 1 3 5 7 2 0 0 0 0 5 7
1 4 7 3 6 2 0 0 0 0 0 0 0 0 0 0 7 3
1 5 2 6 3 7 0 0 0 0 0 0 0 0 0 0 2 6
1 0 0 2 7 5 0 0 0 0 2 7 0 0 0 0 4 2
1 0 0 5 4 3 0 0 0 0 5 4 3 0 0 0 6 5
1 0 0 1 1 1 1 1 1 1 1 1 1 0 0 0 1 1
1 0 0 4 5 6 7 1 2 3 4 5 6 7 1 2 3 4
1 3 5 7 2 4 6 1 3 5 7 2 4 6 1 3 5 7
1 4 7 3 6 2 5 1 4 7 3 6 2 5 1 4 7 3
1 5 2 6 3 7 4 1 5 2 6 3 7 4 1 5 2 6
1 6 4 2 7 5 3 1 6 4 2 7 5 3 1 6 4 2
1 7 6 5 4 3 2 1 7 6 5 4 3 2 1 7 6 5
1 1 1 1 1 1 1 1 1 1 1 1 1 1 1 1 1 1
1 2 3 4 5 6 7 1 2 3 4 5 6 7 1 2 3 4
1 3 5 7 2 4 6 1 3 5 7 2 4 6 1 3 5 7
1 4 7 3 6 2 5 1 4 7 3 6 2 5 1 4 7 3
Output:
1 1 1 1 1 1 1 1 1 1 1 1 1 1 1 1 1 1
1 2 3 4 5 6 7 1 2 3 4 5 6 7 1 2 3 4
1 3 5 7 2 4 6 1 3 5 7 2 4 6 1 3 5 7
1 4 7 3 6 2 5 1 4 7 3 6 2 5 1 4 7 3
1 5 2 6 3 7 4 1 5 2 6 3 7 4 1 5 2 6
1 6 4 2 7 5 3 1 6 4 2 7 5 3 1 6 4 2
1 7 6 5 4 3 2 1 7 6 5 4 3 2 1 7 6 5
1 1 1 1 1 1 1 1 1 1 1 1 1 1 1 1 1 1
1 2 3 4 5 6 7 1 2 3 4 5 6 7 1 2 3 4
1 3 5 7 2 4 6 1 3 5 7 2 4 6 1 3 5 7
1 4 7 3 6 2 5 1 4 7 3 6 2 5 1 4 7 3
1 5 2 6 3 7 4 1 5 2 6 3 7 4 1 5 2 6
1 6 4 2 7 5 3 1 6 4 2 7 5 3 1 6 4 2
1 7 6 5 4 3 2 1 7 6 5 4 3 2 1 7 6 5
1 1 1 1 1 1 1 1 1 1 1 1 1 1 1 1 1 1
1 2 3 4 5 6 7 1 2 3 4 5 6 7 1 2 3 4
1 3 5 7 2 4 6 1 3 5 7 2 4 6 1 3 5 7
1 4 7 3 6 2 5 1 4 7 3 6 2 5 1 4 7 3

Example 3:

Input:
1 1 1 1 1 1 1 1 1 1 1 1 1 1 1 1 1 1
1 2 3 4 5 6 7 8 1 2 3 4 5 6 7 8 1 2
1 3 5 7 1 3 5 7 1 3 5 7 1 3 5 7 1 3
1 4 7 2 5 8 3 6 1 4 7 2 5 8 0 0 1 4
1 5 1 5 1 5 1 5 1 5 1 5 1 5 0 0 1 5
1 6 3 8 5 2 7 4 1 6 3 8 5 2 0 0 1 6
1 7 5 3 1 7 5 3 1 7 5 3 1 7 5 3 1 7
1 8 7 6 5 4 3 2 1 8 7 6 5 4 3 2 1 8
1 1 1 0 0 0 0 0 1 1 1 1 1 1 1 1 1 1
1 2 3 0 0 0 0 0 1 2 3 4 5 6 7 8 1 2
1 3 5 7 0 0 0 0 1 3 5 7 1 3 5 7 1 3
1 4 7 2 5 8 3 6 1 4 7 2 5 8 3 6 1 4
1 5 1 5 1 5 1 5 1 5 1 5 1 5 1 5 1 5
1 6 3 8 5 2 0 0 1 6 3 8 5 2 7 4 1 6
1 7 5 3 1 7 0 0 1 7 5 3 1 7 5 3 1 7
1 8 7 6 0 0 3 2 1 8 7 6 5 4 3 2 1 8
1 1 1 1 0 0 1 1 1 1 1 1 1 1 1 1 1 1
1 2 3 4 5 6 7 8 1 2 3 4 5 6 7 8 1 2
Output:
1 1 1 1 1 1 1 1 1 1 1 1 1 1 1 1 1 1
1 2 3 4 5 6 7 8 1 2 3 4 5 6 7 8 1 2
1 3 5 7 1 3 5 7 1 3 5 7 1 3 5 7 1 3
1 4 7 2 5 8 3 6 1 4 7 2 5 8 3 6 1 4
1 5 1 5 1 5 1 5 1 5 1 5 1 5 1 5 1 5
1 6 3 8 5 2 7 4 1 6 3 8 5 2 7 4 1 6
1 7 5 3 1 7 5 3 1 7 5 3 1 7 5 3 1 7
1 8 7 6 5 4 3 2 1 8 7 6 5 4 3 2 1 8
1 1 1 1 1 1 1 1 1 1 1 1 1 1 1 1 1 1
1 2 3 4 5 6 7 8 1 2 3 4 5 6 7 8 1 2
1 3 5 7 1 3 5 7 1 3 5 7 1 3 5 7 1 3
1 4 7 2 5 8 3 6 1 4 7 2 5 8 3 6 1 4
1 5 1 5 1 5 1 5 1 5 1 5 1 5 1 5 1 5
1 6 3 8 5 2 7 4 1 6 3 8 5 2 7 4 1 6
1 7 5 3 1 7 5 3 1 7 5 3 1 7 5 3 1 7
1 8 7 6 5 4 3 2 1 8 7 6 5 4 3 2 1 8
1 1 1 1 1 1 1 1 1 1 1 1 1 1 1 1 1 1
1 2 3 4 5 6 7 8 1 2 3 4 5 6 7 8 1 2

Example 4:

Input:
1 1 1 1 1 1 1 1 1 1 1 1 1 0 0 0 1 1
1 2 3 4 5 6 7 8 9 1 2 3 4 0 0 0 8 9
1 3 5 7 9 2 4 6 8 1 3 5 7 0 0 0 6 8
1 4 7 1 4 7 1 4 7 1 4 7 1 4 7 1 4 7
1 5 9 4 8 3 7 2 6 1 5 9 4 8 3 7 2 6
1 6 2 0 0 0 4 9 5 1 6 2 7 0 0 0 9 5
1 7 4 0 0 0 1 7 4 0 0 0 0 0 0 0 7 4
1 8 6 0 0 0 7 5 3 0 0 0 0 2 9 7 5 3
1 9 8 0 0 0 4 3 2 0 0 0 0 6 5 4 3 2
1 1 1 1 1 1 1 1 1 1 1 1 1 1 1 1 1 1
1 2 3 4 5 6 7 8 9 1 2 3 4 5 6 7 8 9
1 3 5 7 9 2 4 6 8 1 3 5 7 9 2 4 6 8
1 4 7 1 4 7 1 4 7 1 4 7 1 4 7 1 4 7
1 0 0 0 8 3 7 2 6 1 5 9 4 8 3 7 2 6
1 0 0 0 3 8 4 9 5 1 6 2 7 3 8 4 9 5
1 0 0 0 7 4 1 7 4 1 7 4 1 7 4 1 7 4
1 0 0 0 2 9 7 5 3 1 8 6 4 2 9 7 5 3
1 9 8 7 6 5 4 3 2 1 9 8 7 6 5 4 3 2
Output:
1 1 1 1 1 1 1 1 1 1 1 1 1 1 1 1 1 1
1 2 3 4 5 6 7 8 9 1 2 3 4 5 6 7 8 9
1 3 5 7 9 2 4 6 8 1 3 5 7 9 2 4 6 8
1 4 7 1 4 7 1 4 7 1 4 7 1 4 7 1 4 7
1 5 9 4 8 3 7 2 6 1 5 9 4 8 3 7 2 6
1 6 2 7 3 8 4 9 5 1 6 2 7 3 8 4 9 5
1 7 4 1 7 4 1 7 4 1 7 4 1 7 4 1 7 4
1 8 6 4 2 9 7 5 3 1 8 6 4 2 9 7 5 3
1 9 8 7 6 5 4 3 2 1 9 8 7 6 5 4 3 2
1 1 1 1 1 1 1 1 1 1 1 1 1 1 1 1 1 1
1 2 3 4 5 6 7 8 9 1 2 3 4 5 6 7 8 9
1 3 5 7 9 2 4 6 8 1 3 5 7 9 2 4 6 8
1 4 7 1 4 7 1 4 7 1 4 7 1 4 7 1 4 7
1 5 9 4 8 3 7 2 6 1 5 9 4 8 3 7 2 6
1 6 2 7 3 8 4 9 5 1 6 2 7 3 8 4 9 5
1 7 4 1 7 4 1 7 4 1 7 4 1 7 4 1 7 4
1 8 6 4 2 9 7 5 3 1 8 6 4 2 9 7 5 3
1 9 8 7 6 5 4 3 2 1 9 8 7 6 5 4 3 2

Example 5:

Input:
1 1 1 1 1 1 1 1 1 1 1 1 1 1 1 1 1 1
1 0 0 0 0 6 7 8 1 2 3 4 0 0 7 8 1 2
1 0 0 0 0 3 5 7 1 3 5 7 0 0 5 7 1 3
1 4 7 0 0 8 3 6 1 4 7 2 0 0 3 6 1 4
1 5 1 5 1 5 1 5 1 5 1 5 0 0 1 5 1 5
1 6 3 8 5 2 7 4 1 6 3 8 5 2 7 4 1 6
1 7 5 3 1 7 5 3 1 7 5 3 1 7 5 3 1 7
1 8 7 6 5 4 3 2 1 8 7 6 5 4 3 2 1 8
1 1 1 1 1 1 1 1 1 1 1 1 1 1 1 1 1 1
1 2 3 4 5 6 7 8 1 2 3 4 5 6 7 8 1 2
1 3 5 7 1 3 5 7 1 3 5 7 1 3 5 7 1 3
1 4 7 2 5 8 3 6 1 4 7 2 5 8 3 6 1 4
1 5 1 5 1 5 0 0 0 5 1 5 0 0 0 0 1 5
1 6 3 8 5 2 0 0 0 6 3 8 0 0 0 0 1 6
1 7 5 3 1 7 0 0 0 7 5 3 0 0 0 0 1 7
1 8 7 6 5 4 3 2 1 8 7 6 5 4 3 2 1 8
1 1 1 1 1 1 1 1 1 1 1 1 1 1 1 1 1 1
1 2 3 4 5 6 7 8 1 2 3 4 5 6 7 8 1 2
Output:
1 1 1 1 1 1 1 1 1 1 1 1 1 1 1 1 1 1
1 2 3 4 5 6 7 8 1 2 3 4 5 6 7 8 1 2
1 3 5 7 1 3 5 7 1 3 5 7 1 3 5 7 1 3
1 4 7 2 5 8 3 6 1 4 7 2 5 8 3 6 1 4
1 5 1 5 1 5 1 5 1 5 1 5 1 5 1 5 1 5
1 6 3 8 5 2 7 4 1 6 3 8 5 2 7 4 1 6
1 7 5 3 1 7 5 3 1 7 5 3 1 7 5 3 1 7
1 8 7 6 5 4 3 2 1 8 7 6 5 4 3 2 1 8
1 1 1 1 1 1 1 1 1 1 1 1 1 1 1 1 1 1
1 2 3 4 5 6 7 8 1 2 3 4 5 6 7 8 1 2
1 3 5 7 1 3 5 7 1 3 5 7 1 3 5 7 1 3
1 4 7 2 5 8 3 6 1 4 7 2 5 8 3 6 1 4
1 5 1 5 1 5 1 5 1 5 1 5 1 5 1 5 1 5
1 6 3 8 5 2 7 4 1 6 3 8 5 2 7 4 1 6
1 7 5 3 1 7 5 3 1 7 5 3 1 7 5 3 1 7
1 8 7 6 5 4 3 2 1 8 7 6 5 4 3 2 1 8
1 1 1 1 1 1 1 1 1 1 1 1 1 1 1 1 1 1
1 2 3 4 5 6 7 8 1 2 3 4 5 6 7 8 1 2

Example 6:

Input:
1 1 1 1 1 1 1 1 1 1 1 1 1 1 1 1 1 1
1 2 3 4 1 2 3 4 1 2 3 4 1 2 3 4 1 2
1 3 1 3 1 3 1 3 1 3 1 3 1 3 1 3 1 3
1 4 3 2 1 4 3 2 1 4 3 2 1 4 3 2 1 4
1 1 1 1 1 1 1 1 1 1 1 1 1 1 1 1 1 1
1 2 3 4 1 2 3 4 1 2 3 4 1 2 3 4 1 2
1 3 1 3 1 3 1 3 1 3 1 3 1 3 1 3 1 3
1 4 3 2 1 4 3 2 1 4 3 2 1 4 3 2 1 4
1 1 1 1 1 1 1 1 1 1 1 1 1 1 1 1 1 1
1 0 0 0 0 2 3 4 1 2 3 4 1 2 3 4 1 2
1 0 0 0 0 3 1 3 1 3 1 3 1 3 1 3 1 3
1 0 0 0 0 4 3 2 1 4 3 2 1 4 3 2 1 4
0 0 0 0 0 1 1 1 1 0 0 0 0 1 1 1 1 1
0 0 0 0 1 2 3 4 1 0 0 0 0 2 3 4 1 2
0 0 0 0 0 3 1 3 1 0 0 0 0 3 1 3 1 3
0 0 0 0 0 4 3 0 0 0 0 0 0 4 3 2 1 4
1 1 1 0 0 1 1 0 0 0 1 1 1 1 1 1 1 1
1 2 3 4 1 2 3 4 1 2 3 4 1 2 3 4 1 2
Output:
1 1 1 1 1 1 1 1 1 1 1 1 1 1 1 1 1 1
1 2 3 4 1 2 3 4 1 2 3 4 1 2 3 4 1 2
1 3 1 3 1 3 1 3 1 3 1 3 1 3 1 3 1 3
1 4 3 2 1 4 3 2 1 4 3 2 1 4 3 2 1 4
1 1 1 1 1 1 1 1 1 1 1 1 1 1 1 1 1 1
1 2 3 4 1 2 3 4 1 2 3 4 1 2 3 4 1 2
1 3 1 3 1 3 1 3 1 3 1 3 1 3 1 3 1 3
1 4 3 2 1 4 3 2 1 4 3 2 1 4 3 2 1 4
1 1 1 1 1 1 1 1 1 1 1 1 1 1 1 1 1 1
1 2 3 4 1 2 3 4 1 2 3 4 1 2 3 4 1 2
1 3 1 3 1 3 1 3 1 3 1 3 1 3 1 3 1 3
1 4 3 2 1 4 3 2 1 4 3 2 1 4 3 2 1 4
1 1 1 1 1 1 1 1 1 1 1 1 1 1 1 1 1 1
1 2 3 4 1 2 3 4 1 2 3 4 1 2 3 4 1 2
1 3 1 3 1 3 1 3 1 3 1 3 1 3 1 3 1 3
1 4 3 2 1 4 3 2 1 4 3 2 1 4 3 2 1 4
1 1 1 1 1 1 1 1 1 1 1 1 1 1 1 1 1 1
1 2 3 4 1 2 3 4 1 2 3 4 1 2 3 4 1 2

Example 7:

Input:
1 1 1 1 1 1 1 1 1 1 1 1 1 1 1 1 1 1
1 2 3 4 1 2 3 4 1 2 3 4 1 2 3 4 1 2
1 3 1 3 1 3 1 3 1 3 1 3 1 3 1 3 1 3
1 4 3 2 1 4 3 2 1 4 3 2 1 4 3 2 1 4
1 1 1 1 1 1 1 1 1 1 1 1 1 1 1 1 1 1
1 2 3 4 1 2 3 4 1 0 0 4 1 2 3 4 1 2
1 3 1 3 1 3 1 3 1 0 0 3 1 3 1 3 1 3
1 4 3 2 1 4 3 2 1 4 3 2 1 4 3 2 1 4
1 0 0 0 0 1 1 1 1 1 1 1 1 1 1 1 1 1
1 0 0 0 0 2 3 4 0 0 0 0 1 2 3 4 1 2
1 0 0 0 0 3 1 3 0 0 0 0 1 3 1 3 1 3
1 4 0 0 0 4 3 2 1 4 0 0 1 4 3 2 1 4
1 1 0 0 0 1 1 1 1 1 0 0 1 1 1 1 1 1
1 2 0 0 0 2 3 4 1 2 3 4 1 2 3 4 1 2
1 3 1 3 1 3 1 3 1 3 1 3 1 3 1 3 1 3
1 4 3 2 1 4 3 2 1 4 3 2 1 4 3 2 1 4
1 1 1 1 1 1 1 1 1 1 1 1 1 1 1 1 1 1
1 2 3 4 1 2 3 4 1 2 3 4 1 2 3 4 1 2
Output:
1 1 1 1 1 1 1 1 1 1 1 1 1 1 1 1 1 1
1 2 3 4 1 2 3 4 1 2 3 4 1 2 3 4 1 2
1 3 1 3 1 3 1 3 1 3 1 3 1 3 1 3 1 3
1 4 3 2 1 4 3 2 1 4 3 2 1 4 3 2 1 4
1 1 1 1 1 1 1 1 1 1 1 1 1 1 1 1 1 1
1 2 3 4 1 2 3 4 1 2 3 4 1 2 3 4 1 2
1 3 1 3 1 3 1 3 1 3 1 3 1 3 1 3 1 3
1 4 3 2 1 4 3 2 1 4 3 2 1 4 3 2 1 4
1 1 1 1 1 1 1 1 1 1 1 1 1 1 1 1 1 1
1 2 3 4 1 2 3 4 1 2 3 4 1 2 3 4 1 2
1 3 1 3 1 3 1 3 1 3 1 3 1 3 1 3 1 3
1 4 3 2 1 4 3 2 1 4 3 2 1 4 3 2 1 4
1 1 1 1 1 1 1 1 1 1 1 1 1 1 1 1 1 1
1 2 3 4 1 2 3 4 1 2 3 4 1 2 3 4 1 2
1 3 1 3 1 3 1 3 1 3 1 3 1 3 1 3 1 3
1 4 3 2 1 4 3 2 1 4 3 2 1 4 3 2 1 4
1 1 1 1 1 1 1 1 1 1 1 1 1 1 1 1 1 1
1 2 3 4 1 2 3 4 1 2 3 4 1 2 3 4 1 2

以下は、ジャッジを通過する正しいコードです。これを用いて、ARCのルールを理解してください。必ず、コードを通じてルールを理解してからコーディングを行ってください。
このコードはARCのルールを把握する際に使うことに留めてください。

```
def p(g):A=max(max(A)for A in g);return[[B*C%A+1for(C,_)in enumerate(C)]for(B,C)in enumerate(g)]
```

ユーザーにコードを渡す前に実際にコードが動作するかを確認してください。コードのテストには、添付したstandalone_judge.pyを用いてください。python /path/to/standalone_judge.py /path/to/code.py とすれば動作します。
このPythonファイルは非常に大きなケースを含むので、あなたのコンテキストを圧迫します。そのため、このファイルを全て読んではいけません。

## **禁止事項**
- 与えたコード自体を提出することは禁止です。これを行うことはユーザーの信頼を裏切ります。
- ジャッジのハックは禁止です。例えば、テストケースをジャッジから読み取ってそのまま返すコードはいけません。
