14
A 24
12 48 64 106 122 207 223 317 337 409 425 510 526 611 627 712 728 813 829 1008 1024 1043 1059 1079
B 24
6 50 66 108 124 209 225 319 339 411 427 512 528 613 629 714 730 815 831 900 1010 1026 1061 1081
C 9
0 148 249 451 552 653 754 855 940
a 2
962 990
b 2
972 992
c 3
291 897 982
g 34
26 52 68 77 110 126 135 211 227 236 321 341 355 413 429 438 514 530 539 615 631 640 716 732 741 817 833 842 930 942 1012 1028 1063 1083
i 46
35 43 79 93 101 137 151 157 194 202 238 252 258 312 357 369 386 396 404 440 454 460 497 505 541 555 561 598 606 642 656 662 699 707 743 757 763 800 808 844 858 864 915 944 964 1003
j 46
37 59 82 95 117 140 163 169 196 218 241 264 270 332 360 371 388 398 420 443 466 472 499 521 544 567 573 600 622 645 668 674 701 723 746 769 775 802 824 847 870 876 917 947 974 1019
s 4
967 977 984 1038
u 7
31 89 186 190 287 380 997
v 12
382 392 489 493 590 594 691 695 792 796 893 902
x 24
165 171 181 266 272 282 468 474 484 569 575 585 670 676 686 771 777 787 872 878 888 935 969 1054
y 24
153 159 179 254 260 280 456 462 482 557 563 583 658 664 684 759 765 785 860 866 886 932 959 1074
0 1 1 0 0 1 1 1 1 1 1 1 1 1
1 0 1 0 0 1 1 1 1 1 1 1 1 1
1 1 0 0 0 1 1 1 1 0 1 1 1 1
0 0 0 0 1 1 0 1 1 1 1 0 1 1
0 0 0 1 0 1 0 1 1 1 1 0 1 1
1 1 1 1 1 0 1 1 1 1 1 1 1 1
1 1 1 0 0 1 0 1 1 1 1 1 1 1
1 1 1 1 1 1 1 0 1 1 1 1 1 1
1 1 1 1 1 1 1 1 0 1 1 1 1 1
1 1 0 1 1 1 1 1 1 0 1 0 1 1
1 1 1 1 1 1 1 1 1 1 0 1 1 1
1 1 1 0 0 1 1 1 1 0 1 0 1 1
1 1 1 1 1 1 1 1 1 1 1 1 0 1
1 1 1 1 1 1 1 1 1 1 1 1 1 0
