12
r 27
14 50 66 108 124 209 225 308 324 346 418 434 519 535 620 636 721 737 822 838 913 979 1003 1066 1082 1117 1137
d 26
6 48 64 106 122 207 223 306 344 416 432 517 533 618 634 719 735 820 836 977 1001 1064 1080 1099 1115 1135
t 12
0 148 249 458 559 660 761 862 944 967 1020 1046
u 3
991 1031 1048
a 4
291 317 904 1015
f 37
26 52 68 77 110 126 135 211 227 236 310 326 348 362 420 436 445 521 537 546 622 638 647 723 739 748 824 840 849 934 946 981 1005 1068 1084 1119 1139
i 47
35 43 79 93 101 137 151 157 194 202 238 252 258 301 364 376 393 403 411 447 461 467 504 512 548 562 568 605 613 649 663 669 706 714 750 764 770 807 815 851 865 871 906 948 969 1022 1059
n 47
37 59 82 95 117 140 163 169 196 218 241 264 270 339 367 378 395 405 427 450 473 479 506 528 551 574 580 607 629 652 675 681 708 730 753 776 782 809 831 854 877 883 909 951 993 1033 1075
g 18
389 399 496 500 597 601 698 702 799 803 900 915 972 996 1025 1036 1040 1094
o 7
31 89 186 190 287 387 1053
e 25
165 171 181 266 272 282 475 481 491 576 582 592 677 683 693 778 784 794 879 885 895 939 988 1028 1110
l 25
153 159 179 254 260 280 463 469 489 564 570 590 665 671 691 766 772 792 867 873 893 936 964 1017 1130
0 1 1 1 1 1 1 1 1 1 1 1
1 0 1 1 1 1 1 1 1 1 1 1
1 1 0 1 1 1 1 1 1 1 1 1
1 1 1 0 1 1 1 1 1 1 1 1
1 1 1 1 0 1 1 1 1 1 1 1
1 1 1 1 1 0 1 1 1 1 1 1
1 1 1 1 1 1 0 1 1 1 1 1
1 1 1 1 1 1 1 0 1 1 1 1
1 1 1 1 1 1 1 1 0 1 1 1
1 1 1 1 1 1 1 1 1 0 1 1
1 1 1 1 1 1 1 1 1 1 0 1
1 1 1 1 1 1 1 1 1 1 1 0
