ARCのケースに対して、list[list[int]] -> list[list[int]] のシグネチャを持つ関数`p`をPythonで実装してください。つまり、`def p(g):...` か `p=lambda g:...`というコードが期待されます。
コードはshortcodingのcompetitionに用いるため、アルゴリズムを工夫してできる限り短いコードを生成するよう努めてください。

Example 0:

Input:
0 0 0 0 3
0 8 8 0 3
0 8 8 0 3
0 0 0 0 3
3 3 3 3 3
Output:
2 0 0 0 0 0 0 2 3 3
0 2 0 0 0 0 2 0 3 3
0 0 8 8 8 8 0 0 3 3
0 0 8 8 8 8 0 0 3 3
0 0 8 8 8 8 0 0 3 3
0 0 8 8 8 8 0 0 3 3
0 2 0 0 0 0 2 0 3 3
2 0 0 0 0 0 0 2 3 3
3 3 3 3 3 3 3 3 3 3
3 3 3 3 3 3 3 3 3 3

Example 1:

Input:
0 0 0 0 7
4 4 0 0 7
4 4 0 0 6
0 0 0 0 6
7 7 6 6 6
Output:
0 0 0 0 0 0 0 0 2 0 0 0 7 7 7
0 0 0 0 0 0 0 2 0 0 0 0 7 7 7
0 0 0 0 0 0 2 0 0 0 0 0 7 7 7
4 4 4 4 4 4 0 0 0 0 0 0 7 7 7
4 4 4 4 4 4 0 0 0 0 0 0 7 7 7
4 4 4 4 4 4 0 0 0 0 0 0 7 7 7
4 4 4 4 4 4 0 0 0 0 0 0 6 6 6
4 4 4 4 4 4 0 0 0 0 0 0 6 6 6
4 4 4 4 4 4 0 0 0 0 0 0 6 6 6
0 0 0 0 0 0 2 0 0 0 0 0 6 6 6
0 0 0 0 0 0 0 2 0 0 0 0 6 6 6
0 0 0 0 0 0 0 0 2 0 0 0 6 6 6
7 7 7 7 7 7 6 6 6 6 6 6 6 6 6
7 7 7 7 7 7 6 6 6 6 6 6 6 6 6
7 7 7 7 7 7 6 6 6 6 6 6 6 6 6

Example 2:

Input:
0 0 0 0 9
0 1 1 0 9
0 1 1 0 3
0 0 0 0 3
9 9 3 3 4
Output:
2 0 0 0 0 0 0 0 0 0 0 0 0 0 0 2 9 9 9 9
0 2 0 0 0 0 0 0 0 0 0 0 0 0 2 0 9 9 9 9
0 0 2 0 0 0 0 0 0 0 0 0 0 2 0 0 9 9 9 9
0 0 0 2 0 0 0 0 0 0 0 0 2 0 0 0 9 9 9 9
0 0 0 0 1 1 1 1 1 1 1 1 0 0 0 0 9 9 9 9
0 0 0 0 1 1 1 1 1 1 1 1 0 0 0 0 9 9 9 9
0 0 0 0 1 1 1 1 1 1 1 1 0 0 0 0 9 9 9 9
0 0 0 0 1 1 1 1 1 1 1 1 0 0 0 0 9 9 9 9
0 0 0 0 1 1 1 1 1 1 1 1 0 0 0 0 3 3 3 3
0 0 0 0 1 1 1 1 1 1 1 1 0 0 0 0 3 3 3 3
0 0 0 0 1 1 1 1 1 1 1 1 0 0 0 0 3 3 3 3
0 0 0 0 1 1 1 1 1 1 1 1 0 0 0 0 3 3 3 3
0 0 0 2 0 0 0 0 0 0 0 0 2 0 0 0 3 3 3 3
0 0 2 0 0 0 0 0 0 0 0 0 0 2 0 0 3 3 3 3
0 2 0 0 0 0 0 0 0 0 0 0 0 0 2 0 3 3 3 3
2 0 0 0 0 0 0 0 0 0 0 0 0 0 0 2 3 3 3 3
9 9 9 9 9 9 9 9 3 3 3 3 3 3 3 3 4 4 4 4
9 9 9 9 9 9 9 9 3 3 3 3 3 3 3 3 4 4 4 4
9 9 9 9 9 9 9 9 3 3 3 3 3 3 3 3 4 4 4 4
9 9 9 9 9 9 9 9 3 3 3 3 3 3 3 3 4 4 4 4

Example 3:

Input:
0 6 6 0 8
0 6 6 0 8
0 0 0 0 1
0 0 0 0 7
8 8 1 7 9
Output:
0 0 0 0 0 6 6 6 6 6 6 6 6 6 6 0 0 0 0 0 8 8 8 8 8
0 0 0 0 0 6 6 6 6 6 6 6 6 6 6 0 0 0 0 0 8 8 8 8 8
0 0 0 0 0 6 6 6 6 6 6 6 6 6 6 0 0 0 0 0 8 8 8 8 8
0 0 0 0 0 6 6 6 6 6 6 6 6 6 6 0 0 0 0 0 8 8 8 8 8
0 0 0 0 0 6 6 6 6 6 6 6 6 6 6 0 0 0 0 0 8 8 8 8 8
0 0 0 0 0 6 6 6 6 6 6 6 6 6 6 0 0 0 0 0 8 8 8 8 8
0 0 0 0 0 6 6 6 6 6 6 6 6 6 6 0 0 0 0 0 8 8 8 8 8
0 0 0 0 0 6 6 6 6 6 6 6 6 6 6 0 0 0 0 0 8 8 8 8 8
0 0 0 0 0 6 6 6 6 6 6 6 6 6 6 0 0 0 0 0 8 8 8 8 8
0 0 0 0 0 6 6 6 6 6 6 6 6 6 6 0 0 0 0 0 8 8 8 8 8
0 0 0 0 2 0 0 0 0 0 0 0 0 0 0 2 0 0 0 0 1 1 1 1 1
0 0 0 2 0 0 0 0 0 0 0 0 0 0 0 0 2 0 0 0 1 1 1 1 1
0 0 2 0 0 0 0 0 0 0 0 0 0 0 0 0 0 2 0 0 1 1 1 1 1
0 2 0 0 0 0 0 0 0 0 0 0 0 0 0 0 0 0 2 0 1 1 1 1 1
2 0 0 0 0 0 0 0 0 0 0 0 0 0 0 0 0 0 0 2 1 1 1 1 1
0 0 0 0 0 0 0 0 0 0 0 0 0 0 0 0 0 0 0 0 7 7 7 7 7
0 0 0 0 0 0 0 0 0 0 0 0 0 0 0 0 0 0 0 0 7 7 7 7 7
0 0 0 0 0 0 0 0 0 0 0 0 0 0 0 0 0 0 0 0 7 7 7 7 7
0 0 0 0 0 0 0 0 0 0 0 0 0 0 0 0 0 0 0 0 7 7 7 7 7
0 0 0 0 0 0 0 0 0 0 0 0 0 0 0 0 0 0 0 0 7 7 7 7 7
8 8 8 8 8 8 8 8 8 8 1 1 1 1 1 7 7 7 7 7 9 9 9 9 9
8 8 8 8 8 8 8 8 8 8 1 1 1 1 1 7 7 7 7 7 9 9 9 9 9
8 8 8 8 8 8 8 8 8 8 1 1 1 1 1 7 7 7 7 7 9 9 9 9 9
8 8 8 8 8 8 8 8 8 8 1 1 1 1 1 7 7 7 7 7 9 9 9 9 9
8 8 8 8 8 8 8 8 8 8 1 1 1 1 1 7 7 7 7 7 9 9 9 9 9

Example 4:

Input:
0 0 0 0 5
0 3 3 0 5
0 3 3 0 8
0 0 0 0 8
5 5 8 8 8
Output:
2 0 0 0 0 0 0 0 0 0 0 2 5 5 5
0 2 0 0 0 0 0 0 0 0 2 0 5 5 5
0 0 2 0 0 0 0 0 0 2 0 0 5 5 5
0 0 0 3 3 3 3 3 3 0 0 0 5 5 5
0 0 0 3 3 3 3 3 3 0 0 0 5 5 5
0 0 0 3 3 3 3 3 3 0 0 0 5 5 5
0 0 0 3 3 3 3 3 3 0 0 0 8 8 8
0 0 0 3 3 3 3 3 3 0 0 0 8 8 8
0 0 0 3 3 3 3 3 3 0 0 0 8 8 8
0 0 2 0 0 0 0 0 0 2 0 0 8 8 8
0 2 0 0 0 0 0 0 0 0 2 0 8 8 8
2 0 0 0 0 0 0 0 0 0 0 2 8 8 8
5 5 5 5 5 5 8 8 8 8 8 8 8 8 8
5 5 5 5 5 5 8 8 8 8 8 8 8 8 8
5 5 5 5 5 5 8 8 8 8 8 8 8 8 8

Example 5:

Input:
0 7 7 0 9
0 7 7 0 9
0 0 0 0 3
0 0 0 0 6
9 9 3 6 6
Output:
0 0 0 0 7 7 7 7 7 7 7 7 0 0 0 0 9 9 9 9
0 0 0 0 7 7 7 7 7 7 7 7 0 0 0 0 9 9 9 9
0 0 0 0 7 7 7 7 7 7 7 7 0 0 0 0 9 9 9 9
0 0 0 0 7 7 7 7 7 7 7 7 0 0 0 0 9 9 9 9
0 0 0 0 7 7 7 7 7 7 7 7 0 0 0 0 9 9 9 9
0 0 0 0 7 7 7 7 7 7 7 7 0 0 0 0 9 9 9 9
0 0 0 0 7 7 7 7 7 7 7 7 0 0 0 0 9 9 9 9
0 0 0 0 7 7 7 7 7 7 7 7 0 0 0 0 9 9 9 9
0 0 0 2 0 0 0 0 0 0 0 0 2 0 0 0 3 3 3 3
0 0 2 0 0 0 0 0 0 0 0 0 0 2 0 0 3 3 3 3
0 2 0 0 0 0 0 0 0 0 0 0 0 0 2 0 3 3 3 3
2 0 0 0 0 0 0 0 0 0 0 0 0 0 0 2 3 3 3 3
0 0 0 0 0 0 0 0 0 0 0 0 0 0 0 0 6 6 6 6
0 0 0 0 0 0 0 0 0 0 0 0 0 0 0 0 6 6 6 6
0 0 0 0 0 0 0 0 0 0 0 0 0 0 0 0 6 6 6 6
0 0 0 0 0 0 0 0 0 0 0 0 0 0 0 0 6 6 6 6
9 9 9 9 9 9 9 9 3 3 3 3 6 6 6 6 6 6 6 6
9 9 9 9 9 9 9 9 3 3 3 3 6 6 6 6 6 6 6 6
9 9 9 9 9 9 9 9 3 3 3 3 6 6 6 6 6 6 6 6
9 9 9 9 9 9 9 9 3 3 3 3 6 6 6 6 6 6 6 6

Example 6:

Input:
0 9 9 0 3
0 9 9 0 3
0 0 0 0 3
0 0 0 0 3
3 3 3 3 1
Output:
0 0 0 9 9 9 9 9 9 0 0 0 3 3 3
0 0 0 9 9 9 9 9 9 0 0 0 3 3 3
0 0 0 9 9 9 9 9 9 0 0 0 3 3 3
0 0 0 9 9 9 9 9 9 0 0 0 3 3 3
0 0 0 9 9 9 9 9 9 0 0 0 3 3 3
0 0 0 9 9 9 9 9 9 0 0 0 3 3 3
0 0 2 0 0 0 0 0 0 2 0 0 3 3 3
0 2 0 0 0 0 0 0 0 0 2 0 3 3 3
2 0 0 0 0 0 0 0 0 0 0 2 3 3 3
0 0 0 0 0 0 0 0 0 0 0 0 3 3 3
0 0 0 0 0 0 0 0 0 0 0 0 3 3 3
0 0 0 0 0 0 0 0 0 0 0 0 3 3 3
3 3 3 3 3 3 3 3 3 3 3 3 1 1 1
3 3 3 3 3 3 3 3 3 3 3 3 1 1 1
3 3 3 3 3 3 3 3 3 3 3 3 1 1 1

Example 7:

Input:
0 0 0 0 5
4 4 0 0 6
4 4 0 0 6
0 0 0 0 1
5 6 6 1 8
Output:
0 0 0 0 0 0 0 0 0 0 0 0 0 0 2 0 0 0 0 0 5 5 5 5 5
0 0 0 0 0 0 0 0 0 0 0 0 0 2 0 0 0 0 0 0 5 5 5 5 5
0 0 0 0 0 0 0 0 0 0 0 0 2 0 0 0 0 0 0 0 5 5 5 5 5
0 0 0 0 0 0 0 0 0 0 0 2 0 0 0 0 0 0 0 0 5 5 5 5 5
0 0 0 0 0 0 0 0 0 0 2 0 0 0 0 0 0 0 0 0 5 5 5 5 5
4 4 4 4 4 4 4 4 4 4 0 0 0 0 0 0 0 0 0 0 6 6 6 6 6
4 4 4 4 4 4 4 4 4 4 0 0 0 0 0 0 0 0 0 0 6 6 6 6 6
4 4 4 4 4 4 4 4 4 4 0 0 0 0 0 0 0 0 0 0 6 6 6 6 6
4 4 4 4 4 4 4 4 4 4 0 0 0 0 0 0 0 0 0 0 6 6 6 6 6
4 4 4 4 4 4 4 4 4 4 0 0 0 0 0 0 0 0 0 0 6 6 6 6 6
4 4 4 4 4 4 4 4 4 4 0 0 0 0 0 0 0 0 0 0 6 6 6 6 6
4 4 4 4 4 4 4 4 4 4 0 0 0 0 0 0 0 0 0 0 6 6 6 6 6
4 4 4 4 4 4 4 4 4 4 0 0 0 0 0 0 0 0 0 0 6 6 6 6 6
4 4 4 4 4 4 4 4 4 4 0 0 0 0 0 0 0 0 0 0 6 6 6 6 6
4 4 4 4 4 4 4 4 4 4 0 0 0 0 0 0 0 0 0 0 6 6 6 6 6
0 0 0 0 0 0 0 0 0 0 2 0 0 0 0 0 0 0 0 0 1 1 1 1 1
0 0 0 0 0 0 0 0 0 0 0 2 0 0 0 0 0 0 0 0 1 1 1 1 1
0 0 0 0 0 0 0 0 0 0 0 0 2 0 0 0 0 0 0 0 1 1 1 1 1
0 0 0 0 0 0 0 0 0 0 0 0 0 2 0 0 0 0 0 0 1 1 1 1 1
0 0 0 0 0 0 0 0 0 0 0 0 0 0 2 0 0 0 0 0 1 1 1 1 1
5 5 5 5 5 6 6 6 6 6 6 6 6 6 6 1 1 1 1 1 8 8 8 8 8
5 5 5 5 5 6 6 6 6 6 6 6 6 6 6 1 1 1 1 1 8 8 8 8 8
5 5 5 5 5 6 6 6 6 6 6 6 6 6 6 1 1 1 1 1 8 8 8 8 8
5 5 5 5 5 6 6 6 6 6 6 6 6 6 6 1 1 1 1 1 8 8 8 8 8
5 5 5 5 5 6 6 6 6 6 6 6 6 6 6 1 1 1 1 1 8 8 8 8 8

以下は、ジャッジを通過する正しいコードです。これを用いて、ARCのルールを理解してください。必ず、コードを通じてルールを理解してからコーディングを行ってください。
このコードはARCのルールを把握する際に使うことに留めてください。

```
def p(j,p=range):
 B=len(j);c=len(j[0]);A=len({*sum(j,[])}-{0});j=[[j[B//A][l//A]for l in p(c*A)]for B in p(B*A)];B*=A;c*=A
 for k in p(min(B,c),0,-1):
  for C in p(B-k+1):
   for l in p(c-k+1):
    E=j[C][l]
    if E and all(r[l:l+k]==[E]*k for r in j[C:C+k]):
     for(a,F)in(-1,-1),(-1,k),(k,-1),(k,k):
      e=C+a;D=l+F
      while-1<e<B and-1<D<c and not j[e][D]:j[e][D]=2;e+=a>0 or-1;D+=F>0 or-1
     return j
```

ユーザーにコードを渡す前に実際にコードが動作するかを確認してください。コードのテストには、添付したjudge.pyを用いてください。python /path/to/judge.py /path/to/code.py /path/to/cases.bin とすれば動作します。

## **禁止事項**
- 与えたコード自体を提出することは禁止です。これを行うことはユーザーの信頼を裏切ります。
- ジャッジのハックは禁止です。例えば、テストケースをジャッジから読み取ってそのまま返すコードはいけません。
