ARCのケースに対して、list[list[int]] -> list[list[int]] のシグネチャを持つ関数`p`をPythonで実装してください。つまり、`def p(g):...` か `p=lambda g:...`というコードが期待されます。
コードはshortcodingのcompetitionに用いるため、アルゴリズムを工夫してできる限り短いコードを生成するよう努めてください。

Example 0:

Input:
0 0 0 0 0 0 0 0 0 0 0
0 0 5 5 0 0 0 0 0 0 0
0 0 5 5 5 5 5 0 0 0 0
0 0 0 5 5 5 0 0 0 0 0
0 0 0 5 5 5 5 5 0 0 0
0 0 0 5 0 0 5 5 0 0 0
0 0 0 0 0 5 5 5 0 0 0
0 0 0 0 0 0 0 0 0 0 0
0 0 0 0 0 0 0 0 0 0 0
Output:
0 0 0 0 0 0 0 0 0 0 0
0 0 8 8 0 0 0 0 0 0 0
0 0 8 8 2 2 2 0 0 0 0
0 0 0 2 8 8 0 0 0 0 0
0 0 0 2 8 8 8 8 0 0 0
0 0 0 2 0 0 8 8 0 0 0
0 0 0 0 0 2 2 2 0 0 0
0 0 0 0 0 0 0 0 0 0 0
0 0 0 0 0 0 0 0 0 0 0

Example 1:

Input:
0 0 0 0 0 0 0 0 0 0
0 5 5 5 5 5 5 0 0 0
0 5 5 5 5 5 5 0 0 0
0 0 0 5 0 0 5 0 0 0
0 0 0 0 5 5 5 0 0 0
0 0 0 0 5 5 5 0 0 0
0 0 0 0 5 0 0 0 0 0
0 0 0 0 0 0 0 0 0 0
Output:
0 0 0 0 0 0 0 0 0 0
0 8 8 2 8 8 2 0 0 0
0 8 8 2 8 8 2 0 0 0
0 0 0 2 0 0 2 0 0 0
0 0 0 0 2 8 8 0 0 0
0 0 0 0 2 8 8 0 0 0
0 0 0 0 2 0 0 0 0 0
0 0 0 0 0 0 0 0 0 0

Example 2:

Input:
0 0 0 0 0 0 0 0 0
0 5 5 5 5 5 0 0 0
0 0 0 0 5 5 0 0 0
0 0 0 5 0 0 0 0 0
0 0 0 5 5 5 0 0 0
0 0 0 5 5 5 0 0 0
0 0 0 0 0 0 0 0 0
0 0 0 0 0 0 0 0 0
Output:
0 0 0 0 0 0 0 0 0
0 2 2 2 8 8 0 0 0
0 0 0 0 8 8 0 0 0
0 0 0 2 0 0 0 0 0
0 0 0 2 8 8 0 0 0
0 0 0 2 8 8 0 0 0
0 0 0 0 0 0 0 0 0
0 0 0 0 0 0 0 0 0

Example 3:

Input:
0 0 5 5 0 5 5 5 0 0 0
0 0 5 5 0 0 5 0 0 0 0
0 5 5 5 5 5 5 0 0 0 0
0 0 0 0 5 5 5 0 0 0 0
0 0 0 5 5 5 0 0 0 0 0
0 0 0 0 0 5 5 0 0 0 0
0 0 0 0 0 5 5 0 0 0 0
0 0 0 0 0 0 0 0 0 0 0
Output:
0 0 8 8 0 2 2 2 0 0 0
0 0 8 8 0 0 2 0 0 0 0
0 2 2 2 8 8 2 0 0 0 0
0 0 0 0 8 8 2 0 0 0 0
0 0 0 2 2 2 0 0 0 0 0
0 0 0 0 0 8 8 0 0 0 0
0 0 0 0 0 8 8 0 0 0 0
0 0 0 0 0 0 0 0 0 0 0

Example 4:

Input:
0 0 0 0 0 0 0 0 0 0 0
0 0 5 5 5 5 0 0 0 0 0
0 0 0 5 5 5 0 0 0 0 0
0 0 0 5 5 5 0 0 0 0 0
0 5 5 0 0 0 5 0 0 0 0
0 5 5 0 5 5 5 0 0 0 0
0 0 0 0 5 5 5 0 0 0 0
0 0 0 0 0 0 0 0 0 0 0
Output:
0 0 0 0 0 0 0 0 0 0 0
0 0 2 2 2 2 0 0 0 0 0
0 0 0 8 8 2 0 0 0 0 0
0 0 0 8 8 2 0 0 0 0 0
0 8 8 0 0 0 2 0 0 0 0
0 8 8 0 8 8 2 0 0 0 0
0 0 0 0 8 8 2 0 0 0 0
0 0 0 0 0 0 0 0 0 0 0

Example 5:

Input:
0 0 0 0 0 0 0 0 0
0 5 5 5 0 0 0 0 0
0 0 0 0 0 5 0 0 0
0 0 0 0 0 5 0 0 0
0 0 0 0 0 5 0 0 0
0 5 5 0 0 0 5 5 0
0 5 5 0 0 0 5 5 0
0 0 0 0 0 0 0 0 0
0 0 0 0 0 0 0 0 0
Output:
0 0 0 0 0 0 0 0 0
0 2 2 2 0 0 0 0 0
0 0 0 0 0 2 0 0 0
0 0 0 0 0 2 0 0 0
0 0 0 0 0 2 0 0 0
0 8 8 0 0 0 8 8 0
0 8 8 0 0 0 8 8 0
0 0 0 0 0 0 0 0 0
0 0 0 0 0 0 0 0 0

Example 6:

Input:
0 0 0 0 0 0 0 0 0
0 0 0 5 5 0 5 5 0
0 5 0 5 5 0 5 5 0
0 5 5 5 5 0 0 0 0
0 5 0 0 0 0 0 0 0
0 0 0 0 5 0 0 0 0
0 0 0 0 5 0 0 0 0
0 0 0 0 5 0 0 0 0
0 0 0 0 0 0 0 0 0
Output:
0 0 0 0 0 0 0 0 0
0 0 0 8 8 0 8 8 0
0 2 0 8 8 0 8 8 0
0 2 2 2 2 0 0 0 0
0 2 0 0 0 0 0 0 0
0 0 0 0 2 0 0 0 0
0 0 0 0 2 0 0 0 0
0 0 0 0 2 0 0 0 0
0 0 0 0 0 0 0 0 0

Example 7:

Input:
0 0 0 0 0 0 0 0 0 0
0 0 0 5 5 0 0 0 0 0
0 0 0 5 5 5 5 5 0 0
0 0 5 5 0 0 5 5 0 0
0 0 5 5 0 0 5 5 0 0
0 0 5 0 0 5 0 0 0 0
0 0 5 0 0 5 0 0 0 0
0 0 5 0 0 5 0 0 0 0
Output:
0 0 0 0 0 0 0 0 0 0
0 0 0 8 8 0 0 0 0 0
0 0 0 8 8 2 2 2 0 0
0 0 8 8 0 0 8 8 0 0
0 0 8 8 0 0 8 8 0 0
0 0 2 0 0 2 0 0 0 0
0 0 2 0 0 2 0 0 0 0
0 0 2 0 0 2 0 0 0 0

以下は、ジャッジを通過する正しいコードです。これを用いて、ARCのルールを理解してください。必ず、コードを通じてルールを理解してからコーディングを行ってください。
このコードはARCのルールを把握する際に使うことに留めてください。

```
import re
def p(g):
 g=[g[-1]]+g
 for _ in[0]*8:
  for _ in[0]*7:d=re.sub('[[ ,]','',str(g));d=re.sub(f"(?<=[^5]{'.'*(len(g[0])-2)}.[^5])555(?={'.'*(len(g[0])-2)}[^5])",'222',d);g=[[*map(int,c)]for c in d.split(']')[:-2]];*g,=map(list,zip(*g[::-1]))
  d=re.sub('[[ ,]','',str(g));d=re.sub(f"(?<=[^5]{'.'*(len(g[0])-2)}.[^5])55({'.'*(len(g[0])-2)}.)55(?=[^5]{'.'*(len(g[0])-2)}.[^5])",'88\\g<1>88',d);g=[[*map(int,c)]for c in d.split(']')[:-2]]
 return g[1:]
```

ユーザーにコードを渡す前に実際にコードが動作するかを確認してください。コードのテストには、添付したstandalone_judge.pyを用いてください。python /path/to/standalone_judge.py /path/to/code.py とすれば動作します。
このPythonファイルは非常に大きなケースを含むので、あなたのコンテキストを圧迫します。そのため、このファイルを全て読んではいけません。

## **禁止事項**
- 与えたコード自体を提出することは禁止です。これを行うことはユーザーの信頼を裏切ります。
- ジャッジのハックは禁止です。例えば、テストケースをジャッジから読み取ってそのまま返すコードはいけません。
