ARCのケースに対して、list[list[int]] -> list[list[int]] のシグネチャを持つ関数`p`をPythonで実装してください。つまり、`def p(g):...` か `p=lambda g:...`というコードが期待されます。
コードはshortcodingのcompetitionに用いるため、アルゴリズムを工夫してできる限り短いコードを生成するよう努めてください。

Example 0:

Input:
0 0 0
0 2 0
2 4 2
Output:
4 0 4
0 2 0
2 4 2

Example 1:

Input:
0 0 0 0 0
0 0 0 0 0
0 0 0 0 0
0 0 8 0 0
8 8 3 8 8
Output:
0 0 0 0 0
3 0 0 0 3
0 3 0 3 0
0 0 8 0 0
8 8 3 8 8

Example 2:

Input:
0 0 0 0 0
0 0 0 0 0
0 0 0 0 0
0 6 6 6 0
6 1 1 1 6
Output:
0 0 0 0 0
0 0 0 0 0
1 0 0 0 1
0 6 6 6 0
6 1 1 1 6

Example 3:

Input:
0 0 0 0 0 0 0
0 0 0 0 0 0 0
0 0 0 0 0 0 0
0 0 0 0 0 0 0
0 0 0 0 0 0 0
0 0 2 2 2 0 0
2 2 4 4 4 2 2
Output:
0 0 0 0 0 0 0
0 0 0 0 0 0 0
0 0 0 0 0 0 0
4 0 0 0 0 0 4
0 4 0 0 0 4 0
0 0 2 2 2 0 0
2 2 4 4 4 2 2

Example 4:

Input:
0 0 0 0 0 0 0 0 0
0 0 0 0 0 0 0 0 0
0 0 0 0 0 0 0 0 0
0 0 0 0 0 0 0 0 0
0 0 0 0 0 0 0 0 0
0 0 0 0 0 0 0 0 0
0 0 0 0 0 0 0 0 0
0 0 0 8 8 8 0 0 0
8 8 8 2 2 2 8 8 8
Output:
0 0 0 0 0 0 0 0 0
0 0 0 0 0 0 0 0 0
0 0 0 0 0 0 0 0 0
0 0 0 0 0 0 0 0 0
2 0 0 0 0 0 0 0 2
0 2 0 0 0 0 0 2 0
0 0 2 0 0 0 2 0 0
0 0 0 8 8 8 0 0 0
8 8 8 2 2 2 8 8 8

Example 5:

Input:
0 0 0 0 0 0 0
0 0 0 0 0 0 0
0 0 0 0 0 0 0
0 0 0 0 0 0 0
0 0 0 0 0 0 0
0 0 0 8 0 0 0
8 8 8 3 8 8 8
Output:
0 0 0 0 0 0 0
0 0 0 0 0 0 0
3 0 0 0 0 0 3
0 3 0 0 0 3 0
0 0 3 0 3 0 0
0 0 0 8 0 0 0
8 8 8 3 8 8 8

Example 6:

Input:
0 0 0 0 0
0 0 0 0 0
0 0 0 0 0
0 0 9 0 0
9 9 2 9 9
Output:
0 0 0 0 0
2 0 0 0 2
0 2 0 2 0
0 0 9 0 0
9 9 2 9 9

Example 7:

Input:
0 0 0 0 0
0 0 0 0 0
0 0 0 0 0
0 0 2 0 0
2 2 1 2 2
Output:
0 0 0 0 0
1 0 0 0 1
0 1 0 1 0
0 0 2 0 0
2 2 1 2 2

以下は、ジャッジを通過する正しいコードです。これを用いて、ARCのルールを理解してください。必ず、コードを通じてルールを理解してからコーディングを行ってください。
このコードはARCのルールを把握する際に使うことに留めてください。

```
def p(g):
 r=len(g)-1;v=next(z for z in g[r]if z and z not in g[r-1]);c=[i for(i,z)in enumerate(g[r])if z==v];x,y=c[0],c[-1];w=len(g[0])
 for k in range(1,r):
  A=r-k-1;i=x-k
  if i>=0:g[A][i]=v
  j=y+k
  if j<w:g[A][j]=v
 return g
```

ユーザーにコードを渡す前に実際にコードが動作するかを確認してください。コードのテストには、添付したjudge.pyを用いてください。python /path/to/judge.py /path/to/code.py /path/to/cases.bin とすれば動作します。

## **禁止事項**
- 与えたコード自体を提出することは禁止です。これを行うことはユーザーの信頼を裏切ります。
- ジャッジのハックは禁止です。例えば、テストケースをジャッジから読み取ってそのまま返すコードはいけません。
