9
a 10
138 160 241 263 344 366 447 469 551 573
b 10
149 162 252 265 355 368 458 471 562 575
g 6
6 119 222 325 428 532
i 20
72 84 121 134 175 187 224 237 278 290 327 340 381 393 430 443 485 497 534 547
j 20
76 102 124 145 179 205 227 248 282 308 330 351 385 411 433 454 489 515 537 558
t 5
11 480 595 612 620
u 10
58 68 167 171 270 274 373 377 476 580
x 14
43 78 147 181 250 284 353 387 456 491 560 602 627 635
y 14
21 74 136 177 239 280 342 383 445 487 549 597 622 654
0 1 0 1 1 0 1 1 1
1 0 0 1 1 0 1 1 1
0 0 0 1 1 1 1 1 1
1 1 1 0 1 0 1 1 1
1 1 1 1 0 0 1 1 1
0 0 1 0 0 0 1 1 1
1 1 1 1 1 1 0 1 1
1 1 1 1 1 1 1 0 1
1 1 1 1 1 1 1 1 0
