7
e 10
141 163 247 269 353 375 459 481 566 588
a 16
6 119 152 165 225 258 271 331 364 377 437 470 483 544 577 590
f 20
72 84 121 137 178 190 227 243 284 296 333 349 390 402 439 455 497 509 546 562
n 25
11 76 102 124 148 182 208 230 254 288 314 336 360 394 420 442 466 492 501 527 549 573 610 627 635
r 10
58 68 170 174 276 280 382 386 488 595
t 14
43 78 150 184 256 290 362 396 468 503 575 617 642 650
i 14
21 74 139 180 245 286 351 392 457 499 564 612 637 669
0 1 1 1 1 1 1
1 0 1 1 1 1 1
1 1 0 1 1 1 1
1 1 1 0 1 1 1
1 1 1 1 0 1 1
1 1 1 1 1 0 1
1 1 1 1 1 1 0
