14
m 9
210 271 279 304 324 363 377 392 407
f 5
102 200 287 454 457
d 2
229 345
n 6
26 126 154 442 462 491
t 2
98 432
e 13
246 249 254 260 293 313 347 354 365 379 387 402 416
o 6
334 351 358 372 394 409
r 7
275 356 370 384 399 472 474
randrange 5
104 132 157 213 234
l 6
28 46 88 93 203 493
sample 1
175
seed 1
35
i 2
100 434
s 3
173 414 452
0 1 1 1 1 1 1 1 0 1 0 0 1 1
1 0 1 1 1 1 1 1 0 1 0 0 1 1
1 1 0 1 1 1 1 1 0 1 0 0 1 1
1 1 1 0 1 1 1 1 0 1 0 0 1 1
1 1 1 1 0 1 1 1 0 1 0 0 1 1
1 1 1 1 1 0 1 1 0 1 0 0 1 1
1 1 1 1 1 1 0 1 0 1 0 0 1 1
1 1 1 1 1 1 1 0 0 1 0 0 1 1
0 0 0 0 0 0 0 0 0 0 0 0 0 0
1 1 1 1 1 1 1 1 0 0 0 0 1 1
0 0 0 0 0 0 0 0 0 0 0 0 0 0
0 0 0 0 0 0 0 0 0 0 0 0 0 0
1 1 1 1 1 1 1 1 0 1 0 0 0 1
1 1 1 1 1 1 1 1 0 1 0 0 1 0
