8
a 25
6 40 58 95 109 145 158 188 202 238 251 281 295 331 344 374 388 424 437 468 482 518 531 596 611
y 16
0 127 134 156 220 227 249 313 320 342 406 413 435 500 507 529
j 6
20 117 210 303 396 490
n 20
78 90 119 130 171 183 212 223 264 276 305 316 357 369 398 409 451 463 492 503
i 25
25 82 104 122 141 175 197 215 234 268 290 308 327 361 383 401 420 446 455 477 495 514 551 568 576
b 10
64 74 163 167 256 260 349 353 442 536
t 14
53 84 143 177 236 270 329 363 422 457 516 558 583 591
u 14
35 80 132 173 225 266 318 359 411 453 505 553 578 606
0 1 1 1 1 1 1 1
1 0 1 1 1 1 1 1
1 1 0 1 1 1 1 1
1 1 1 0 1 1 1 1
1 1 1 1 0 1 1 1
1 1 1 1 1 0 1 1
1 1 1 1 1 1 0 1
1 1 1 1 1 1 1 0
