ARCのケースに対して、list[list[int]] -> list[list[int]] のシグネチャを持つ関数`p`をPythonで実装してください。つまり、`def p(g):...` か `p=lambda g:...`というコードが期待されます。
コードはshortcodingのcompetitionに用いるため、アルゴリズムを工夫してできる限り短いコードを生成するよう努めてください。

Example 0:

Input:
5 0 0
3 5 0
0 0 5
Output:
5 3 0
0 5 0
0 0 5

Example 1:

Input:
5 0 0 0
0 5 0 0
6 0 5 0
6 0 4 5
Output:
5 0 6 6
0 5 0 0
0 0 5 4
0 0 0 5

Example 2:

Input:
5 0 0 0 0
0 5 0 0 0
8 8 5 0 0
0 2 0 5 0
0 2 0 1 5
Output:
5 0 8 0 0
0 5 8 2 2
0 0 5 0 0
0 0 0 5 1
0 0 0 0 5

Example 3:

Input:
5 0 0 0 0 0
0 5 0 0 0 0
3 3 5 0 0 0
0 0 0 5 0 0
2 0 8 8 5 0
2 0 6 0 0 5
Output:
5 0 3 0 2 2
0 5 3 0 0 0
0 0 5 0 8 6
0 0 0 5 8 0
0 0 0 0 5 0
0 0 0 0 0 5

Example 4:

Input:
5 0 0 0 0 0 0
0 5 0 0 0 0 0
2 0 5 0 0 0 0
0 7 9 5 0 0 0
0 0 4 9 5 0 0
0 0 0 0 4 5 0
0 9 0 0 0 0 5
Output:
5 0 2 0 0 0 0
0 5 0 7 0 0 9
0 0 5 9 4 0 0
0 0 0 5 9 0 0
0 0 0 0 5 4 0
0 0 0 0 0 5 0
0 0 0 0 0 0 5

Example 5:

Input:
5 0 0
8 5 0
0 0 5
Output:
5 8 0
0 5 0
0 0 5

Example 6:

Input:
5 0 0
7 5 0
0 0 5
Output:
5 7 0
0 5 0
0 0 5

Example 7:

Input:
5 0 0 0 0
0 5 0 0 0
0 8 5 0 0
8 1 0 5 0
0 0 8 1 5
Output:
5 0 0 8 0
0 5 8 1 0
0 0 5 0 8
0 0 0 5 1
0 0 0 0 5

以下は、ジャッジを通過する正しいコードです。これを用いて、ARCのルールを理解してください。必ず、コードを通じてルールを理解してからコーディングを行ってください。
このコードはARCのルールを把握する際に使うことに留めてください。

```
p=lambda g:[*zip(*g)]
```

ユーザーにコードを渡す前に実際にコードが動作するかを確認してください。コードのテストには、添付したjudge.pyを用いてください。python /path/to/judge.py /path/to/code.py /path/to/cases.bin とすれば動作します。

## **禁止事項**
- 与えたコード自体を提出することは禁止です。これを行うことはユーザーの信頼を裏切ります。
- ジャッジのハックは禁止です。例えば、テストケースをジャッジから読み取ってそのまま返すコードはいけません。
