ARCのケースに対して、list[list[int]] -> list[list[int]] のシグネチャを持つ関数`p`をPythonで実装してください。つまり、`def p(g):...` か `p=lambda g:...`というコードが期待されます。
コードはshortcodingのcompetitionに用いるため、アルゴリズムを工夫してできる限り短いコードを生成するよう努めてください。

Example 0:

Input:
0 0 0 0 0 0 0 0 0 0
8 8 0 0 0 0 0 0 0 0
0 0 8 0 0 0 0 0 0 0
0 0 0 8 8 8 8 8 8 8
0 0 0 0 0 0 0 0 0 0
0 0 0 0 0 0 0 0 0 0
8 8 8 0 0 0 0 0 0 0
0 0 0 8 0 0 0 0 0 0
0 0 0 0 0 0 0 0 0 0
0 0 0 0 0 0 0 0 0 0
8 8 0 0 0 0 0 0 0 0
0 0 8 0 0 0 0 0 0 0
0 0 0 0 0 0 0 0 0 0
0 0 0 0 0 0 0 0 0 0
0 0 0 0 0 0 0 0 0 0
Output:
0 0 0 0 0 0 0 0 0 0
8 8 0 0 0 0 0 0 0 0
0 0 8 0 0 0 0 0 0 0
0 0 0 8 8 8 8 8 8 8
0 0 0 0 0 0 0 0 0 0
0 0 0 0 0 0 0 0 0 0
8 8 8 0 0 0 0 0 0 0
0 0 0 8 0 0 0 0 0 0
0 0 0 0 1 1 1 1 1 1
0 0 0 0 0 0 0 0 0 0
8 8 0 0 0 0 0 0 0 0
0 0 8 0 0 0 0 0 0 0
0 0 0 1 1 1 1 1 1 1
0 0 0 0 0 0 0 0 0 0
0 0 0 0 0 0 0 0 0 0

Example 1:

Input:
0 0 0 0 0 0 0 0 0 0
0 0 0 0 0 0 0 0 0 0
8 8 8 8 8 8 8 8 8 8
0 0 0 0 0 0 0 0 0 0
0 0 0 0 0 0 0 0 0 0
0 0 0 0 0 0 0 0 0 0
8 8 8 0 0 0 0 0 0 0
0 0 0 0 0 0 0 0 0 0
0 0 0 0 0 0 0 0 0 0
0 0 0 0 0 0 0 0 0 0
0 0 0 0 0 0 0 0 0 0
8 8 8 8 0 0 0 0 0 0
0 0 0 0 0 0 0 0 0 0
8 8 0 0 0 0 0 0 0 0
0 0 0 0 0 0 0 0 0 0
Output:
0 0 0 0 0 0 0 0 0 0
0 0 0 0 0 0 0 0 0 0
8 8 8 8 8 8 8 8 8 8
0 0 0 0 0 0 0 0 0 0
0 0 0 0 0 0 0 0 0 0
0 0 0 0 0 0 0 0 0 0
8 8 8 1 1 1 1 1 1 1
0 0 0 0 0 0 0 0 0 0
0 0 0 0 0 0 0 0 0 0
0 0 0 0 0 0 0 0 0 0
0 0 0 0 0 0 0 0 0 0
8 8 8 8 1 1 1 1 1 1
0 0 0 0 0 0 0 0 0 0
8 8 1 1 1 1 1 1 1 1
0 0 0 0 0 0 0 0 0 0

Example 2:

Input:
0 0 0 0 0 0 0 0 0 0
8 0 8 0 8 0 8 0 8 0
0 8 0 8 0 8 0 8 0 8
0 0 0 0 0 0 0 0 0 0
0 0 0 0 0 0 0 0 0 0
0 0 0 0 0 0 0 0 0 0
8 0 8 0 0 0 0 0 0 0
0 8 0 0 0 0 0 0 0 0
0 0 0 0 0 0 0 0 0 0
0 0 0 0 0 0 0 0 0 0
8 0 8 0 8 0 0 0 0 0
0 8 0 8 0 0 0 0 0 0
0 0 0 0 0 0 0 0 0 0
0 0 0 0 0 0 0 0 0 0
0 0 0 0 0 0 0 0 0 0
Output:
0 0 0 0 0 0 0 0 0 0
8 0 8 0 8 0 8 0 8 0
0 8 0 8 0 8 0 8 0 8
0 0 0 0 0 0 0 0 0 0
0 0 0 0 0 0 0 0 0 0
0 0 0 0 0 0 0 0 0 0
8 0 8 0 1 0 1 0 1 0
0 8 0 1 0 1 0 1 0 1
0 0 0 0 0 0 0 0 0 0
0 0 0 0 0 0 0 0 0 0
8 0 8 0 8 0 1 0 1 0
0 8 0 8 0 1 0 1 0 1
0 0 0 0 0 0 0 0 0 0
0 0 0 0 0 0 0 0 0 0
0 0 0 0 0 0 0 0 0 0

Example 3:

Input:
0 0 0 0 0 0 0 0 0 0
0 0 8 8 8 8 8 8 8 8
8 8 0 0 0 0 0 0 0 0
0 0 8 8 8 8 8 8 8 8
0 0 0 0 0 0 0 0 0 0
0 0 0 0 0 0 0 0 0 0
0 0 0 0 0 0 0 0 0 0
0 0 0 0 0 0 0 0 0 0
0 0 0 8 8 0 0 0 0 0
8 8 8 0 0 0 0 0 0 0
0 0 0 8 8 0 0 0 0 0
0 0 0 0 0 0 0 0 0 0
0 0 0 0 0 0 0 0 0 0
0 0 0 0 0 0 0 0 0 0
0 0 0 0 0 0 0 0 0 0
Output:
0 0 0 0 0 0 0 0 0 0
0 0 8 8 8 8 8 8 8 8
8 8 0 0 0 0 0 0 0 0
0 0 8 8 8 8 8 8 8 8
0 0 0 0 0 0 0 0 0 0
0 0 0 0 0 0 0 0 0 0
0 0 0 0 0 0 0 0 0 0
0 0 0 0 0 0 0 0 0 0
0 0 0 8 8 1 1 1 1 1
8 8 8 0 0 0 0 0 0 0
0 0 0 8 8 1 1 1 1 1
0 0 0 0 0 0 0 0 0 0
0 0 0 0 0 0 0 0 0 0
0 0 0 0 0 0 0 0 0 0
0 0 0 0 0 0 0 0 0 0

Example 4:

Input:
0 0 0 0 0 0 0 0 0 0
0 0 0 0 0 0 0 0 0 0
8 8 8 8 8 8 8 8 8 8
0 0 0 0 0 0 0 0 0 0
0 0 0 0 0 0 0 0 0 0
8 8 8 0 0 0 0 0 0 0
0 0 0 0 0 0 0 0 0 0
0 0 0 0 0 0 0 0 0 0
0 0 0 0 0 0 0 0 0 0
8 8 8 8 8 0 0 0 0 0
0 0 0 0 0 0 0 0 0 0
0 0 0 0 0 0 0 0 0 0
0 0 0 0 0 0 0 0 0 0
8 8 8 8 8 0 0 0 0 0
0 0 0 0 0 0 0 0 0 0
Output:
0 0 0 0 0 0 0 0 0 0
0 0 0 0 0 0 0 0 0 0
8 8 8 8 8 8 8 8 8 8
0 0 0 0 0 0 0 0 0 0
0 0 0 0 0 0 0 0 0 0
8 8 8 1 1 1 1 1 1 1
0 0 0 0 0 0 0 0 0 0
0 0 0 0 0 0 0 0 0 0
0 0 0 0 0 0 0 0 0 0
8 8 8 8 8 1 1 1 1 1
0 0 0 0 0 0 0 0 0 0
0 0 0 0 0 0 0 0 0 0
0 0 0 0 0 0 0 0 0 0
8 8 8 8 8 1 1 1 1 1
0 0 0 0 0 0 0 0 0 0

Example 5:

Input:
0 0 0 0 0 0 0 0 0 0
0 0 0 0 0 0 0 0 0 0
8 8 8 8 8 8 8 8 8 8
0 0 0 0 0 0 0 0 0 0
0 0 0 0 0 0 0 0 0 0
0 0 0 0 0 0 0 0 0 0
8 8 8 0 0 0 0 0 0 0
0 0 0 0 0 0 0 0 0 0
0 0 0 0 0 0 0 0 0 0
0 0 0 0 0 0 0 0 0 0
8 8 8 8 8 0 0 0 0 0
0 0 0 0 0 0 0 0 0 0
0 0 0 0 0 0 0 0 0 0
8 8 8 0 0 0 0 0 0 0
0 0 0 0 0 0 0 0 0 0
Output:
0 0 0 0 0 0 0 0 0 0
0 0 0 0 0 0 0 0 0 0
8 8 8 8 8 8 8 8 8 8
0 0 0 0 0 0 0 0 0 0
0 0 0 0 0 0 0 0 0 0
0 0 0 0 0 0 0 0 0 0
8 8 8 1 1 1 1 1 1 1
0 0 0 0 0 0 0 0 0 0
0 0 0 0 0 0 0 0 0 0
0 0 0 0 0 0 0 0 0 0
8 8 8 8 8 1 1 1 1 1
0 0 0 0 0 0 0 0 0 0
0 0 0 0 0 0 0 0 0 0
8 8 8 1 1 1 1 1 1 1
0 0 0 0 0 0 0 0 0 0

Example 6:

Input:
0 0 0 0 0 0 0 0 0 0
0 8 0 0 8 8 8 8 8 8
0 8 0 0 8 8 8 8 8 8
8 8 8 8 0 0 0 0 0 0
0 0 0 0 0 0 0 0 0 0
0 0 0 0 0 0 0 0 0 0
0 8 0 8 0 0 0 0 0 0
0 8 0 8 0 0 0 0 0 0
8 8 8 8 8 8 0 0 0 0
0 0 0 0 0 0 0 0 0 0
0 0 0 0 0 0 0 0 0 0
0 8 0 0 0 0 0 0 0 0
0 8 0 0 0 0 0 0 0 0
8 8 8 8 0 0 0 0 0 0
0 0 0 0 0 0 0 0 0 0
Output:
0 0 0 0 0 0 0 0 0 0
0 8 0 0 8 8 8 8 8 8
0 8 0 0 8 8 8 8 8 8
8 8 8 8 0 0 0 0 0 0
0 0 0 0 0 0 0 0 0 0
0 0 0 0 0 0 0 0 0 0
0 8 0 8 0 0 1 1 1 1
0 8 0 8 0 0 1 1 1 1
8 8 8 8 8 8 0 0 0 0
0 0 0 0 0 0 0 0 0 0
0 0 0 0 0 0 0 0 0 0
0 8 0 0 1 1 1 1 1 1
0 8 0 0 1 1 1 1 1 1
8 8 8 8 0 0 0 0 0 0
0 0 0 0 0 0 0 0 0 0

Example 7:

Input:
0 0 0 0 0 0 0 0 0 0
0 0 0 0 0 0 0 0 0 0
8 8 8 8 8 0 8 0 8 0
8 8 8 8 0 8 0 8 0 8
0 0 0 0 0 0 0 0 0 0
0 0 0 0 0 0 0 0 0 0
0 0 0 0 0 0 0 0 0 0
8 8 8 8 8 8 0 0 0 0
8 8 8 8 8 8 0 0 0 0
0 0 0 0 0 0 0 0 0 0
8 8 8 8 8 8 0 0 0 0
8 8 8 8 8 8 0 0 0 0
0 0 0 0 0 0 0 0 0 0
0 0 0 0 0 0 0 0 0 0
0 0 0 0 0 0 0 0 0 0
Output:
0 0 0 0 0 0 0 0 0 0
0 0 0 0 0 0 0 0 0 0
8 8 8 8 8 0 8 0 8 0
8 8 8 8 0 8 0 8 0 8
0 0 0 0 0 0 0 0 0 0
0 0 0 0 0 0 0 0 0 0
0 0 0 0 0 0 0 0 0 0
8 8 8 8 8 8 1 0 1 0
8 8 8 8 8 8 0 1 0 1
0 0 0 0 0 0 0 0 0 0
8 8 8 8 8 8 1 0 1 0
8 8 8 8 8 8 0 1 0 1
0 0 0 0 0 0 0 0 0 0
0 0 0 0 0 0 0 0 0 0
0 0 0 0 0 0 0 0 0 0

以下は、ジャッジを通過する正しいコードです。これを用いて、ARCのルールを理解してください。必ず、コードを通じてルールを理解してからコーディングを行ってください。
このコードはARCのルールを把握する際に使うことに留めてください。

```
def p(g):
 for j in 0,1:
  A=[i for i in range(15)if g[i][j]]
  if A:break
 f,*A=A;y=u=0
 for k in range(6):
  u+=k in A
  if any(g[k]):y=1
  elif y:break
 for i in A[u::u+1]:
  for l in range(9):
   if all(a>=b for j in range(1,k)for(a,b)in zip(g[j][:10-l],g[j-f+i][l:])):break
  B=range(10-l)
  if hash((*sum(g,[]),))>>53==695:l=-1;B=range(1,10)
  for j in range(k):
   for x in B:g[j-f+i][l+x]=g[j-f+i][l+x]or g[j][x]//8
 return g
```

ユーザーにコードを渡す前に実際にコードが動作するかを確認してください。コードのテストには、添付したstandalone_judge.pyを用いてください。python /path/to/standalone_judge.py /path/to/code.py とすれば動作します。
このPythonファイルは非常に大きなケースを含むので、あなたのコンテキストを圧迫します。そのため、このファイルを全て読んではいけません。

## **禁止事項**
- 与えたコード自体を提出することは禁止です。これを行うことはユーザーの信頼を裏切ります。
- ジャッジのハックは禁止です。例えば、テストケースをジャッジから読み取ってそのまま返すコードはいけません。
