14
a 5
136 199 206 272 275
c 4
145 281 293 309
d 3
11 197 204
g 7
6 68 95 119 168 224 238
i 2
53 108
j 2
80 110
k 3
31 140 278
o 3
149 369 415
s 2
156 163
t 6
153 252 346 378 404 442
u 7
191 227 254 348 406 444 456
v 7
193 232 257 351 409 447 458
x 4
106 124 202 454
y 4
104 121 195 452
0 1 1 1 1 1 1 1 0 1 1 1 1 1
1 0 1 1 1 1 1 1 0 1 1 1 1 1
1 1 0 1 1 1 1 1 0 1 1 1 1 1
1 1 1 0 1 1 1 1 1 1 1 1 1 1
1 1 1 1 0 1 1 1 0 1 1 1 1 1
1 1 1 1 1 0 1 1 0 1 1 1 1 1
1 1 1 1 1 1 0 1 0 1 1 1 1 1
1 1 1 1 1 1 1 0 0 1 1 1 1 1
0 0 0 1 0 0 0 0 0 0 0 0 0 0
1 1 1 1 1 1 1 1 0 0 1 1 1 1
1 1 1 1 1 1 1 1 0 1 0 1 1 1
1 1 1 1 1 1 1 1 0 1 1 0 1 1
1 1 1 1 1 1 1 1 0 1 1 1 0 1
1 1 1 1 1 1 1 1 0 1 1 1 1 0
