9
_ 1
15
a 24
163 171 216 243 249 285 293 338 365 371 407 415 460 487 493 529 537 582 609 615 653 662 697 743
b 24
165 193 219 255 261 287 315 341 377 383 409 437 463 499 505 531 559 585 621 627 656 670 699 720
g 32
6 51 80 101 109 119 129 186 208 214 223 308 330 336 345 430 452 458 467 552 574 580 589 647 651 678 707 735 758 765 778 789
i 13
36 103 111 121 131 153 225 347 469 591 680 693 709
j 13
65 106 116 124 136 155 228 350 472 594 666 683 714
u 11
149 159 277 281 399 403 521 525 643 675 704
x 12
253 259 272 375 381 394 497 503 516 619 625 638
y 12
241 247 270 363 369 392 485 491 514 607 613 636
0 0 0 1 1 1 1 0 0
0 0 1 1 1 1 1 1 1
0 1 0 1 1 1 1 1 1
1 1 1 0 1 1 1 0 0
1 1 1 1 0 1 1 0 0
1 1 1 1 1 0 1 0 0
1 1 1 1 1 1 0 1 1
0 1 1 0 0 0 1 0 1
0 1 1 0 0 0 1 1 0
