<<<<<<< HEAD
9
e 2
15 162
n 11
289 318 332 349 358 377 388 418 427 444 452
p 16
6 53 82 101 109 119 129 229 244 254 269 371 397 463 482 500
d 11
36 103 111 121 131 231 246 256 271 373 399
r 11
65 106 116 124 136 236 249 263 276 384 402
i 5
188 209 225 227 437
l 4
149 178 345 414
a 8
221 240 265 330 356 386 425 450
f 8
219 233 260 316 347 375 416 442
0 1 1 1 1 1 1 1 1
1 0 1 1 1 1 1 1 1
1 1 0 1 1 1 1 1 1
1 1 1 0 1 1 1 1 1
1 1 1 1 0 1 1 1 1
1 1 1 1 1 0 1 1 1
1 1 1 1 1 1 0 1 1
1 1 1 1 1 1 1 0 1
1 1 1 1 1 1 1 1 0
=======
6
n 21
15 163 171 216 243 279 287 332 359 395 403 448 475 511 519 564 591 629 638 673 719
p 20
165 193 219 252 281 309 335 368 397 425 451 484 513 541 567 600 632 646 675 696
f 40
6 51 80 101 109 119 129 186 208 214 223 241 264 302 324 330 339 357 380 418 440 446 455 473 496 534 556 562 571 589 612 623 627 654 683 711 734 741 751 768
o 13
36 103 111 121 131 153 225 341 457 573 656 669 685
r 21
65 106 116 124 136 155 228 250 266 344 366 382 460 482 498 576 598 614 642 659 690
e 11
149 159 271 275 387 391 503 507 619 651 680
0 1 1 1 1 1
1 0 1 1 1 1
1 1 0 1 1 1
1 1 1 0 1 1
1 1 1 1 0 1
1 1 1 1 1 0
>>>>>>> b9c96cd9d (285)
