1 2
<<<<<<< HEAD
0 0 0 5 4 2 0 5 0 2 0 0 0 0 0 0 2 4 4
271
0 0 0 0 0 0 0 0 0 0 9 0 0 0 0 0 0 0 0 0 0 0 0 0 0 0 0 0 0 0 0 0 4 9 9 9 9 9 9 9 5 5 5 5 5 7 7 7 7 7 7 7 9 9 7 7 7 7 7 7 7 5 0 0 0 0 0 0 0 0 0 0 0 0 0 0 0 0 0 0 0 0 0 0 0 0 0 0 0 0 0 5 9 5 0 0 0 5 9 9 5 5 5 9 9 5 9 9 5 9 5 9 5 9 5 9 9 9 9 9 9 9 9 9 9 9 9 0 0 0 0 0 0 0 0 0 0 0 0 0 0 0 0 0 0 0 0 0 0 0 0 0 0 0 0 0 0 0 0 0 0 0 0 0 0 0 0 0 0 0 0 0 0 0 0 0 0 0 0 0 0 0 0 0 0 0 0 0 0 0 0 0 0 0 0 0 0 0 0 0 0 0 0 0 0 0 0 0 0 0 0 0 0 0 0 0 0 0 0 0 0 0 0 0 0 0 0 0 0 0 0 0 0 0 0 0 0 0 0 0 0 0 0 0 0 0 0 0 0 0 0 0 0 0 0 0 9 5 5 5 5 5 5 5 9 9 9 9 9 9 9
17
0 0 0 0 0 4 3 3 3 3 4 4 4 4 4 4 4
222
L 100 L 101 L 102 L 32 L 112 L 40 L 112 L 41 L 58 L 10 L 32 L 102 L 111 L 114 L 32 L 101 L 32 L 105 L 110 L 32 L 114 L 97 L 110 L 103 L 101 L 40 L 56 M 4 20 M 5 21 L 100 L 32 M 9 21 L 49 L 44 L 108 L 101 L 110 M 3 47 M 5 28 M 5 29 L 114 M 24 29 L 32 L 105 L 102 L 32 L 51 L 60 M 4 18 L 123 L 112 L 91 L 100 L 93 L 91 L 114 L 93 L 44 M 3 8 L 45 L 49 M 8 10 M 3 8 M 3 13 M 9 20 M 3 12 L 125 M 7 57 L 32 L 108 L 61 L 91 L 91 L 48 L 93 L 42 L 53 M 18 147 L 93 L 32 L 59 L 108 M 3 27 M 3 30 L 61 L 49 L 59 L 105 L 61 L 91 L 40 L 48 L 44 L 48 L 41 L 93 M 6 54 L 119 L 104 L 105 L 108 M 3 45 M 7 68 L 32 L 40 L 102 L 44 L 97 L 41 L 44 L 42 L 105 L 61 L 105 L 59 M 3 100 L 43 L 102 M 5 100 L 45 L 97 L 93 L 124 L 61 M 9 125 M 4 25 M 3 20 M 4 27 L 43 M 7 25 M 6 160 M 7 67 M 4 127 L 110 L 32 M 9 127 L 57 M 8 160 M 5 220 L 48 L 60 L 102 L 43 L 110 L 37 L 51 L 60 L 54 L 32 L 97 L 110 L 100 M 3 14 L 97 L 43 L 110 L 47 L 47 M 8 15 L 49 L 45 L 108 L 91 M 5 31 M 4 80 M 6 26 M 3 10 M 6 41 M 5 142 M 8 28 L 114 L 43 M 9 30 L 61 M 7 153 L 93 M 9 102 L 32 M 20 69 M 4 249 L 43 L 61 L 91 L 40 M 7 26 L 44 M 8 25 M 5 263 L 112 L 91 L 58 L 93 L 61 L 109 L 97 L 112 L 40 L 108 L 105 L 115 L 116 L 44 L 122 L 105 L 112 L 40 L 42 M 3 19 L 58 M 3 55 L 41 L 41 L 10 L 32 L 114 L 101 L 116 L 117 L 114 L 110 L 32 L 112
=======
0 0 0 0 3 2 0 0 2 0 0 0 0 0 0 0 2 4 4
286
0 0 0 0 0 0 0 0 0 0 8 0 0 0 0 0 0 0 0 0 0 0 0 0 0 0 0 0 0 0 0 0 4 0 0 0 0 0 0 0 5 5 5 5 5 5 8 8 8 8 8 8 8 8 8 8 8 8 5 8 8 5 8 0 0 0 0 0 0 0 0 0 0 0 0 0 0 0 0 0 0 0 0 0 0 0 0 0 0 0 0 5 8 5 8 8 8 8 8 8 8 5 4 8 8 8 8 8 8 8 4 5 5 8 5 8 8 8 8 8 8 8 8 8 8 8 0 0 0 0 0 0 0 0 0 0 0 0 0 0 0 0 0 0 0 0 0 0 0 0 0 0 0 0 0 0 0 0 0 0 0 0 0 0 0 0 0 0 0 0 0 0 0 0 0 0 0 0 0 0 0 0 0 0 0 0 0 0 0 0 0 0 0 0 0 0 0 0 0 0 0 0 0 0 0 0 0 0 0 0 0 0 0 0 0 0 0 0 0 0 0 0 0 0 0 0 0 0 0 0 0 0 0 0 0 0 0 0 0 0 0 0 0 0 0 0 0 0 0 0 0 0 0 0 0 0 8 4 5 5 8 5 8 8 8 8 8 8 8 8 8 0 0 0 0 0 0 0 8 0 0 0 0 0 0 8
19
5 5 5 5 5 5 4 4 4 4 4 4 4 4 4 4 4 4 4
184
L 100 L 101 L 102 L 32 L 112 L 40 L 102 L 41 L 58 L 10 L 32 L 102 L 111 L 114 L 32 L 110 L 32 L 105 L 110 L 32 L 114 L 97 L 110 L 103 L 101 L 40 L 56 M 4 20 M 5 21 L 111 M 10 21 L 108 L 101 L 110 M 3 45 L 45 L 49 M 5 28 M 5 29 L 114 M 24 29 L 32 L 105 L 102 L 32 L 51 L 60 M 4 20 L 123 L 102 L 91 L 111 L 93 L 91 L 114 L 93 L 44 M 3 8 L 43 L 49 M 7 10 M 4 18 M 3 13 M 7 20 M 5 12 L 125 M 7 57 L 32 L 101 L 61 L 91 L 40 L 111 L 44 L 114 L 41 L 93 L 59 M 4 10 L 110 L 44 L 112 L 41 M 14 156 M 7 106 M 5 22 L 112 M 17 22 M 3 120 L 102 L 91 L 110 L 93 L 91 L 112 L 93 L 61 L 61 M 7 122 L 62 L 48 M 4 142 L 97 L 110 L 121 L 40 L 40 L 102 L 45 L 110 L 41 L 42 L 42 L 50 L 43 L 40 L 114 L 45 L 112 M 4 9 L 60 L 51 M 5 199 L 102 L 44 M 5 201 L 101 M 258 116 M 93 116 L 102 L 61 L 91 L 91 M 7 65 L 111 L 114 L 40 M 3 127 L 50 L 42 M 3 506 M 3 46 M 5 32 L 42 M 9 535 M 4 29 L 50 L 42 L 111 M 3 27 L 110 L 44 M 10 29 M 7 574 M 22 155 L 93 M 22 200 L 93 M 4 709 L 91 L 58 L 93 L 61 L 122 L 105 L 112 L 40 L 42 M 3 10 L 58 L 45 L 49 L 93 L 41 L 10 L 32 L 114 L 101 L 116 L 117 L 114 L 110 L 32 L 102
>>>>>>> b9c96cd9d (285)
