13
A 15
26 122 132 186 206 263 274 287 304 314 327 347 358 376 386
B 6
18 184 204 228 285 325
C 4
12 54 88 158
D 3
0 86 156
_ 2
43 98
c 2
47 396
g 21
38 56 90 124 134 160 188 208 241 265 276 289 306 316 329 336 349 360 378 388 406
i 10
71 79 111 120 143 149 179 243 254 338
j 4
199 246 296 368
k 7
45 113 130 260 302 344 374
l 5
100 271 312 355 384
t 5
223 257 299 341 371
v 5
68 73 81 151 169
0 1 1 1 1 1 1 1 1 1 1 1 1
1 0 1 1 1 1 1 1 1 1 1 1 0
1 1 0 1 1 1 1 1 1 1 1 1 1
1 1 1 0 1 1 1 1 1 1 1 1 1
1 1 1 1 0 1 1 1 1 1 1 1 0
1 1 1 1 1 0 1 1 1 1 1 1 0
1 1 1 1 1 1 0 1 1 1 1 1 1
1 1 1 1 1 1 1 0 1 1 1 1 1
1 1 1 1 1 1 1 1 0 1 1 1 0
1 1 1 1 1 1 1 1 1 0 1 1 1
1 1 1 1 1 1 1 1 1 1 0 1 0
1 1 1 1 1 1 1 1 1 1 1 0 0
1 0 1 1 0 0 1 1 0 1 0 0 0
