ARCのケースに対して、list[list[int]] -> list[list[int]] のシグネチャを持つ関数`p`をPythonで実装してください。つまり、`def p(g):...` か `p=lambda g:...`というコードが期待されます。
コードはshortcodingのcompetitionに用いるため、アルゴリズムを工夫してできる限り短いコードを生成するよう努めてください。

Example 0:

Input:
0 0 0 0 1 1 4 0 2 0 0 0 0 2 0 5
0 0 0 3 5 0 0 0 9 9 8 0 4 0 5 8
1 0 8 2 8 0 0 6 0 8 5 0 0 0 8 0
0 0 0 2 2 2 0 0 0 0 0 6 0 0 0 0
0 0 1 2 2 2 0 0 1 9 5 0 0 2 0 4
0 4 0 2 2 2 0 2 0 0 7 0 0 0 0 0
3 0 6 2 2 2 0 0 0 3 5 0 7 0 0 0
7 0 4 6 0 0 4 7 7 3 0 2 0 0 7 1
0 7 0 0 0 0 0 9 7 7 0 0 0 8 5 2
1 5 6 4 9 3 0 3 0 0 0 0 0 9 4 6
0 2 4 0 0 0 0 0 0 0 2 0 1 6 0 0
0 0 0 5 0 0 0 0 0 0 0 0 0 0 2 4
0 0 6 0 0 0 0 0 6 0 0 2 0 0 0 0
0 3 0 0 7 0 2 0 7 9 0 0 0 0 0 0
0 0 5 0 7 0 0 0 0 0 0 0 6 5 3 0
1 0 0 9 0 0 0 2 0 0 0 1 0 0 9 0
Output:
0 0 0 0 0 0 0 0 0 0 0 0 0 0 0 0
0 0 0 0 0 0 0 0 0 0 0 0 0 0 0 0
0 0 0 0 0 0 0 0 0 0 0 0 0 0 0 0
0 0 0 2 2 2 0 0 0 0 0 0 0 0 0 0
0 0 0 2 2 2 0 0 0 0 0 0 0 0 0 0
0 0 0 2 2 2 0 0 0 0 0 0 0 0 0 0
0 0 0 2 2 2 0 0 0 0 0 0 0 0 0 0
0 0 0 0 0 0 0 0 0 0 0 0 0 0 0 0
0 0 0 0 0 0 0 0 0 0 0 0 0 0 0 0
0 0 0 0 0 0 0 0 0 0 0 0 0 0 0 0
0 0 0 0 0 0 0 0 0 0 0 0 0 0 0 0
0 0 0 0 0 0 0 0 0 0 0 0 0 0 0 0
0 0 0 0 0 0 0 0 0 0 0 0 0 0 0 0
0 0 0 0 0 0 0 0 0 0 0 0 0 0 0 0
0 0 0 0 0 0 0 0 0 0 0 0 0 0 0 0
0 0 0 0 0 0 0 0 0 0 0 0 0 0 0 0

Example 1:

Input:
0 0 7 0 0 6 0 6 0 0 0 7 3 0 0 0
0 0 3 0 0 1 0 0 8 0 0 2 0 0 0 0
0 0 0 0 3 9 0 0 0 0 0 0 0 8 0 8
2 2 0 2 9 0 0 0 0 1 0 2 0 0 0 0
0 5 2 0 0 7 0 6 0 0 0 3 0 0 1 0
4 4 0 3 9 0 0 0 0 7 0 2 0 0 0 0
8 0 0 0 0 6 0 0 0 8 0 0 3 0 0 0
0 9 0 0 0 4 8 0 0 0 7 0 0 0 0 0
0 0 9 5 0 0 0 0 4 6 0 1 4 0 0 0
0 0 0 0 0 0 0 0 3 1 0 8 0 5 9 4
0 9 3 9 0 3 0 0 5 6 7 0 5 0 0 0
0 0 6 6 6 6 6 6 6 0 0 0 0 7 0 0
0 4 6 6 6 6 6 6 6 0 0 4 4 6 0 2
0 5 0 0 0 0 4 5 3 0 8 0 0 0 6 9
0 0 9 7 5 0 0 0 0 0 0 0 1 0 7 1
0 8 0 0 0 0 0 1 0 3 0 0 3 8 7 0
Output:
0 0 0 0 0 0 0 0 0 0 0 0 0 0 0 0
0 0 0 0 0 0 0 0 0 0 0 0 0 0 0 0
0 0 0 0 0 0 0 0 0 0 0 0 0 0 0 0
0 0 0 0 0 0 0 0 0 0 0 0 0 0 0 0
0 0 0 0 0 0 0 0 0 0 0 0 0 0 0 0
0 0 0 0 0 0 0 0 0 0 0 0 0 0 0 0
0 0 0 0 0 0 0 0 0 0 0 0 0 0 0 0
0 0 0 0 0 0 0 0 0 0 0 0 0 0 0 0
0 0 0 0 0 0 0 0 0 0 0 0 0 0 0 0
0 0 0 0 0 0 0 0 0 0 0 0 0 0 0 0
0 0 0 0 0 0 0 0 0 0 0 0 0 0 0 0
0 0 6 6 6 6 6 6 6 0 0 0 0 0 0 0
0 0 6 6 6 6 6 6 6 0 0 0 0 0 0 0
0 0 0 0 0 0 0 0 0 0 0 0 0 0 0 0
0 0 0 0 0 0 0 0 0 0 0 0 0 0 0 0
0 0 0 0 0 0 0 0 0 0 0 0 0 0 0 0

Example 2:

Input:
3 0 0 0 0 0 6 2 0 0 0 5 0 0 0 3
0 7 0 0 0 0 9 0 0 0 0 0 0 0 5 0
0 0 0 0 0 8 8 0 7 7 7 0 0 0 0 4
0 2 0 0 0 0 0 0 7 7 7 0 2 0 5 0
0 8 0 0 9 6 1 7 7 7 7 0 0 0 0 0
5 0 0 0 0 3 6 0 6 0 0 3 3 0 0 0
0 4 0 2 0 0 0 0 0 0 0 0 0 0 4 0
9 0 0 0 0 0 0 0 0 3 0 8 0 0 0 0
0 0 3 0 0 0 0 6 0 9 0 0 0 0 0 0
9 0 0 0 1 0 0 3 0 8 0 0 0 0 0 0
0 0 0 0 0 0 0 0 0 0 3 3 0 0 7 0
0 0 0 0 0 0 0 4 0 0 0 0 0 5 0 0
4 0 0 1 7 0 3 0 0 7 5 0 0 0 0 0
0 0 0 0 0 1 7 2 0 0 5 0 0 1 0 4
0 0 0 0 0 0 0 3 0 0 2 0 0 0 0 0
0 2 0 0 0 7 9 0 0 0 5 0 2 0 3 0
Output:
0 0 0 0 0 0 0 0 0 0 0 0 0 0 0 0
0 0 0 0 0 0 0 0 0 0 0 0 0 0 0 0
0 0 0 0 0 0 0 0 7 7 7 0 0 0 0 0
0 0 0 0 0 0 0 0 7 7 7 0 0 0 0 0
0 0 0 0 0 0 0 0 7 7 7 0 0 0 0 0
0 0 0 0 0 0 0 0 0 0 0 0 0 0 0 0
0 0 0 0 0 0 0 0 0 0 0 0 0 0 0 0
0 0 0 0 0 0 0 0 0 0 0 0 0 0 0 0
0 0 0 0 0 0 0 0 0 0 0 0 0 0 0 0
0 0 0 0 0 0 0 0 0 0 0 0 0 0 0 0
0 0 0 0 0 0 0 0 0 0 0 0 0 0 0 0
0 0 0 0 0 0 0 0 0 0 0 0 0 0 0 0
0 0 0 0 0 0 0 0 0 0 0 0 0 0 0 0
0 0 0 0 0 0 0 0 0 0 0 0 0 0 0 0
0 0 0 0 0 0 0 0 0 0 0 0 0 0 0 0
0 0 0 0 0 0 0 0 0 0 0 0 0 0 0 0

Example 3:

Input:
0 0 1 7 3 0 0 0 0 0 1 2 0 4 7 0
0 0 0 3 0 0 6 8 0 0 0 0 0 0 0 0
6 0 0 8 0 1 0 0 1 0 0 0 7 0 4 8
0 3 8 0 0 0 3 0 8 0 0 0 0 0 0 0
5 0 0 0 1 0 0 8 0 0 3 8 0 0 5 0
0 8 0 0 0 0 0 0 0 0 3 7 0 0 0 0
0 1 1 0 0 0 0 0 0 0 0 8 0 5 0 7
0 0 0 0 0 0 0 9 0 0 2 7 0 7 0 0
9 4 0 2 1 0 0 0 0 0 7 0 0 0 9 0
0 0 0 0 0 1 0 0 0 0 0 0 0 0 1 5
0 8 9 4 0 5 5 5 5 5 5 3 0 0 0 0
0 0 3 0 6 5 5 5 5 5 5 0 1 4 0 0
9 5 2 0 0 5 1 3 0 0 6 2 0 0 1 5
0 7 0 0 0 0 1 6 0 7 0 3 0 6 0 0
0 0 9 0 0 3 7 7 0 6 0 0 8 0 0 0
5 0 0 0 0 0 8 0 0 0 0 0 0 0 0 9
Output:
0 0 0 0 0 0 0 0 0 0 0 0 0 0 0 0
0 0 0 0 0 0 0 0 0 0 0 0 0 0 0 0
0 0 0 0 0 0 0 0 0 0 0 0 0 0 0 0
0 0 0 0 0 0 0 0 0 0 0 0 0 0 0 0
0 0 0 0 0 0 0 0 0 0 0 0 0 0 0 0
0 0 0 0 0 0 0 0 0 0 0 0 0 0 0 0
0 0 0 0 0 0 0 0 0 0 0 0 0 0 0 0
0 0 0 0 0 0 0 0 0 0 0 0 0 0 0 0
0 0 0 0 0 0 0 0 0 0 0 0 0 0 0 0
0 0 0 0 0 0 0 0 0 0 0 0 0 0 0 0
0 0 0 0 0 5 5 5 5 5 5 0 0 0 0 0
0 0 0 0 0 5 5 5 5 5 5 0 0 0 0 0
0 0 0 0 0 0 0 0 0 0 0 0 0 0 0 0
0 0 0 0 0 0 0 0 0 0 0 0 0 0 0 0
0 0 0 0 0 0 0 0 0 0 0 0 0 0 0 0
0 0 0 0 0 0 0 0 0 0 0 0 0 0 0 0

Example 4:

Input:
8 0 0 5 0 5 8 0 0 0 8 3 4 9 6 9
0 2 8 1 5 2 3 0 0 6 5 1 8 1 6 0
0 0 4 0 1 4 0 0 7 0 8 8 2 2 1 2
0 9 0 1 0 9 0 5 0 0 2 3 0 3 0 3
0 0 0 0 0 7 0 0 7 7 0 9 0 0 0 7
0 0 0 3 0 0 4 0 0 0 9 8 5 0 4 5
0 0 3 0 0 6 7 0 9 3 8 0 0 6 0 0
0 5 5 0 3 2 0 3 2 0 0 0 4 5 0 4
0 5 9 5 0 0 9 0 4 0 0 6 0 0 8 5
3 2 6 7 7 0 0 2 0 4 0 0 2 0 0 9
9 4 0 0 2 0 0 0 8 0 1 0 0 0 1 0
8 4 2 0 0 7 0 1 3 3 3 3 3 3 0 0
3 5 0 0 8 8 0 0 3 3 3 3 3 3 0 7
0 0 0 0 7 3 9 3 0 4 0 0 0 0 2 0
0 5 6 0 0 0 0 0 0 0 0 6 3 0 7 9
0 0 0 0 0 0 0 0 3 0 2 0 2 9 0 2
Output:
0 0 0 0 0 0 0 0 0 0 0 0 0 0 0 0
0 0 0 0 0 0 0 0 0 0 0 0 0 0 0 0
0 0 0 0 0 0 0 0 0 0 0 0 0 0 0 0
0 0 0 0 0 0 0 0 0 0 0 0 0 0 0 0
0 0 0 0 0 0 0 0 0 0 0 0 0 0 0 0
0 0 0 0 0 0 0 0 0 0 0 0 0 0 0 0
0 0 0 0 0 0 0 0 0 0 0 0 0 0 0 0
0 0 0 0 0 0 0 0 0 0 0 0 0 0 0 0
0 0 0 0 0 0 0 0 0 0 0 0 0 0 0 0
0 0 0 0 0 0 0 0 0 0 0 0 0 0 0 0
0 0 0 0 0 0 0 0 0 0 0 0 0 0 0 0
0 0 0 0 0 0 0 0 3 3 3 3 3 3 0 0
0 0 0 0 0 0 0 0 3 3 3 3 3 3 0 0
0 0 0 0 0 0 0 0 0 0 0 0 0 0 0 0
0 0 0 0 0 0 0 0 0 0 0 0 0 0 0 0
0 0 0 0 0 0 0 0 0 0 0 0 0 0 0 0

Example 5:

Input:
7 0 0 0 5 6 0 0 0 0 0 1 7 0 1 5
0 0 0 6 0 5 2 5 0 7 6 0 0 0 1 0
9 6 0 4 0 2 2 2 2 2 2 2 0 2 1 3
0 0 9 6 0 2 2 2 2 2 2 0 1 0 7 3
6 7 0 0 7 0 7 0 4 7 0 0 0 0 0 0
4 0 3 0 0 0 3 0 0 0 9 1 9 9 7 0
5 3 4 1 0 0 1 0 5 0 0 0 0 0 9 8
0 0 0 7 0 5 6 0 0 0 0 3 0 0 0 0
2 3 0 0 9 1 9 0 5 6 9 0 6 0 1 1
4 8 0 0 0 1 0 4 9 0 0 3 7 6 0 4
0 0 9 0 5 0 0 6 0 0 0 0 4 0 6 6
8 8 9 8 5 4 0 3 7 3 8 1 0 0 0 0
6 0 0 0 9 0 0 0 0 7 1 0 0 0 3 0
0 0 2 5 6 0 9 5 0 3 0 0 0 2 0 0
1 0 9 4 5 1 7 0 0 7 9 9 3 9 0 0
0 2 0 0 0 0 0 2 3 7 0 0 0 0 0 0
Output:
0 0 0 0 0 0 0 0 0 0 0 0 0 0 0 0
0 0 0 0 0 0 0 0 0 0 0 0 0 0 0 0
0 0 0 0 0 2 2 2 2 2 2 0 0 0 0 0
0 0 0 0 0 2 2 2 2 2 2 0 0 0 0 0
0 0 0 0 0 0 0 0 0 0 0 0 0 0 0 0
0 0 0 0 0 0 0 0 0 0 0 0 0 0 0 0
0 0 0 0 0 0 0 0 0 0 0 0 0 0 0 0
0 0 0 0 0 0 0 0 0 0 0 0 0 0 0 0
0 0 0 0 0 0 0 0 0 0 0 0 0 0 0 0
0 0 0 0 0 0 0 0 0 0 0 0 0 0 0 0
0 0 0 0 0 0 0 0 0 0 0 0 0 0 0 0
0 0 0 0 0 0 0 0 0 0 0 0 0 0 0 0
0 0 0 0 0 0 0 0 0 0 0 0 0 0 0 0
0 0 0 0 0 0 0 0 0 0 0 0 0 0 0 0
0 0 0 0 0 0 0 0 0 0 0 0 0 0 0 0
0 0 0 0 0 0 0 0 0 0 0 0 0 0 0 0

Example 6:

Input:
1 8 0 4 0 4 0 8 2 6 3 7 0 0 0 3
7 3 9 1 4 0 5 0 0 9 7 2 7 0 1 0
0 6 6 0 5 2 0 2 0 8 0 0 0 1 6 0
0 6 6 9 0 0 1 1 0 0 7 7 0 0 7 0
0 6 6 0 4 0 0 7 0 0 2 9 2 0 2 0
3 6 6 3 6 0 9 1 0 0 0 0 8 4 0 1
4 6 6 0 1 6 0 0 4 4 7 0 0 5 9 0
0 0 0 2 0 2 0 7 9 2 4 9 9 0 0 0
0 0 0 9 0 0 0 0 3 0 0 0 3 0 1 0
0 0 6 9 0 5 0 9 0 0 0 0 0 0 0 0
6 0 1 2 3 0 0 0 0 9 3 0 5 0 5 8
0 0 9 5 0 0 0 0 0 0 0 9 0 4 0 2
0 0 7 0 0 2 0 2 5 0 1 7 0 7 4 0
1 0 0 0 0 3 0 4 0 0 0 0 0 0 0 8
8 0 1 0 2 0 0 1 2 5 0 7 9 0 0 0
0 6 1 0 5 5 0 2 0 0 0 0 0 0 2 2
Output:
0 0 0 0 0 0 0 0 0 0 0 0 0 0 0 0
0 0 0 0 0 0 0 0 0 0 0 0 0 0 0 0
0 6 6 0 0 0 0 0 0 0 0 0 0 0 0 0
0 6 6 0 0 0 0 0 0 0 0 0 0 0 0 0
0 6 6 0 0 0 0 0 0 0 0 0 0 0 0 0
0 6 6 0 0 0 0 0 0 0 0 0 0 0 0 0
0 6 6 0 0 0 0 0 0 0 0 0 0 0 0 0
0 0 0 0 0 0 0 0 0 0 0 0 0 0 0 0
0 0 0 0 0 0 0 0 0 0 0 0 0 0 0 0
0 0 0 0 0 0 0 0 0 0 0 0 0 0 0 0
0 0 0 0 0 0 0 0 0 0 0 0 0 0 0 0
0 0 0 0 0 0 0 0 0 0 0 0 0 0 0 0
0 0 0 0 0 0 0 0 0 0 0 0 0 0 0 0
0 0 0 0 0 0 0 0 0 0 0 0 0 0 0 0
0 0 0 0 0 0 0 0 0 0 0 0 0 0 0 0
0 0 0 0 0 0 0 0 0 0 0 0 0 0 0 0

Example 7:

Input:
0 0 0 9 0 7 1 0 4 1 0 0 1 0 0 0
1 2 0 0 7 9 0 0 7 2 0 3 0 0 5 0
0 0 7 0 0 0 1 5 2 9 8 0 0 3 0 0
0 6 0 0 0 0 2 8 0 4 0 1 1 1 1 0
0 9 1 2 0 8 0 1 0 0 4 1 1 1 1 6
8 6 3 0 0 0 2 0 0 0 6 1 1 1 1 0
6 0 0 0 9 1 0 0 0 8 0 1 1 1 1 0
7 8 6 7 0 0 0 0 8 0 8 5 0 6 0 4
4 0 0 2 0 4 9 0 3 0 8 8 2 0 0 0
0 3 0 9 0 0 4 9 8 0 6 0 4 7 2 0
2 0 0 5 3 0 0 0 0 5 1 0 0 7 0 0
0 2 0 7 5 4 0 5 0 4 4 5 0 2 0 0
0 0 3 0 0 6 5 0 0 0 6 0 3 0 0 0
0 8 0 1 0 0 8 6 3 0 9 8 0 0 3 0
0 7 4 6 0 0 0 7 0 0 0 6 4 4 5 0
0 2 5 7 2 4 0 0 0 0 1 0 0 1 0 5
Output:
0 0 0 0 0 0 0 0 0 0 0 0 0 0 0 0
0 0 0 0 0 0 0 0 0 0 0 0 0 0 0 0
0 0 0 0 0 0 0 0 0 0 0 0 0 0 0 0
0 0 0 0 0 0 0 0 0 0 0 1 1 1 1 0
0 0 0 0 0 0 0 0 0 0 0 1 1 1 1 0
0 0 0 0 0 0 0 0 0 0 0 1 1 1 1 0
0 0 0 0 0 0 0 0 0 0 0 1 1 1 1 0
0 0 0 0 0 0 0 0 0 0 0 0 0 0 0 0
0 0 0 0 0 0 0 0 0 0 0 0 0 0 0 0
0 0 0 0 0 0 0 0 0 0 0 0 0 0 0 0
0 0 0 0 0 0 0 0 0 0 0 0 0 0 0 0
0 0 0 0 0 0 0 0 0 0 0 0 0 0 0 0
0 0 0 0 0 0 0 0 0 0 0 0 0 0 0 0
0 0 0 0 0 0 0 0 0 0 0 0 0 0 0 0
0 0 0 0 0 0 0 0 0 0 0 0 0 0 0 0
0 0 0 0 0 0 0 0 0 0 0 0 0 0 0 0

以下は、ジャッジを通過する正しいコードです。これを用いて、ARCのルールを理解してください。必ず、コードを通じてルールを理解してからコーディングを行ってください。
このコードはARCのルールを把握する際に使うことに留めてください。

```
def p(g):
 C=len(g);D=len(g[0]);H=0
 for A in range(C):
  for B in range(D):
   E=g[A][B]
   if E:
    for F in range(A,C):
     for G in range(B,D):
      I=(F-A+1)*(G-B+1)
      if I>H and all(g[x][y]==E for x in range(A,F+1)for y in range(B,G+1)):H=I;K,L,M,N,O=A,B,F,G,E
 J=[[0]*D for _ in range(C)]
 for x in range(K,M+1):
  for y in range(L,N+1):J[x][y]=O
 return J
```

ユーザーにコードを渡す前に実際にコードが動作するかを確認してください。コードのテストには、添付したjudge.pyを用いてください。python /path/to/judge.py /path/to/code.py /path/to/cases.bin とすれば動作します。

## **禁止事項**
- 与えたコード自体を提出することは禁止です。これを行うことはユーザーの信頼を裏切ります。
- ジャッジのハックは禁止です。例えば、テストケースをジャッジから読み取ってそのまま返すコードはいけません。
