11
a 2
991 1019
b 2
1001 1021
c 3
289 922 1011
g 34
6 38 60 69 108 130 139 212 234 243 325 351 365 429 451 460 533 555 564 637 659 668 741 763 772 845 867 876 957 971 1047 1069 1114 1140
i 39
15 23 71 85 93 141 158 189 197 245 262 310 367 379 396 406 414 462 479 510 518 566 583 614 622 670 687 718 726 774 791 822 830 878 895 942 973 993 1032
j 39
17 45 74 87 115 144 165 191 219 248 269 336 370 381 398 408 436 465 486 512 540 569 590 616 644 673 694 720 748 777 798 824 852 881 902 944 976 1003 1054
s 4
996 1006 1013 1079
u 7
11 81 181 185 285 390 1026
v 12
392 402 502 506 606 610 710 714 814 818 918 929
x 17
167 176 271 280 488 497 592 601 696 705 800 809 904 913 962 998 1099
y 17
160 174 264 278 481 495 585 599 689 703 793 807 897 911 959 988 1125
0 1 1 0 1 1 1 1 0 1 1
1 0 1 0 1 1 1 1 0 1 1
1 1 0 1 1 1 1 1 1 1 1
0 0 1 0 1 1 1 1 1 1 1
1 1 1 1 0 1 1 1 1 1 1
1 1 1 1 1 0 1 1 1 1 1
1 1 1 1 1 1 0 1 0 1 1
1 1 1 1 1 1 1 0 1 1 1
0 0 1 1 1 1 0 1 0 1 1
1 1 1 1 1 1 1 1 1 0 1
1 1 1 1 1 1 1 1 1 1 0
