10
g 3
1201 1239 1265
f 3
1214 1250 1267
a 4
345 377 1127 1234
p 37
6 38 60 69 108 130 139 240 262 271 370 388 416 430 494 516 525 626 648 657 758 780 789 890 912 921 1022 1044 1053 1159 1173 1195 1225 1293 1315 1360 1386
l 40
15 23 71 85 93 141 157 217 225 273 289 355 432 444 461 471 479 527 543 603 611 659 675 735 743 791 807 867 875 923 939 999 1007 1055 1071 1129 1175 1203 1241 1278
n 40
17 45 74 87 115 144 161 219 247 276 293 401 435 446 463 473 501 530 547 605 633 662 679 737 765 794 811 869 897 926 943 1001 1029 1058 1075 1132 1178 1216 1252 1300
d 18
457 467 554 599 686 731 818 863 950 995 1082 1140 1206 1219 1244 1255 1259 1325
r 7
11 81 168 213 300 455 1272
e 18
163 194 295 326 549 580 681 712 813 844 945 976 1077 1108 1164 1211 1247 1345
o 18
159 174 291 306 545 560 677 692 809 824 941 956 1073 1088 1161 1198 1236 1371
0 1 1 1 1 1 1 1 1 1
1 0 1 1 1 1 1 1 1 1
1 1 0 1 1 1 1 1 1 1
1 1 1 0 1 1 1 1 1 1
1 1 1 1 0 1 1 1 1 1
1 1 1 1 1 0 1 1 1 1
1 1 1 1 1 1 0 1 1 1
1 1 1 1 1 1 1 0 1 1
1 1 1 1 1 1 1 1 0 1
1 1 1 1 1 1 1 1 1 0
