13
I 6
27 67 79 81 119 165
R 3
286 343 390
a 2
207 235
b 2
210 237
f 4
76 262 401 415
g 10
6 53 130 246 258 316 397 411 427 446
i 7
30 36 55 160 264 403 417
j 9
15 58 216 248 260 363 399 413 429
k 5
94 114 132 229 374
l 7
182 255 267 297 338 406 420
u 4
85 111 167 170
x 4
385 408 422 432
y 3
83 136 147
0 1 0 0 1 1 1 1 1 1 1 1 1
1 0 0 0 1 1 1 1 1 1 1 1 1
0 0 0 1 1 1 1 1 1 1 0 0 0
0 0 1 0 1 1 1 1 1 1 0 0 0
1 1 1 1 0 1 1 1 1 1 1 1 1
1 1 1 1 1 0 1 1 1 1 1 1 1
1 1 1 1 1 1 0 1 1 1 1 1 1
1 1 1 1 1 1 1 0 1 1 1 1 1
1 1 1 1 1 1 1 1 0 1 1 1 1
1 1 1 1 1 1 1 1 1 0 1 1 1
1 1 0 0 1 1 1 1 1 1 0 1 1
1 1 0 0 1 1 1 1 1 1 1 0 1
1 1 0 0 1 1 1 1 1 1 1 1 0
