11
r 6
27 67 79 81 119 165
p 3
286 343 390
n 6
207 235 385 408 422 432
e 6
85 111 167 170 210 237
b 4
76 262 401 415
f 10
6 53 130 246 258 316 397 411 427 446
l 7
30 36 55 160 264 403 417
j 9
15 58 216 248 260 363 399 413 429
d 5
94 114 132 229 374
i 7
182 255 267 297 338 406 420
a 3
83 136 147
0 1 1 1 1 1 1 1 1 1 1
1 0 1 1 1 1 1 1 1 1 1
1 1 0 1 1 1 1 1 1 1 1
1 1 1 0 1 1 1 1 1 1 1
1 1 1 1 0 1 1 1 1 1 1
1 1 1 1 1 0 1 1 1 1 1
1 1 1 1 1 1 0 1 1 1 1
1 1 1 1 1 1 1 0 1 1 1
1 1 1 1 1 1 1 1 0 1 1
1 1 1 1 1 1 1 1 1 0 1
1 1 1 1 1 1 1 1 1 1 0
