11
A 3
11 141 1020
c 13
64 267 378 489 600 711 822 997 1007 1017 1038 1057 1102
d 2
837 1087
g 40
6 23 42 74 101 123 132 155 173 200 222 231 284 311 333 342 395 422 444 453 506 533 555 564 617 644 666 675 728 755 777 786 950 974 984 1045 1062 1083 1109 1127
i 19
247 263 358 374 469 485 580 596 691 707 802 818 933 986 1003 1034 1047 1098 1111
j 19
254 265 365 376 476 487 587 598 698 709 809 820 957 991 1005 1036 1052 1100 1114
key 1
34
s 2
1067 1073
v 16
147 165 272 276 383 387 494 498 605 609 716 720 827 1012 1043 1107
x 41
62 72 79 108 137 153 160 171 178 207 236 256 282 289 318 347 367 393 400 429 458 478 504 511 540 569 589 615 622 651 680 700 726 733 762 791 811 901 959 993 1054
y 41
60 70 76 86 134 151 157 169 175 185 233 249 280 286 296 344 360 391 397 407 455 471 502 508 518 566 582 613 619 629 677 693 724 730 740 788 804 873 935 988 1049
0 1 1 1 1 1 0 0 1 1 1
1 0 1 1 1 1 0 0 1 1 1
1 1 0 1 1 1 0 1 1 1 1
1 1 1 0 1 1 0 1 1 1 1
1 1 1 1 0 1 0 0 1 1 1
1 1 1 1 1 0 0 0 1 1 1
0 0 0 0 0 0 0 0 0 0 0
0 0 1 1 0 0 0 0 0 0 0
1 1 1 1 1 1 0 0 0 1 1
1 1 1 1 1 1 0 0 1 0 1
1 1 1 1 1 1 0 0 1 1 0
