10
r 3
11 141 1000
a 13
64 267 378 489 600 711 822 977 987 997 1018 1037 1080
d 2
837 1064
f 40
6 23 42 74 101 123 132 155 173 200 222 231 284 311 333 342 395 422 444 453 506 533 555 564 617 644 666 675 728 755 777 786 937 955 964 1025 1042 1060 1087 1105
e 19
247 263 358 374 469 485 580 596 691 707 802 818 940 966 983 1014 1027 1076 1089
p 19
254 265 365 376 476 487 587 598 698 709 809 820 947 971 985 1016 1032 1078 1092
key 1
34
i 16
147 165 272 276 383 387 494 498 605 609 716 720 827 992 1023 1085
n 41
62 72 79 108 137 153 160 171 178 207 236 256 282 289 318 347 367 393 400 429 458 478 504 511 540 569 589 615 622 651 680 700 726 733 762 791 811 901 949 973 1034
l 41
60 70 76 86 134 151 157 169 175 185 233 249 280 286 296 344 360 391 397 407 455 471 502 508 518 566 582 613 619 629 677 693 724 730 740 788 804 873 942 968 1029
0 1 1 1 1 1 0 1 1 1
1 0 1 1 1 1 0 1 1 1
1 1 0 1 1 1 0 1 1 1
1 1 1 0 1 1 0 1 1 1
1 1 1 1 0 1 0 1 1 1
1 1 1 1 1 0 0 1 1 1
0 0 0 0 0 0 0 0 0 0
1 1 1 1 1 1 0 0 1 1
1 1 1 1 1 1 0 1 0 1
1 1 1 1 1 1 0 1 1 0
