13
s 1
14
o 2
11 326
u 2
16 138
d 6
18 51 70 95 114 140
e 17
6 33 58 77 102 126 165 191 218 246 308 317 342 360 379 392 412
n 4
150 310 334 394
r 4
176 313 345 399
f 5
260 336 354 383 396
key 1
40
l 5
284 347 365 388 401
a 5
120 266 270 290 294
i 4
231 322 363 386
t 4
203 319 352 381
0 1 1 1 1 1 1 1 0 1 1 1 1
1 0 1 1 1 1 1 1 0 1 1 1 1
1 1 0 1 1 1 1 1 0 1 1 1 1
1 1 1 0 1 1 1 1 0 1 1 1 1
1 1 1 1 0 1 1 1 0 1 1 1 1
1 1 1 1 1 0 1 1 0 1 1 1 1
1 1 1 1 1 1 0 1 0 1 1 1 1
1 1 1 1 1 1 1 0 0 1 1 1 1
0 0 0 0 0 0 0 0 0 0 0 0 0
1 1 1 1 1 1 1 1 0 0 1 1 1
1 1 1 1 1 1 1 1 0 1 0 1 1
1 1 1 1 1 1 1 1 0 1 1 0 1
1 1 1 1 1 1 1 1 0 1 1 1 0
