ARCのケースに対して、list[list[int]] -> list[list[int]] のシグネチャを持つ関数`p`をPythonで実装してください。つまり、`def p(g):...` か `p=lambda g:...`というコードが期待されます。
コードはshortcodingのcompetitionに用いるため、アルゴリズムを工夫してできる限り短いコードを生成するよう努めてください。

Example 0:

Input:
0 0 0 0 0 0 0 0 0 0
0 0 0 0 0 0 0 0 0 0
0 0 0 0 0 0 0 0 0 0
0 0 0 0 0 0 0 0 0 0
0 0 0 0 0 0 0 0 0 0
0 0 0 0 0 0 0 0 0 0
0 0 0 0 0 0 0 0 0 0
0 0 0 0 0 0 0 0 0 0
0 0 0 0 0 0 0 0 0 0
0 2 0 0 0 0 0 0 0 0
Output:
0 2 5 2 0 2 5 2 0 2
0 2 0 2 0 2 0 2 0 2
0 2 0 2 0 2 0 2 0 2
0 2 0 2 0 2 0 2 0 2
0 2 0 2 0 2 0 2 0 2
0 2 0 2 0 2 0 2 0 2
0 2 0 2 0 2 0 2 0 2
0 2 0 2 0 2 0 2 0 2
0 2 0 2 0 2 0 2 0 2
0 2 0 2 5 2 0 2 5 2

Example 1:

Input:
0 0 0 0 0 0 0 0 0 0
0 0 0 0 0 0 0 0 0 0
0 0 0 0 0 0 0 0 0 0
0 0 0 0 0 0 0 0 0 0
0 0 0 0 0 0 0 0 0 0
0 0 0 0 0 0 0 0 0 0
0 0 0 0 0 0 0 0 0 0
0 0 0 0 0 0 0 0 0 0
0 0 0 0 0 0 0 0 0 0
0 0 0 0 0 3 0 0 0 0
Output:
0 0 0 0 0 3 5 3 0 3
0 0 0 0 0 3 0 3 0 3
0 0 0 0 0 3 0 3 0 3
0 0 0 0 0 3 0 3 0 3
0 0 0 0 0 3 0 3 0 3
0 0 0 0 0 3 0 3 0 3
0 0 0 0 0 3 0 3 0 3
0 0 0 0 0 3 0 3 0 3
0 0 0 0 0 3 0 3 0 3
0 0 0 0 0 3 0 3 5 3

Example 2:

Input:
0 0 0 0 0 0 0 0 0 0
0 0 0 0 0 0 0 0 0 0
0 0 0 0 0 0 0 0 0 0
0 0 0 0 0 0 0 0 0 0
0 0 0 0 0 0 0 0 0 0
0 0 0 0 0 0 0 0 0 0
0 0 0 0 0 0 0 0 0 0
0 0 0 0 0 0 0 0 0 0
0 0 0 0 0 0 0 0 0 0
0 0 0 0 4 0 0 0 0 0
Output:
0 0 0 0 4 5 4 0 4 5
0 0 0 0 4 0 4 0 4 0
0 0 0 0 4 0 4 0 4 0
0 0 0 0 4 0 4 0 4 0
0 0 0 0 4 0 4 0 4 0
0 0 0 0 4 0 4 0 4 0
0 0 0 0 4 0 4 0 4 0
0 0 0 0 4 0 4 0 4 0
0 0 0 0 4 0 4 0 4 0
0 0 0 0 4 0 4 5 4 0

Example 3:

Input:
0 0 0 0 0 0 0 0 0 0
0 0 0 0 0 0 0 0 0 0
0 0 0 0 0 0 0 0 0 0
0 0 0 0 0 0 0 0 0 0
0 0 0 0 0 0 0 0 0 0
0 0 0 0 0 0 0 0 0 0
0 0 0 0 0 0 0 0 0 0
0 0 0 0 0 0 0 0 0 0
0 0 0 0 0 0 0 0 0 0
0 0 1 0 0 0 0 0 0 0
Output:
0 0 1 5 1 0 1 5 1 0
0 0 1 0 1 0 1 0 1 0
0 0 1 0 1 0 1 0 1 0
0 0 1 0 1 0 1 0 1 0
0 0 1 0 1 0 1 0 1 0
0 0 1 0 1 0 1 0 1 0
0 0 1 0 1 0 1 0 1 0
0 0 1 0 1 0 1 0 1 0
0 0 1 0 1 0 1 0 1 0
0 0 1 0 1 5 1 0 1 5

Example 4:

Input:
0 0 0 0 0 0 0 0 0 0
0 0 0 0 0 0 0 0 0 0
0 0 0 0 0 0 0 0 0 0
0 0 0 0 0 0 0 0 0 0
0 0 0 0 0 0 0 0 0 0
0 0 0 0 0 0 0 0 0 0
0 0 0 0 0 0 0 0 0 0
0 0 0 0 0 0 0 0 0 0
0 0 0 0 0 0 0 0 0 0
0 0 0 0 0 0 0 0 2 0
Output:
0 0 0 0 0 0 0 0 2 5
0 0 0 0 0 0 0 0 2 0
0 0 0 0 0 0 0 0 2 0
0 0 0 0 0 0 0 0 2 0
0 0 0 0 0 0 0 0 2 0
0 0 0 0 0 0 0 0 2 0
0 0 0 0 0 0 0 0 2 0
0 0 0 0 0 0 0 0 2 0
0 0 0 0 0 0 0 0 2 0
0 0 0 0 0 0 0 0 2 0

Example 5:

Input:
0 0 0 0 0 0 0 0 0 0
0 0 0 0 0 0 0 0 0 0
0 0 0 0 0 0 0 0 0 0
0 0 0 0 0 0 0 0 0 0
0 0 0 0 0 0 0 0 0 0
0 0 0 0 0 0 0 0 0 0
0 0 0 0 0 0 0 0 0 0
0 0 0 0 0 0 0 0 0 0
0 0 0 0 0 0 0 0 0 0
0 7 0 0 0 0 0 0 0 0
Output:
0 7 5 7 0 7 5 7 0 7
0 7 0 7 0 7 0 7 0 7
0 7 0 7 0 7 0 7 0 7
0 7 0 7 0 7 0 7 0 7
0 7 0 7 0 7 0 7 0 7
0 7 0 7 0 7 0 7 0 7
0 7 0 7 0 7 0 7 0 7
0 7 0 7 0 7 0 7 0 7
0 7 0 7 0 7 0 7 0 7
0 7 0 7 5 7 0 7 5 7

Example 6:

Input:
0 0 0 0 0 0 0 0 0 0
0 0 0 0 0 0 0 0 0 0
0 0 0 0 0 0 0 0 0 0
0 0 0 0 0 0 0 0 0 0
0 0 0 0 0 0 0 0 0 0
0 0 0 0 0 0 0 0 0 0
0 0 0 0 0 0 0 0 0 0
0 0 0 0 0 0 0 0 0 0
0 0 0 0 0 0 0 0 0 0
0 9 0 0 0 0 0 0 0 0
Output:
0 9 5 9 0 9 5 9 0 9
0 9 0 9 0 9 0 9 0 9
0 9 0 9 0 9 0 9 0 9
0 9 0 9 0 9 0 9 0 9
0 9 0 9 0 9 0 9 0 9
0 9 0 9 0 9 0 9 0 9
0 9 0 9 0 9 0 9 0 9
0 9 0 9 0 9 0 9 0 9
0 9 0 9 0 9 0 9 0 9
0 9 0 9 5 9 0 9 5 9

Example 7:

Input:
0 0 0 0 0 0 0 0 0 0
0 0 0 0 0 0 0 0 0 0
0 0 0 0 0 0 0 0 0 0
0 0 0 0 0 0 0 0 0 0
0 0 0 0 0 0 0 0 0 0
0 0 0 0 0 0 0 0 0 0
0 0 0 0 0 0 0 0 0 0
0 0 0 0 0 0 0 0 0 0
0 0 0 0 0 0 0 0 0 0
0 0 0 0 0 3 0 0 0 0
Output:
0 0 0 0 0 3 5 3 0 3
0 0 0 0 0 3 0 3 0 3
0 0 0 0 0 3 0 3 0 3
0 0 0 0 0 3 0 3 0 3
0 0 0 0 0 3 0 3 0 3
0 0 0 0 0 3 0 3 0 3
0 0 0 0 0 3 0 3 0 3
0 0 0 0 0 3 0 3 0 3
0 0 0 0 0 3 0 3 0 3
0 0 0 0 0 3 0 3 5 3

以下は、ジャッジを通過する正しいコードです。これを用いて、ARCのルールを理解してください。必ず、コードを通じてルールを理解してからコーディングを行ってください。
このコードはARCのルールを把握する際に使うことに留めてください。

```
def p(g):
 B=next(filter(None,g[-1]));C=g[-1].index(B)
 for A in range(C,10,2):
  for D in range(10):g[D][A]=B
 for(E,A)in enumerate(range(C+1,10,2)):g[(E&1)*9][A]=5
 return g
```

ユーザーにコードを渡す前に実際にコードが動作するかを確認してください。コードのテストには、添付したstandalone_judge.pyを用いてください。python /path/to/standalone_judge.py /path/to/code.py とすれば動作します。
このPythonファイルは非常に大きなケースを含むので、あなたのコンテキストを圧迫します。そのため、このファイルを全て読んではいけません。

## **禁止事項**
- 与えたコード自体を提出することは禁止です。これを行うことはユーザーの信頼を裏切ります。
- ジャッジのハックは禁止です。例えば、テストケースをジャッジから読み取ってそのまま返すコードはいけません。
