ARCのケースに対して、list[list[int]] -> list[list[int]] のシグネチャを持つ関数`p`をPythonで実装してください。つまり、`def p(g):...` か `p=lambda g:...`というコードが期待されます。
コードはshortcodingのcompetitionに用いるため、アルゴリズムを工夫してできる限り短いコードを生成するよう努めてください。

Example 0:

Input:
3 3 3 3 3 3 3 4 3 4 3
3 3 3 3 3 3 3 3 3 3 3
3 3 3 3 1 3 3 3 3 3 3
3 3 3 3 3 3 3 3 3 3 3
3 3 1 3 3 3 1 4 3 4 3
3 3 3 3 3 3 3 3 3 3 3
3 3 3 3 1 3 2 3 3 3 2
3 3 3 3 3 3 3 3 3 3 3
8 3 3 3 8 3 3 3 3 3 3
3 3 3 3 3 3 3 3 3 3 3
8 3 3 3 8 3 2 3 3 3 2
3 3 3 3 3 3 3 3 3 3 3
Output:
2 4 1 4 2
8 3 3 3 8
1 3 3 3 1
8 3 3 3 8
2 4 1 4 2

Example 1:

Input:
1 1 1 1 1 1 1 1
1 8 1 8 1 1 1 1
1 1 1 1 1 1 1 1
1 8 1 8 1 1 1 1
1 1 1 1 1 1 1 1
1 1 1 1 3 1 1 1
1 1 1 3 1 3 1 1
1 1 1 1 3 1 1 1
1 1 1 1 1 1 1 1
1 1 1 1 1 1 1 1
Output:
8 3 8
3 1 3
8 3 8

Example 2:

Input:
4 4 4 4 4 4 4 4 4 4 4 4 4 4
4 4 1 4 4 4 1 4 4 4 4 4 4 4
4 4 4 4 4 4 4 4 4 4 4 4 4 4
4 4 4 4 4 4 4 4 4 4 4 4 4 4
4 4 4 4 4 4 4 4 4 4 4 4 4 4
4 4 1 4 4 4 1 4 4 7 4 4 4 4
4 4 4 4 4 4 4 4 4 4 4 4 4 4
4 4 4 4 4 4 4 7 4 4 4 7 4 4
4 4 4 4 4 4 4 4 4 4 4 4 4 4
4 4 4 4 4 4 4 4 4 7 4 4 4 4
4 4 4 4 4 4 4 4 4 4 4 4 4 4
4 4 4 4 4 4 4 4 4 4 4 4 4 4
Output:
1 4 7 4 1
4 4 4 4 4
7 4 4 4 7
4 4 4 4 4
1 4 7 4 1

Example 3:

Input:
8 8 8 8 8 8 8 8 8 8 8 8 8 8 8 8 8 8 8
8 8 8 8 8 8 8 8 8 8 8 8 8 8 8 8 8 8 8
8 8 8 8 8 8 1 8 8 8 8 8 8 8 8 8 8 8 8
8 8 8 8 8 8 8 8 8 8 8 8 8 8 8 8 8 8 8
8 8 8 8 8 8 8 8 8 8 8 8 8 8 8 8 8 8 8
8 8 8 1 8 8 8 8 8 1 8 8 8 8 8 8 8 8 8
8 8 8 8 8 8 8 8 8 8 8 2 8 8 8 8 8 2 8
8 8 8 8 8 8 8 8 8 8 8 8 8 8 8 8 8 8 8
8 8 8 8 8 8 1 8 8 8 8 2 8 8 8 8 8 2 8
8 8 8 3 8 8 8 8 8 3 8 8 8 8 8 8 8 8 8
8 8 8 8 8 8 8 8 8 8 8 8 8 8 6 8 6 8 8
8 8 8 8 8 8 8 8 8 8 8 8 8 8 8 8 8 8 8
8 8 8 8 8 8 8 8 8 8 8 8 8 8 8 8 8 8 8
8 8 8 8 8 8 8 8 8 8 8 8 8 8 8 8 8 8 8
8 8 8 8 8 8 8 8 8 8 8 8 8 8 8 8 8 8 8
8 8 8 3 8 8 8 8 8 3 8 8 8 8 8 8 8 8 8
8 8 8 8 8 8 8 8 8 8 8 8 8 8 6 8 6 8 8
8 8 8 8 8 8 8 8 8 8 8 8 8 8 8 8 8 8 8
Output:
3 8 6 1 6 8 3
8 8 8 8 8 8 8
2 8 8 8 8 8 2
1 8 8 8 8 8 1
2 8 8 8 8 8 2
8 8 8 8 8 8 8
3 8 6 1 6 8 3

Example 4:

Input:
2 2 2 2 2 2 2 2 2 2 2 2 2 2 2 2
2 2 2 2 2 2 2 2 2 2 2 2 2 2 2 2
2 2 2 2 2 2 2 2 2 2 2 2 2 2 2 2
2 2 2 2 2 2 2 2 2 2 2 2 2 2 2 2
2 2 2 2 2 2 2 2 2 2 2 2 2 2 2 2
2 2 2 2 2 2 2 2 2 2 2 2 2 2 2 2
2 3 2 2 2 3 2 2 2 2 2 2 2 2 2 2
2 2 2 2 2 2 2 2 2 2 2 2 2 2 2 2
2 2 2 2 2 2 2 2 2 2 2 2 2 2 2 2
2 2 2 2 2 2 2 2 2 2 2 2 2 2 2 2
2 2 2 2 2 2 2 2 7 2 2 2 2 2 7 2
2 2 2 2 2 2 2 2 2 2 2 2 2 2 2 2
2 3 2 2 2 3 2 2 2 2 5 2 2 2 2 2
2 2 2 2 2 1 2 2 2 2 2 1 2 2 2 2
2 2 2 2 2 2 2 2 2 2 2 2 2 2 2 2
2 2 2 2 2 2 2 5 2 2 2 2 2 5 2 2
2 2 2 2 2 2 2 2 7 2 2 2 2 2 7 2
2 2 2 2 2 1 2 2 2 2 2 1 2 2 2 2
2 2 2 2 2 2 2 2 2 2 5 2 2 2 2 2
2 2 2 2 2 2 2 2 2 2 2 2 2 2 2 2
Output:
7 3 2 5 2 3 7
1 2 2 2 2 2 1
2 2 2 2 2 2 2
5 2 2 2 2 2 5
2 2 2 2 2 2 2
1 2 2 2 2 2 1
7 3 2 5 2 3 7

Example 5:

Input:
6 6 6 6 6 6 6 6 6
6 6 6 6 6 6 6 6 6
6 6 6 6 6 6 6 6 6
6 6 6 6 6 6 6 6 6
6 5 6 5 2 6 6 6 6
6 6 6 2 6 2 6 6 6
6 5 6 5 2 6 6 6 6
6 6 6 6 6 6 6 6 6
6 6 6 6 6 6 6 6 6
6 6 6 6 6 6 6 6 6
Output:
5 2 5
2 6 2
5 2 5

Example 6:

Input:
8 8 8 8 8 8 8
8 8 8 8 8 8 8
8 8 8 8 8 8 8
8 4 8 4 9 8 8
8 8 8 9 8 9 8
8 4 8 4 9 8 8
8 8 8 8 8 8 8
Output:
4 9 4
9 8 9
4 9 4

Example 7:

Input:
3 3 3 3 3 3 3 3 3 3 3 3 3
3 3 3 3 3 3 3 3 3 3 3 3 3
3 3 3 3 3 3 3 3 3 3 3 3 3
3 3 3 3 3 3 3 3 3 3 3 3 3
3 3 3 3 3 3 3 3 3 3 3 3 3
3 3 2 3 3 3 3 3 1 3 3 3 1
3 3 3 3 3 3 3 3 3 3 3 3 3
2 3 3 3 2 3 3 3 1 3 3 3 1
3 3 3 3 3 3 3 3 3 3 3 3 3
3 3 2 3 3 3 3 3 3 3 3 3 3
3 3 3 3 3 3 3 3 3 3 3 3 3
3 3 3 3 3 3 3 3 3 3 3 3 3
3 3 3 3 3 3 3 3 3 3 3 3 3
Output:
3 3 2 3 3
1 3 3 3 1
2 3 3 3 2
1 3 3 3 1
3 3 2 3 3

以下は、ジャッジを通過する正しいコードです。これを用いて、ARCのルールを理解してください。必ず、コードを通じてルールを理解してからコーディングを行ってください。
このコードはARCのルールを把握する際に使うことに留めてください。

```
def p(g):
 *A,b=sorted({*sum(g,[])},key=sum(g,[]).count);u=0
 for c in A:
  y=[i for i in range(len(g))for j in range(len(g[0]))if g[i][j]==c];x=[j for i in range(len(g))for j in range(len(g[0]))if g[i][j]==c];s=max(max(y)-min(y),max(x)-min(x))+1
  if u==0:u=[[b]*s for _ in range(s)]
  for(i,j)in zip(y,x):u[i+(s-max(y)-min(y))//2][j+(s-max(x)-min(x))//2]=c
 return u
```

ユーザーにコードを渡す前に実際にコードが動作するかを確認してください。コードのテストには、添付したjudge.pyを用いてください。python /path/to/judge.py /path/to/code.py /path/to/cases.bin とすれば動作します。

## **禁止事項**
- 与えたコード自体を提出することは禁止です。これを行うことはユーザーの信頼を裏切ります。
- ジャッジのハックは禁止です。例えば、テストケースをジャッジから読み取ってそのまま返すコードはいけません。
