14
A 2
12 67
b 3
14 349 406
c 6
62 242 357 389 414 446
d 4
127 312 316 338
g 13
6 29 44 130 168 190 233 268 295 326 344 384 441
i 6
132 153 192 235 247 297
j 4
141 175 238 274
k 3
138 200 253
key 1
36
l 3
147 217 280
s 6
368 374 394 425 431 451
v 6
351 354 363 408 411 420
x 3
103 145 278
y 3
76 136 251
0 1 1 1 1 0 0 0 0 0 0 0 1 1
1 0 1 1 1 0 0 0 0 0 1 1 1 1
1 1 0 1 1 1 1 1 0 1 1 1 1 1
1 1 1 0 1 0 0 0 0 0 0 0 1 1
1 1 1 1 0 1 1 1 0 1 1 0 1 1
0 0 1 0 1 0 1 1 0 1 0 0 1 1
0 0 1 0 1 1 0 1 0 1 0 0 1 1
0 0 1 0 1 1 1 0 0 1 0 0 1 1
0 0 0 0 0 0 0 0 0 0 0 0 0 0
0 0 1 0 1 1 1 1 0 0 0 0 1 1
0 1 1 0 1 0 0 0 0 0 0 1 0 0
0 1 1 0 0 0 0 0 0 0 1 0 0 0
1 1 1 1 1 1 1 1 0 1 0 0 0 1
1 1 1 1 1 1 1 1 0 1 0 0 1 0
