ARCのケースに対して、list[list[int]] -> list[list[int]] のシグネチャを持つ関数`p`をPythonで実装してください。つまり、`def p(g):...` か `p=lambda g:...`というコードが期待されます。
コードはshortcodingのcompetitionに用いるため、アルゴリズムを工夫してできる限り短いコードを生成するよう努めてください。

Example 0:

Input:
8 5 0
8 5 3
0 3 2
Output:
8 5 0 0 8 8
8 5 3 3 5 5
0 3 2 2 3 0
0 3 2 2 3 0
5 5 3 3 5 8
8 8 0 0 5 8

Example 1:

Input:
3 8 2
3 2 2
8 5 2
Output:
3 8 2 8 3 3
3 2 2 5 2 8
8 5 2 2 2 2
2 2 2 2 5 8
8 2 5 2 2 3
3 3 8 2 8 3

Example 2:

Input:
0 3 0
6 6 6
0 3 0
Output:
0 3 0 0 6 0
6 6 6 3 6 3
0 3 0 0 6 0
0 6 0 0 3 0
3 6 3 6 6 6
0 6 0 0 3 0

Example 3:

Input:
2 5 0
2 5 1
3 1 1
Output:
2 5 0 3 2 2
2 5 1 1 5 5
3 1 1 1 1 0
0 1 1 1 1 3
5 5 1 1 5 2
2 2 3 0 5 2

Example 4:

Input:
2 7 7
1 7 7
1 7 2
Output:
2 7 7 1 1 2
1 7 7 7 7 7
1 7 2 2 7 7
7 7 2 2 7 1
7 7 7 7 7 1
2 1 1 7 7 2

Example 5:

Input:
0 8 0
0 7 5
0 7 7
Output:
0 8 0 0 0 0
0 7 5 7 7 8
0 7 7 7 5 0
0 5 7 7 7 0
8 7 7 5 7 0
0 0 0 0 8 0

Example 6:

Input:
3 2 7
0 0 7
0 7 0
Output:
3 2 7 0 0 3
0 0 7 7 0 2
0 7 0 0 7 7
7 7 0 0 7 0
2 0 7 7 0 0
3 0 0 7 2 3

Example 7:

Input:
4 4 5
0 5 4
4 0 4
Output:
4 4 5 4 0 4
0 5 4 0 5 4
4 0 4 4 4 5
5 4 4 4 0 4
4 5 0 4 5 0
4 0 4 5 4 4

以下は、ジャッジを通過する正しいコードです。これを用いて、ARCのルールを理解してください。必ず、コードを通じてルールを理解してからコーディングを行ってください。
このコードはARCのルールを把握する際に使うことに留めてください。

```
r=lambda x:[[*i]for i in zip(*x[::-1])]
p=lambda g:[a+b for(a,b)in zip(g,r(g))]+[a+b for(a,b)in zip(r(r(r(g))),r(r(g)))]
```

ユーザーにコードを渡す前に実際にコードが動作するかを確認してください。コードのテストには、添付したstandalone_judge.pyを用いてください。python /path/to/standalone_judge.py /path/to/code.py とすれば動作します。
このPythonファイルは非常に大きなケースを含むので、あなたのコンテキストを圧迫します。そのため、このファイルを全て読んではいけません。

## **禁止事項**
- 与えたコード自体を提出することは禁止です。これを行うことはユーザーの信頼を裏切ります。
- ジャッジのハックは禁止です。例えば、テストケースをジャッジから読み取ってそのまま返すコードはいけません。
