ARCのケースに対して、list[list[int]] -> list[list[int]] のシグネチャを持つ関数`p`をPythonで実装してください。つまり、`def p(g):...` か `p=lambda g:...`というコードが期待されます。
コードはshortcodingのcompetitionに用いるため、アルゴリズムを工夫してできる限り短いコードを生成するよう努めてください。

Example 0:

Input:
0 0 4 0 0 4 0 0 4 0 0 4 0 0 4 0 0 4 0 0 4 0 0 4 0 0 4 0 0
0 0 4 0 0 4 0 0 4 0 0 4 0 0 4 0 0 4 0 0 4 0 0 4 0 0 4 0 0
4 4 4 4 4 4 4 4 4 4 4 4 4 4 4 4 4 4 4 4 4 4 4 4 4 4 4 4 4
0 0 4 0 0 4 0 0 4 0 0 4 0 0 4 0 0 4 0 0 4 0 0 4 0 0 4 0 0
0 0 4 0 0 4 0 0 4 0 0 4 0 0 4 0 0 4 0 0 4 0 0 4 0 0 4 0 0
4 4 4 4 4 1 4 4 1 4 4 3 4 4 3 4 4 4 4 4 4 4 4 4 4 4 4 4 4
0 0 4 0 0 4 0 0 4 0 0 4 0 0 4 0 0 4 0 0 4 0 0 4 0 0 4 0 0
0 0 4 0 0 4 0 0 4 0 0 4 0 0 4 0 0 4 0 0 4 0 0 4 0 0 4 0 0
4 4 4 4 4 1 4 4 1 4 4 3 4 4 3 4 4 4 4 4 4 4 4 4 4 4 4 4 4
0 0 4 0 0 4 0 0 4 0 0 4 0 0 4 0 0 4 0 0 4 0 0 4 0 0 4 0 0
0 0 4 0 0 4 0 0 4 0 0 4 0 0 4 0 0 4 0 0 4 0 0 4 0 0 4 0 0
4 4 4 4 4 1 4 4 1 4 4 4 4 4 4 4 4 4 4 4 4 4 4 4 4 4 4 4 4
0 0 4 0 0 4 0 0 4 0 0 4 0 0 4 0 0 4 0 0 4 0 0 4 0 0 4 0 0
0 0 4 0 0 4 0 0 4 0 0 4 0 0 4 0 0 4 0 0 4 0 0 4 0 0 4 0 0
4 4 4 4 4 1 4 4 1 4 4 4 4 4 4 4 4 4 4 4 4 4 4 4 4 4 4 4 4
0 0 4 0 0 4 0 0 4 0 0 4 0 0 4 0 0 4 0 0 4 0 0 4 0 0 4 0 0
0 0 4 0 0 4 0 0 4 0 0 4 0 0 4 0 0 4 0 0 4 0 0 4 0 0 4 0 0
4 4 4 4 4 4 4 4 4 4 4 4 4 4 4 4 4 4 4 4 4 4 4 4 4 4 4 4 4
0 0 4 0 0 4 0 0 4 0 0 4 0 0 4 0 0 4 0 0 4 0 0 4 0 0 4 0 0
0 0 4 0 0 4 0 0 4 0 0 4 0 0 4 0 0 4 0 0 4 0 0 4 0 0 4 0 0
4 4 4 4 4 4 4 4 4 4 4 4 4 4 4 4 4 4 4 4 4 4 4 4 4 4 4 4 4
0 0 4 0 0 4 0 0 4 0 0 4 0 0 4 0 0 4 0 0 4 0 0 4 0 0 4 0 0
0 0 4 0 0 4 0 0 4 0 0 4 0 0 4 0 0 4 0 0 4 0 0 4 0 0 4 0 0
4 4 4 4 4 4 4 4 4 4 4 4 4 4 4 4 4 4 4 4 4 4 4 4 4 4 4 4 4
0 0 4 0 0 4 0 0 4 0 0 4 0 0 4 0 0 4 0 0 4 0 0 4 0 0 4 0 0
0 0 4 0 0 4 0 0 4 0 0 4 0 0 4 0 0 4 0 0 4 0 0 4 0 0 4 0 0
4 4 4 4 4 4 4 4 4 4 4 4 4 4 4 4 4 4 4 4 4 4 4 4 4 4 4 4 4
0 0 4 0 0 4 0 0 4 0 0 4 0 0 4 0 0 4 0 0 4 0 0 4 0 0 4 0 0
0 0 4 0 0 4 0 0 4 0 0 4 0 0 4 0 0 4 0 0 4 0 0 4 0 0 4 0 0
Output:
1 0 3
1 0 0
1 0 0

Example 1:

Input:
0 0 0 3 0 0 0 3 0 0 0 3 0 0 0 3 0 0 0 3 0 0 0 3 0 0 0
0 0 0 3 0 0 0 3 0 0 0 3 0 0 0 3 0 0 0 3 0 0 0 3 0 0 0
0 0 0 3 0 0 0 3 0 0 0 3 0 0 0 3 0 0 0 3 0 0 0 3 0 0 0
3 3 3 3 3 3 3 3 3 3 3 3 3 3 3 3 3 3 3 3 3 3 3 3 3 3 3
0 0 0 3 0 0 0 3 0 0 0 3 0 0 0 3 0 0 0 3 0 0 0 3 0 0 0
0 0 0 3 0 0 0 3 0 0 0 3 0 0 0 3 0 0 0 3 0 0 0 3 0 0 0
0 0 0 3 0 0 0 3 0 0 0 3 0 0 0 3 0 0 0 3 0 0 0 3 0 0 0
3 3 3 3 3 3 3 2 3 3 3 2 3 3 3 3 3 3 3 3 3 3 3 3 3 3 3
0 0 0 3 0 0 0 3 0 0 0 3 0 0 0 3 0 0 0 3 0 0 0 3 0 0 0
0 0 0 3 0 0 0 3 0 0 0 3 0 0 0 3 0 0 0 3 0 0 0 3 0 0 0
0 0 0 3 0 0 0 3 0 0 0 3 0 0 0 3 0 0 0 3 0 0 0 3 0 0 0
3 3 3 2 3 3 3 2 3 3 3 2 3 3 3 3 3 3 3 3 3 3 3 3 3 3 3
0 0 0 3 0 0 0 3 0 0 0 3 0 0 0 3 0 0 0 3 0 0 0 3 0 0 0
0 0 0 3 0 0 0 3 0 0 0 3 0 0 0 3 0 0 0 3 0 0 0 3 0 0 0
0 0 0 3 0 0 0 3 0 0 0 3 0 0 0 3 0 0 0 3 0 0 0 3 0 0 0
3 3 3 2 3 3 3 2 3 3 3 8 3 3 3 8 3 3 3 3 3 3 3 3 3 3 3
0 0 0 3 0 0 0 3 0 0 0 3 0 0 0 3 0 0 0 3 0 0 0 3 0 0 0
0 0 0 3 0 0 0 3 0 0 0 3 0 0 0 3 0 0 0 3 0 0 0 3 0 0 0
0 0 0 3 0 0 0 3 0 0 0 3 0 0 0 3 0 0 0 3 0 0 0 3 0 0 0
3 3 3 3 3 3 3 3 3 3 3 8 3 3 3 8 3 3 3 3 3 3 3 3 3 3 3
0 0 0 3 0 0 0 3 0 0 0 3 0 0 0 3 0 0 0 3 0 0 0 3 0 0 0
0 0 0 3 0 0 0 3 0 0 0 3 0 0 0 3 0 0 0 3 0 0 0 3 0 0 0
0 0 0 3 0 0 0 3 0 0 0 3 0 0 0 3 0 0 0 3 0 0 0 3 0 0 0
3 3 3 3 3 3 3 3 3 3 3 3 3 3 3 3 3 3 3 3 3 3 3 3 3 3 3
0 0 0 3 0 0 0 3 0 0 0 3 0 0 0 3 0 0 0 3 0 0 0 3 0 0 0
0 0 0 3 0 0 0 3 0 0 0 3 0 0 0 3 0 0 0 3 0 0 0 3 0 0 0
0 0 0 3 0 0 0 3 0 0 0 3 0 0 0 3 0 0 0 3 0 0 0 3 0 0 0
Output:
0 2 0
2 0 0
0 0 8

Example 2:

Input:
0 0 1 0 0 1 0 0 1 0 0 1 0 0 1 0 0 1 0 0 1 0 0 1 0 0 1 0 0
0 0 1 0 0 1 0 0 1 0 0 1 0 0 1 0 0 1 0 0 1 0 0 1 0 0 1 0 0
1 1 1 1 1 1 1 1 1 1 1 1 1 1 1 1 1 1 1 1 1 1 1 1 1 1 1 1 1
0 0 1 0 0 1 0 0 1 0 0 1 0 0 1 0 0 1 0 0 1 0 0 1 0 0 1 0 0
0 0 1 0 0 1 0 0 1 0 0 1 0 0 1 0 0 1 0 0 1 0 0 1 0 0 1 0 0
1 1 1 1 1 1 1 1 1 1 1 1 1 1 1 1 1 1 1 1 1 1 1 1 1 1 1 1 1
0 0 1 0 0 1 0 0 1 0 0 1 0 0 1 0 0 1 0 0 1 0 0 1 0 0 1 0 0
0 0 1 0 0 1 0 0 1 0 0 1 0 0 1 0 0 1 0 0 1 0 0 1 0 0 1 0 0
1 1 1 1 1 1 1 1 1 1 1 1 1 1 1 1 1 1 1 1 1 1 1 1 1 1 1 1 1
0 0 1 0 0 1 0 0 1 0 0 1 0 0 1 0 0 1 0 0 1 0 0 1 0 0 1 0 0
0 0 1 0 0 1 0 0 1 0 0 1 0 0 1 0 0 1 0 0 1 0 0 1 0 0 1 0 0
1 1 1 1 1 1 1 1 1 1 1 1 1 1 6 1 1 6 1 1 6 1 1 1 1 1 1 1 1
0 0 1 0 0 1 0 0 1 0 0 1 0 0 1 0 0 1 0 0 1 0 0 1 0 0 1 0 0
0 0 1 0 0 1 0 0 1 0 0 1 0 0 1 0 0 1 0 0 1 0 0 1 0 0 1 0 0
1 1 1 1 1 1 1 1 1 1 1 1 1 1 6 1 1 6 1 1 6 1 1 1 1 1 1 1 1
0 0 1 0 0 1 0 0 1 0 0 1 0 0 1 0 0 1 0 0 1 0 0 1 0 0 1 0 0
0 0 1 0 0 1 0 0 1 0 0 1 0 0 1 0 0 1 0 0 1 0 0 1 0 0 1 0 0
1 1 1 1 1 1 1 1 1 1 1 1 1 1 3 1 1 3 1 1 3 1 1 3 1 1 1 1 1
0 0 1 0 0 1 0 0 1 0 0 1 0 0 1 0 0 1 0 0 1 0 0 1 0 0 1 0 0
0 0 1 0 0 1 0 0 1 0 0 1 0 0 1 0 0 1 0 0 1 0 0 1 0 0 1 0 0
1 1 1 1 1 1 1 1 1 1 1 1 1 1 3 1 1 3 1 1 3 1 1 3 1 1 1 1 1
0 0 1 0 0 1 0 0 1 0 0 1 0 0 1 0 0 1 0 0 1 0 0 1 0 0 1 0 0
0 0 1 0 0 1 0 0 1 0 0 1 0 0 1 0 0 1 0 0 1 0 0 1 0 0 1 0 0
1 1 1 1 1 1 1 1 1 1 1 1 1 1 1 1 1 1 1 1 1 1 1 1 1 1 1 1 1
0 0 1 0 0 1 0 0 1 0 0 1 0 0 1 0 0 1 0 0 1 0 0 1 0 0 1 0 0
0 0 1 0 0 1 0 0 1 0 0 1 0 0 1 0 0 1 0 0 1 0 0 1 0 0 1 0 0
1 1 1 1 1 1 1 1 1 1 1 1 1 1 1 1 1 1 1 1 1 1 1 1 1 1 1 1 1
0 0 1 0 0 1 0 0 1 0 0 1 0 0 1 0 0 1 0 0 1 0 0 1 0 0 1 0 0
0 0 1 0 0 1 0 0 1 0 0 1 0 0 1 0 0 1 0 0 1 0 0 1 0 0 1 0 0
Output:
6 6 0
0 0 0
3 3 3

Example 3:

Input:
0 0 0 8 0 0 0 8 0 0 0 8 0 0 0 8 0 0 0 8 0 0 0 8 0 0 0
0 0 0 8 0 0 0 8 0 0 0 8 0 0 0 8 0 0 0 8 0 0 0 8 0 0 0
0 0 0 8 0 0 0 8 0 0 0 8 0 0 0 8 0 0 0 8 0 0 0 8 0 0 0
8 8 8 8 8 8 8 8 8 8 8 8 8 8 8 8 8 8 8 8 8 8 8 8 8 8 8
0 0 0 8 0 0 0 8 0 0 0 8 0 0 0 8 0 0 0 8 0 0 0 8 0 0 0
0 0 0 8 0 0 0 8 0 0 0 8 0 0 0 8 0 0 0 8 0 0 0 8 0 0 0
0 0 0 8 0 0 0 8 0 0 0 8 0 0 0 8 0 0 0 8 0 0 0 8 0 0 0
8 8 8 8 8 8 8 1 8 8 8 1 8 8 8 2 8 8 8 2 8 8 8 8 8 8 8
0 0 0 8 0 0 0 8 0 0 0 8 0 0 0 8 0 0 0 8 0 0 0 8 0 0 0
0 0 0 8 0 0 0 8 0 0 0 8 0 0 0 8 0 0 0 8 0 0 0 8 0 0 0
0 0 0 8 0 0 0 8 0 0 0 8 0 0 0 8 0 0 0 8 0 0 0 8 0 0 0
8 8 8 8 8 8 8 1 8 8 8 1 8 8 8 2 8 8 8 2 8 8 8 8 8 8 8
0 0 0 8 0 0 0 8 0 0 0 8 0 0 0 8 0 0 0 8 0 0 0 8 0 0 0
0 0 0 8 0 0 0 8 0 0 0 8 0 0 0 8 0 0 0 8 0 0 0 8 0 0 0
0 0 0 8 0 0 0 8 0 0 0 8 0 0 0 8 0 0 0 8 0 0 0 8 0 0 0
8 8 8 8 8 8 8 2 8 8 8 2 8 8 8 2 8 8 8 2 8 8 8 8 8 8 8
0 0 0 8 0 0 0 8 0 0 0 8 0 0 0 8 0 0 0 8 0 0 0 8 0 0 0
0 0 0 8 0 0 0 8 0 0 0 8 0 0 0 8 0 0 0 8 0 0 0 8 0 0 0
0 0 0 8 0 0 0 8 0 0 0 8 0 0 0 8 0 0 0 8 0 0 0 8 0 0 0
8 8 8 8 8 8 8 2 8 8 8 2 8 8 8 2 8 8 8 2 8 8 8 8 8 8 8
0 0 0 8 0 0 0 8 0 0 0 8 0 0 0 8 0 0 0 8 0 0 0 8 0 0 0
0 0 0 8 0 0 0 8 0 0 0 8 0 0 0 8 0 0 0 8 0 0 0 8 0 0 0
0 0 0 8 0 0 0 8 0 0 0 8 0 0 0 8 0 0 0 8 0 0 0 8 0 0 0
8 8 8 8 8 8 8 8 8 8 8 8 8 8 8 8 8 8 8 8 8 8 8 8 8 8 8
0 0 0 8 0 0 0 8 0 0 0 8 0 0 0 8 0 0 0 8 0 0 0 8 0 0 0
0 0 0 8 0 0 0 8 0 0 0 8 0 0 0 8 0 0 0 8 0 0 0 8 0 0 0
0 0 0 8 0 0 0 8 0 0 0 8 0 0 0 8 0 0 0 8 0 0 0 8 0 0 0
Output:
1 0 2
0 0 2
2 2 2

Example 4:

Input:
0 0 0 0 2 0 0 0 0 2 0 0 0 0 2 0 0 0 0 2 0 0 0 0 2 0 0 0 0
0 0 0 0 2 0 0 0 0 2 0 0 0 0 2 0 0 0 0 2 0 0 0 0 2 0 0 0 0
0 0 0 0 2 0 0 0 0 2 0 0 0 0 2 0 0 0 0 2 0 0 0 0 2 0 0 0 0
0 0 0 0 2 0 0 0 0 2 0 0 0 0 2 0 0 0 0 2 0 0 0 0 2 0 0 0 0
2 2 2 2 1 2 2 2 2 1 2 2 2 2 4 2 2 2 2 4 2 2 2 2 2 2 2 2 2
0 0 0 0 2 0 0 0 0 2 0 0 0 0 2 0 0 0 0 2 0 0 0 0 2 0 0 0 0
0 0 0 0 2 0 0 0 0 2 0 0 0 0 2 0 0 0 0 2 0 0 0 0 2 0 0 0 0
0 0 0 0 2 0 0 0 0 2 0 0 0 0 2 0 0 0 0 2 0 0 0 0 2 0 0 0 0
0 0 0 0 2 0 0 0 0 2 0 0 0 0 2 0 0 0 0 2 0 0 0 0 2 0 0 0 0
2 2 2 2 1 2 2 2 2 1 2 2 2 2 4 2 2 2 2 4 2 2 2 2 2 2 2 2 2
0 0 0 0 2 0 0 0 0 2 0 0 0 0 2 0 0 0 0 2 0 0 0 0 2 0 0 0 0
0 0 0 0 2 0 0 0 0 2 0 0 0 0 2 0 0 0 0 2 0 0 0 0 2 0 0 0 0
0 0 0 0 2 0 0 0 0 2 0 0 0 0 2 0 0 0 0 2 0 0 0 0 2 0 0 0 0
0 0 0 0 2 0 0 0 0 2 0 0 0 0 2 0 0 0 0 2 0 0 0 0 2 0 0 0 0
2 2 2 2 8 2 2 2 2 8 2 2 2 2 8 2 2 2 2 8 2 2 2 2 2 2 2 2 2
0 0 0 0 2 0 0 0 0 2 0 0 0 0 2 0 0 0 0 2 0 0 0 0 2 0 0 0 0
0 0 0 0 2 0 0 0 0 2 0 0 0 0 2 0 0 0 0 2 0 0 0 0 2 0 0 0 0
0 0 0 0 2 0 0 0 0 2 0 0 0 0 2 0 0 0 0 2 0 0 0 0 2 0 0 0 0
0 0 0 0 2 0 0 0 0 2 0 0 0 0 2 0 0 0 0 2 0 0 0 0 2 0 0 0 0
2 2 2 2 8 2 2 2 2 8 2 2 2 2 8 2 2 2 2 8 2 2 2 2 2 2 2 2 2
0 0 0 0 2 0 0 0 0 2 0 0 0 0 2 0 0 0 0 2 0 0 0 0 2 0 0 0 0
0 0 0 0 2 0 0 0 0 2 0 0 0 0 2 0 0 0 0 2 0 0 0 0 2 0 0 0 0
0 0 0 0 2 0 0 0 0 2 0 0 0 0 2 0 0 0 0 2 0 0 0 0 2 0 0 0 0
0 0 0 0 2 0 0 0 0 2 0 0 0 0 2 0 0 0 0 2 0 0 0 0 2 0 0 0 0
2 2 2 2 2 2 2 2 2 2 2 2 2 2 2 2 2 2 2 2 2 2 2 2 2 2 2 2 2
0 0 0 0 2 0 0 0 0 2 0 0 0 0 2 0 0 0 0 2 0 0 0 0 2 0 0 0 0
0 0 0 0 2 0 0 0 0 2 0 0 0 0 2 0 0 0 0 2 0 0 0 0 2 0 0 0 0
0 0 0 0 2 0 0 0 0 2 0 0 0 0 2 0 0 0 0 2 0 0 0 0 2 0 0 0 0
0 0 0 0 2 0 0 0 0 2 0 0 0 0 2 0 0 0 0 2 0 0 0 0 2 0 0 0 0
Output:
1 0 4
0 0 0
8 8 8

Example 5:

Input:
0 0 0 0 3 0 0 0 0 3 0 0 0 0 3 0 0 0 0 3 0 0 0 0 3 0 0 0 0
0 0 0 0 3 0 0 0 0 3 0 0 0 0 3 0 0 0 0 3 0 0 0 0 3 0 0 0 0
0 0 0 0 3 0 0 0 0 3 0 0 0 0 3 0 0 0 0 3 0 0 0 0 3 0 0 0 0
0 0 0 0 3 0 0 0 0 3 0 0 0 0 3 0 0 0 0 3 0 0 0 0 3 0 0 0 0
3 3 3 3 3 3 3 3 3 5 3 3 3 3 5 3 3 3 3 5 3 3 3 3 5 3 3 3 3
0 0 0 0 3 0 0 0 0 3 0 0 0 0 3 0 0 0 0 3 0 0 0 0 3 0 0 0 0
0 0 0 0 3 0 0 0 0 3 0 0 0 0 3 0 0 0 0 3 0 0 0 0 3 0 0 0 0
0 0 0 0 3 0 0 0 0 3 0 0 0 0 3 0 0 0 0 3 0 0 0 0 3 0 0 0 0
0 0 0 0 3 0 0 0 0 3 0 0 0 0 3 0 0 0 0 3 0 0 0 0 3 0 0 0 0
3 3 3 3 3 3 3 3 3 5 3 3 3 3 5 3 3 3 3 5 3 3 3 3 5 3 3 3 3
0 0 0 0 3 0 0 0 0 3 0 0 0 0 3 0 0 0 0 3 0 0 0 0 3 0 0 0 0
0 0 0 0 3 0 0 0 0 3 0 0 0 0 3 0 0 0 0 3 0 0 0 0 3 0 0 0 0
0 0 0 0 3 0 0 0 0 3 0 0 0 0 3 0 0 0 0 3 0 0 0 0 3 0 0 0 0
0 0 0 0 3 0 0 0 0 3 0 0 0 0 3 0 0 0 0 3 0 0 0 0 3 0 0 0 0
3 3 3 3 3 3 3 3 3 5 3 3 3 3 5 3 3 3 3 6 3 3 3 3 6 3 3 3 3
0 0 0 0 3 0 0 0 0 3 0 0 0 0 3 0 0 0 0 3 0 0 0 0 3 0 0 0 0
0 0 0 0 3 0 0 0 0 3 0 0 0 0 3 0 0 0 0 3 0 0 0 0 3 0 0 0 0
0 0 0 0 3 0 0 0 0 3 0 0 0 0 3 0 0 0 0 3 0 0 0 0 3 0 0 0 0
0 0 0 0 3 0 0 0 0 3 0 0 0 0 3 0 0 0 0 3 0 0 0 0 3 0 0 0 0
3 3 3 3 3 3 3 3 3 5 3 3 3 3 5 3 3 3 3 6 3 3 3 3 6 3 3 3 3
0 0 0 0 3 0 0 0 0 3 0 0 0 0 3 0 0 0 0 3 0 0 0 0 3 0 0 0 0
0 0 0 0 3 0 0 0 0 3 0 0 0 0 3 0 0 0 0 3 0 0 0 0 3 0 0 0 0
0 0 0 0 3 0 0 0 0 3 0 0 0 0 3 0 0 0 0 3 0 0 0 0 3 0 0 0 0
0 0 0 0 3 0 0 0 0 3 0 0 0 0 3 0 0 0 0 3 0 0 0 0 3 0 0 0 0
3 3 3 3 3 3 3 3 3 3 3 3 3 3 3 3 3 3 3 3 3 3 3 3 3 3 3 3 3
0 0 0 0 3 0 0 0 0 3 0 0 0 0 3 0 0 0 0 3 0 0 0 0 3 0 0 0 0
0 0 0 0 3 0 0 0 0 3 0 0 0 0 3 0 0 0 0 3 0 0 0 0 3 0 0 0 0
0 0 0 0 3 0 0 0 0 3 0 0 0 0 3 0 0 0 0 3 0 0 0 0 3 0 0 0 0
0 0 0 0 3 0 0 0 0 3 0 0 0 0 3 0 0 0 0 3 0 0 0 0 3 0 0 0 0
Output:
5 5 5
5 0 0
5 0 6

Example 6:

Input:
0 0 9 0 0 9 0 0 9 0 0 9 0 0 9 0 0 9 0 0 9 0 0 9 0 0 9 0 0
0 0 9 0 0 9 0 0 9 0 0 9 0 0 9 0 0 9 0 0 9 0 0 9 0 0 9 0 0
9 9 9 9 9 9 9 9 9 9 9 9 9 9 9 9 9 9 9 9 9 9 9 9 9 9 9 9 9
0 0 9 0 0 9 0 0 9 0 0 9 0 0 9 0 0 9 0 0 9 0 0 9 0 0 9 0 0
0 0 9 0 0 9 0 0 9 0 0 9 0 0 9 0 0 9 0 0 9 0 0 9 0 0 9 0 0
9 9 9 9 9 9 9 9 9 9 9 9 9 9 9 9 9 9 9 9 9 9 9 9 9 9 9 9 9
0 0 9 0 0 9 0 0 9 0 0 9 0 0 9 0 0 9 0 0 9 0 0 9 0 0 9 0 0
0 0 9 0 0 9 0 0 9 0 0 9 0 0 9 0 0 9 0 0 9 0 0 9 0 0 9 0 0
9 9 9 9 9 9 9 9 9 9 9 9 9 9 6 9 9 6 9 9 8 9 9 8 9 9 9 9 9
0 0 9 0 0 9 0 0 9 0 0 9 0 0 9 0 0 9 0 0 9 0 0 9 0 0 9 0 0
0 0 9 0 0 9 0 0 9 0 0 9 0 0 9 0 0 9 0 0 9 0 0 9 0 0 9 0 0
9 9 9 9 9 9 9 9 9 9 9 9 9 9 6 9 9 6 9 9 8 9 9 8 9 9 9 9 9
0 0 9 0 0 9 0 0 9 0 0 9 0 0 9 0 0 9 0 0 9 0 0 9 0 0 9 0 0
0 0 9 0 0 9 0 0 9 0 0 9 0 0 9 0 0 9 0 0 9 0 0 9 0 0 9 0 0
9 9 9 9 9 9 9 9 9 9 9 9 9 9 9 9 9 9 9 9 1 9 9 1 9 9 9 9 9
0 0 9 0 0 9 0 0 9 0 0 9 0 0 9 0 0 9 0 0 9 0 0 9 0 0 9 0 0
0 0 9 0 0 9 0 0 9 0 0 9 0 0 9 0 0 9 0 0 9 0 0 9 0 0 9 0 0
9 9 9 9 9 9 9 9 9 9 9 9 9 9 9 9 9 9 9 9 1 9 9 1 9 9 9 9 9
0 0 9 0 0 9 0 0 9 0 0 9 0 0 9 0 0 9 0 0 9 0 0 9 0 0 9 0 0
0 0 9 0 0 9 0 0 9 0 0 9 0 0 9 0 0 9 0 0 9 0 0 9 0 0 9 0 0
9 9 9 9 9 9 9 9 9 9 9 9 9 9 9 9 9 9 9 9 9 9 9 9 9 9 9 9 9
0 0 9 0 0 9 0 0 9 0 0 9 0 0 9 0 0 9 0 0 9 0 0 9 0 0 9 0 0
0 0 9 0 0 9 0 0 9 0 0 9 0 0 9 0 0 9 0 0 9 0 0 9 0 0 9 0 0
9 9 9 9 9 9 9 9 9 9 9 9 9 9 9 9 9 9 9 9 9 9 9 9 9 9 9 9 9
0 0 9 0 0 9 0 0 9 0 0 9 0 0 9 0 0 9 0 0 9 0 0 9 0 0 9 0 0
0 0 9 0 0 9 0 0 9 0 0 9 0 0 9 0 0 9 0 0 9 0 0 9 0 0 9 0 0
9 9 9 9 9 9 9 9 9 9 9 9 9 9 9 9 9 9 9 9 9 9 9 9 9 9 9 9 9
0 0 9 0 0 9 0 0 9 0 0 9 0 0 9 0 0 9 0 0 9 0 0 9 0 0 9 0 0
0 0 9 0 0 9 0 0 9 0 0 9 0 0 9 0 0 9 0 0 9 0 0 9 0 0 9 0 0
Output:
6 0 8
0 0 0
0 0 1

Example 7:

Input:
0 0 1 0 0 1 0 0 1 0 0 1 0 0 1 0 0 1 0 0 1 0 0 1 0 0 1 0 0
0 0 1 0 0 1 0 0 1 0 0 1 0 0 1 0 0 1 0 0 1 0 0 1 0 0 1 0 0
1 1 1 1 1 1 1 1 1 1 1 1 1 1 1 1 1 1 1 1 1 1 1 1 1 1 1 1 1
0 0 1 0 0 1 0 0 1 0 0 1 0 0 1 0 0 1 0 0 1 0 0 1 0 0 1 0 0
0 0 1 0 0 1 0 0 1 0 0 1 0 0 1 0 0 1 0 0 1 0 0 1 0 0 1 0 0
1 1 1 1 1 1 1 1 1 1 1 1 1 1 1 1 1 1 1 1 1 1 1 1 1 1 1 1 1
0 0 1 0 0 1 0 0 1 0 0 1 0 0 1 0 0 1 0 0 1 0 0 1 0 0 1 0 0
0 0 1 0 0 1 0 0 1 0 0 1 0 0 1 0 0 1 0 0 1 0 0 1 0 0 1 0 0
1 1 1 1 1 1 1 1 1 1 1 1 1 1 1 1 1 1 1 1 1 1 1 1 1 1 1 1 1
0 0 1 0 0 1 0 0 1 0 0 1 0 0 1 0 0 1 0 0 1 0 0 1 0 0 1 0 0
0 0 1 0 0 1 0 0 1 0 0 1 0 0 1 0 0 1 0 0 1 0 0 1 0 0 1 0 0
1 1 5 1 1 5 1 1 6 1 1 6 1 1 1 1 1 1 1 1 1 1 1 1 1 1 1 1 1
0 0 1 0 0 1 0 0 1 0 0 1 0 0 1 0 0 1 0 0 1 0 0 1 0 0 1 0 0
0 0 1 0 0 1 0 0 1 0 0 1 0 0 1 0 0 1 0 0 1 0 0 1 0 0 1 0 0
1 1 5 1 1 5 1 1 6 1 1 6 1 1 1 1 1 1 1 1 1 1 1 1 1 1 1 1 1
0 0 1 0 0 1 0 0 1 0 0 1 0 0 1 0 0 1 0 0 1 0 0 1 0 0 1 0 0
0 0 1 0 0 1 0 0 1 0 0 1 0 0 1 0 0 1 0 0 1 0 0 1 0 0 1 0 0
1 1 5 1 1 5 1 1 5 1 1 5 1 1 1 1 1 1 1 1 1 1 1 1 1 1 1 1 1
0 0 1 0 0 1 0 0 1 0 0 1 0 0 1 0 0 1 0 0 1 0 0 1 0 0 1 0 0
0 0 1 0 0 1 0 0 1 0 0 1 0 0 1 0 0 1 0 0 1 0 0 1 0 0 1 0 0
1 1 1 1 1 5 1 1 5 1 1 5 1 1 1 1 1 1 1 1 1 1 1 1 1 1 1 1 1
0 0 1 0 0 1 0 0 1 0 0 1 0 0 1 0 0 1 0 0 1 0 0 1 0 0 1 0 0
0 0 1 0 0 1 0 0 1 0 0 1 0 0 1 0 0 1 0 0 1 0 0 1 0 0 1 0 0
1 1 1 1 1 1 1 1 1 1 1 1 1 1 1 1 1 1 1 1 1 1 1 1 1 1 1 1 1
0 0 1 0 0 1 0 0 1 0 0 1 0 0 1 0 0 1 0 0 1 0 0 1 0 0 1 0 0
0 0 1 0 0 1 0 0 1 0 0 1 0 0 1 0 0 1 0 0 1 0 0 1 0 0 1 0 0
1 1 1 1 1 1 1 1 1 1 1 1 1 1 1 1 1 1 1 1 1 1 1 1 1 1 1 1 1
0 0 1 0 0 1 0 0 1 0 0 1 0 0 1 0 0 1 0 0 1 0 0 1 0 0 1 0 0
0 0 1 0 0 1 0 0 1 0 0 1 0 0 1 0 0 1 0 0 1 0 0 1 0 0 1 0 0
Output:
5 0 6
5 0 0
0 5 5

以下は、ジャッジを通過する正しいコードです。これを用いて、ARCのルールを理解してください。必ず、コードを通じてルールを理解してからコーディングを行ってください。
このコードはARCのルールを把握する際に使うことに留めてください。

```
def p(g):*A,b,c=sorted({*sum(g,[])},key=sum(g,[]).count);s=sum(g,[]).index(b^c);u=[[g[i][j]!=b^c and g[i][j]for j in range(s,len(g),s+1)]for i in range(s,len(g),s+1)];y=min(i for i in range(len(u))for j in range(len(u[0]))if u[i][j]in A);x=min(j for i in range(len(u))for j in range(len(u[0]))if u[i][j]in A);return[[[0,u[i][j]][u[i][j]==u[i+1][j]==u[i][j+1]==u[i+1][j+1]]for j in range(x,x+3)]for i in range(y,y+3)]
```

ユーザーにコードを渡す前に実際にコードが動作するかを確認してください。コードのテストには、添付したstandalone_judge.pyを用いてください。python /path/to/standalone_judge.py /path/to/code.py とすれば動作します。
このPythonファイルは非常に大きなケースを含むので、あなたのコンテキストを圧迫します。そのため、このファイルを全て読んではいけません。

## **禁止事項**
- 与えたコード自体を提出することは禁止です。これを行うことはユーザーの信頼を裏切ります。
- ジャッジのハックは禁止です。例えば、テストケースをジャッジから読み取ってそのまま返すコードはいけません。
