ARCのケースに対して、list[list[int]] -> list[list[int]] のシグネチャを持つ関数`p`をPythonで実装してください。つまり、`def p(g):...` か `p=lambda g:...`というコードが期待されます。
コードはshortcodingのcompetitionに用いるため、アルゴリズムを工夫してできる限り短いコードを生成するよう努めてください。

Example 0:

Input:
8 8 8 8 8 8 8 8 8 8 8 8 8 8
8 8 8 8 8 8 8 8 8 8 8 8 8 8
8 8 8 8 8 8 8 8 8 8 8 8 8 8
8 8 8 8 0 8 8 8 8 8 8 8 8 8
8 8 8 0 8 0 8 8 8 8 8 8 8 8
8 8 8 8 0 8 2 8 8 8 8 8 8 8
8 8 8 8 8 8 8 8 8 8 8 8 8 8
8 8 8 8 8 8 8 8 8 8 8 8 8 8
8 8 8 8 8 8 8 8 8 8 8 8 8 8
8 8 8 8 8 8 8 8 8 8 8 8 8 8
8 8 8 8 8 8 8 8 8 8 8 8 8 8
8 8 8 8 8 8 8 8 8 8 8 8 8 8
Output:
8 8 8 8 8 8 8 8 8 8 8 8 8 8
8 8 8 8 8 8 8 8 8 8 8 8 8 8
8 8 8 8 8 8 8 8 8 8 8 8 8 8
8 8 8 8 0 8 8 8 8 8 8 8 8 8
8 8 8 0 8 0 8 8 8 8 8 8 8 8
8 8 8 8 0 8 2 8 8 8 8 8 8 8
8 8 8 8 8 2 8 2 8 8 8 8 8 8
8 8 8 8 8 8 2 8 2 8 8 8 8 8
8 8 8 8 8 8 8 2 8 2 8 8 8 8
8 8 8 8 8 8 8 8 2 8 2 8 8 8
8 8 8 8 8 8 8 8 8 2 8 2 8 8
8 8 8 8 8 8 8 8 8 8 2 8 2 8

Example 1:

Input:
1 1 1 1 1 1 1 1 1 1 1 1 1 1 1
1 1 1 1 1 1 1 1 1 1 1 1 1 1 1
1 1 1 1 1 1 1 1 1 1 1 1 1 1 1
1 1 1 1 1 1 1 1 1 1 1 1 1 1 1
1 1 1 1 1 1 1 1 1 1 1 1 1 1 1
1 1 1 1 1 1 0 1 1 1 1 1 1 1 1
1 1 1 1 1 0 0 0 1 1 1 1 1 1 1
1 1 1 1 3 1 0 1 1 1 1 1 1 1 1
1 1 1 1 1 1 1 1 1 1 1 1 1 1 1
1 1 1 1 1 1 1 1 1 1 1 1 1 1 1
1 1 1 1 1 1 1 1 1 1 1 1 1 1 1
1 1 1 1 1 1 1 1 1 1 1 1 1 1 1
1 1 1 1 1 1 1 1 1 1 1 1 1 1 1
Output:
1 1 1 1 1 1 1 1 1 1 1 1 1 1 1
1 1 1 1 1 1 1 1 1 1 1 1 1 1 1
1 1 1 1 1 1 1 1 1 1 1 1 1 1 1
1 1 1 1 1 1 1 1 1 1 1 1 1 1 1
1 1 1 1 1 1 1 1 1 1 1 1 1 1 1
1 1 1 1 1 1 0 1 1 1 1 1 1 1 1
1 1 1 1 1 0 0 0 1 1 1 1 1 1 1
1 1 1 1 3 1 0 1 1 1 1 1 1 1 1
1 1 1 3 3 3 1 1 1 1 1 1 1 1 1
1 1 3 1 3 1 1 1 1 1 1 1 1 1 1
1 3 3 3 1 1 1 1 1 1 1 1 1 1 1
3 1 3 1 1 1 1 1 1 1 1 1 1 1 1
3 3 1 1 1 1 1 1 1 1 1 1 1 1 1

Example 2:

Input:
4 4 4 4 4 4 4 4 4 4 4 4 4 4 4 4
4 4 4 4 4 4 4 4 4 4 4 4 4 4 4 4
4 4 4 4 4 4 4 4 4 4 4 4 4 4 4 4
4 4 4 4 4 4 4 4 4 4 4 4 4 4 4 4
4 4 4 4 4 4 4 4 4 4 4 8 4 4 4 4
4 4 4 4 4 4 0 0 4 0 0 4 4 4 4 4
4 4 4 4 4 4 0 0 4 0 0 4 4 4 4 4
4 4 4 4 4 4 4 4 0 4 4 4 4 4 4 4
4 4 4 4 4 4 0 0 4 0 0 4 4 4 4 4
4 4 4 4 4 4 0 0 4 0 0 4 4 4 4 4
4 4 4 4 4 4 4 4 4 4 4 4 4 4 4 4
4 4 4 4 4 4 4 4 4 4 4 4 4 4 4 4
Output:
4 4 4 4 4 4 4 4 4 4 4 8 8 4 8 8
4 4 4 4 4 4 4 4 4 4 4 8 8 4 8 8
4 4 4 4 4 4 4 4 4 4 4 4 4 8 4 4
4 4 4 4 4 4 4 4 4 4 4 8 8 4 8 8
4 4 4 4 4 4 4 4 4 4 4 8 8 4 8 8
4 4 4 4 4 4 0 0 4 0 0 4 4 4 4 4
4 4 4 4 4 4 0 0 4 0 0 4 4 4 4 4
4 4 4 4 4 4 4 4 0 4 4 4 4 4 4 4
4 4 4 4 4 4 0 0 4 0 0 4 4 4 4 4
4 4 4 4 4 4 0 0 4 0 0 4 4 4 4 4
4 4 4 4 4 4 4 4 4 4 4 4 4 4 4 4
4 4 4 4 4 4 4 4 4 4 4 4 4 4 4 4

Example 3:

Input:
3 3 3 3 3 3 3 3 3 3 3 3 3 3 3 3
3 3 3 3 3 3 3 3 3 3 3 3 3 3 3 3
3 3 3 3 3 3 3 3 3 3 3 3 3 3 3 3
3 3 3 3 3 3 3 3 3 3 3 3 3 3 3 3
3 3 3 3 3 3 3 3 3 3 3 3 3 3 3 3
3 3 3 6 3 3 3 3 3 3 3 3 3 3 3 3
3 3 3 3 0 3 0 3 3 3 3 3 3 3 3 3
3 3 3 3 3 0 3 3 3 3 3 3 3 3 3 3
3 3 3 3 0 3 0 3 3 3 3 3 3 3 3 3
3 3 3 3 3 3 3 3 3 3 3 3 3 3 3 3
3 3 3 3 3 3 3 3 3 3 3 3 3 3 3 3
3 3 3 3 3 3 3 3 3 3 3 3 3 3 3 3
3 3 3 3 3 3 3 3 3 3 3 3 3 3 3 3
3 3 3 3 3 3 3 3 3 3 3 3 3 3 3 3
3 3 3 3 3 3 3 3 3 3 3 3 3 3 3 3
3 3 3 3 3 3 3 3 3 3 3 3 3 3 3 3
3 3 3 3 3 3 3 3 3 3 3 3 3 3 3 3
3 3 3 3 3 3 3 3 3 3 3 3 3 3 3 3
Output:
6 3 3 3 3 3 3 3 3 3 3 3 3 3 3 3
3 3 3 3 3 3 3 3 3 3 3 3 3 3 3 3
6 3 3 3 3 3 3 3 3 3 3 3 3 3 3 3
3 6 3 6 3 3 3 3 3 3 3 3 3 3 3 3
3 3 6 3 3 3 3 3 3 3 3 3 3 3 3 3
3 6 3 6 3 3 3 3 3 3 3 3 3 3 3 3
3 3 3 3 0 3 0 3 3 3 3 3 3 3 3 3
3 3 3 3 3 0 3 3 3 3 3 3 3 3 3 3
3 3 3 3 0 3 0 3 3 3 3 3 3 3 3 3
3 3 3 3 3 3 3 3 3 3 3 3 3 3 3 3
3 3 3 3 3 3 3 3 3 3 3 3 3 3 3 3
3 3 3 3 3 3 3 3 3 3 3 3 3 3 3 3
3 3 3 3 3 3 3 3 3 3 3 3 3 3 3 3
3 3 3 3 3 3 3 3 3 3 3 3 3 3 3 3
3 3 3 3 3 3 3 3 3 3 3 3 3 3 3 3
3 3 3 3 3 3 3 3 3 3 3 3 3 3 3 3
3 3 3 3 3 3 3 3 3 3 3 3 3 3 3 3
3 3 3 3 3 3 3 3 3 3 3 3 3 3 3 3

Example 4:

Input:
1 1 1 1 1 1 1 1 1 1 1 1 1 1 1 1 1 1
1 1 1 1 1 1 1 1 1 1 1 1 1 1 1 1 1 1
1 1 1 1 1 1 1 1 1 1 1 1 1 1 1 1 1 1
1 1 1 1 1 1 1 1 1 1 1 1 1 1 1 1 1 1
1 1 1 1 1 1 1 1 1 1 1 1 1 1 1 1 1 1
1 1 1 1 1 1 0 0 0 0 1 1 1 1 1 1 1 1
1 1 1 1 1 1 0 0 0 0 1 1 1 1 1 1 1 1
1 1 1 1 1 1 0 0 0 0 1 1 1 1 1 1 1 1
1 1 1 1 1 1 0 0 0 0 1 1 1 1 1 1 1 1
1 1 1 1 1 1 1 1 1 1 9 1 1 1 1 1 1 1
1 1 1 1 1 1 1 1 1 1 1 1 1 1 1 1 1 1
Output:
1 1 1 1 1 1 1 1 1 1 1 1 1 1 1 1 1 1
1 1 1 1 1 1 1 1 1 1 1 1 1 1 1 1 1 1
1 1 1 1 1 1 1 1 1 1 1 1 1 1 1 1 1 1
1 1 1 1 1 1 1 1 1 1 1 1 1 1 1 1 1 1
1 1 1 1 1 1 1 1 1 1 1 1 1 1 1 1 1 1
1 1 1 1 1 1 0 0 0 0 1 1 1 1 1 1 1 1
1 1 1 1 1 1 0 0 0 0 1 1 1 1 1 1 1 1
1 1 1 1 1 1 0 0 0 0 1 1 1 1 1 1 1 1
1 1 1 1 1 1 0 0 0 0 1 1 1 1 1 1 1 1
1 1 1 1 1 1 1 1 1 1 9 9 9 9 1 1 1 1
1 1 1 1 1 1 1 1 1 1 9 9 9 9 1 1 1 1

Example 5:

Input:
4 4 4 4 4 4 4 4 4 4 4 4 4 4 4
4 4 4 4 4 4 4 4 4 4 4 4 4 4 4
4 4 4 4 4 4 4 4 4 4 4 4 4 4 4
4 4 4 4 4 4 4 4 4 4 4 4 4 4 4
4 4 4 4 4 4 4 4 4 4 4 4 4 4 4
4 4 4 4 4 4 0 0 0 4 4 4 4 4 4
4 4 4 4 4 4 0 4 0 4 4 4 4 4 4
4 4 4 4 4 4 0 0 0 4 4 4 4 4 4
4 4 4 4 4 6 4 4 4 4 4 4 4 4 4
4 4 4 4 4 4 4 4 4 4 4 4 4 4 4
4 4 4 4 4 4 4 4 4 4 4 4 4 4 4
Output:
4 4 4 4 4 4 4 4 4 4 4 4 4 4 4
4 4 4 4 4 4 4 4 4 4 4 4 4 4 4
4 4 4 4 4 4 4 4 4 4 4 4 4 4 4
4 4 4 4 4 4 4 4 4 4 4 4 4 4 4
4 4 4 4 4 4 4 4 4 4 4 4 4 4 4
4 4 4 4 4 4 0 0 0 4 4 4 4 4 4
4 4 4 4 4 4 0 4 0 4 4 4 4 4 4
4 4 4 4 4 4 0 0 0 4 4 4 4 4 4
4 4 4 6 6 6 4 4 4 4 4 4 4 4 4
4 4 4 6 4 6 4 4 4 4 4 4 4 4 4
4 4 4 6 6 6 4 4 4 4 4 4 4 4 4

Example 6:

Input:
3 3 3 3 3 3 3 3 3 3 3 3 3 3 3 3 3
3 3 3 3 3 3 3 3 3 3 3 3 3 3 3 3 3
3 3 3 3 3 3 3 3 3 3 3 3 3 3 3 3 3
3 3 3 3 3 3 3 3 3 3 3 3 3 3 3 3 3
3 3 3 3 3 3 3 3 3 3 3 3 3 3 3 3 3
3 3 3 3 3 3 3 3 0 0 0 3 3 3 3 3 3
3 3 3 3 3 3 3 3 0 0 0 3 3 3 3 3 3
3 3 3 3 3 3 3 3 0 0 0 3 3 3 3 3 3
3 3 3 3 3 3 3 4 3 3 3 3 3 3 3 3 3
3 3 3 3 3 3 3 3 3 3 3 3 3 3 3 3 3
3 3 3 3 3 3 3 3 3 3 3 3 3 3 3 3 3
Output:
3 3 3 3 3 3 3 3 3 3 3 3 3 3 3 3 3
3 3 3 3 3 3 3 3 3 3 3 3 3 3 3 3 3
3 3 3 3 3 3 3 3 3 3 3 3 3 3 3 3 3
3 3 3 3 3 3 3 3 3 3 3 3 3 3 3 3 3
3 3 3 3 3 3 3 3 3 3 3 3 3 3 3 3 3
3 3 3 3 3 3 3 3 0 0 0 3 3 3 3 3 3
3 3 3 3 3 3 3 3 0 0 0 3 3 3 3 3 3
3 3 3 3 3 3 3 3 0 0 0 3 3 3 3 3 3
3 3 3 3 3 4 4 4 3 3 3 3 3 3 3 3 3
3 3 3 3 3 4 4 4 3 3 3 3 3 3 3 3 3
3 3 3 3 3 4 4 4 3 3 3 3 3 3 3 3 3

Example 7:

Input:
3 3 3 3 3 3 3 3 3 3 3 3 3 3 3
3 3 3 3 3 3 3 3 3 3 3 3 3 3 3
3 3 3 3 3 3 3 3 3 3 3 3 3 3 3
3 3 3 3 3 3 3 3 3 3 3 3 3 3 3
3 3 3 3 3 3 3 3 3 3 3 3 3 3 3
3 3 3 3 3 3 3 3 8 3 3 3 3 3 3
3 3 3 3 3 0 0 0 3 3 3 3 3 3 3
3 3 3 3 3 0 3 0 3 3 3 3 3 3 3
3 3 3 3 3 0 0 0 3 3 3 3 3 3 3
3 3 3 3 3 3 3 3 3 3 3 3 3 3 3
3 3 3 3 3 3 3 3 3 3 3 3 3 3 3
3 3 3 3 3 3 3 3 3 3 3 3 3 3 3
Output:
3 3 3 3 3 3 3 3 3 3 3 8 8 8 3
3 3 3 3 3 3 3 3 3 3 3 8 3 8 3
3 3 3 3 3 3 3 3 3 3 3 8 8 8 3
3 3 3 3 3 3 3 3 8 8 8 3 3 3 3
3 3 3 3 3 3 3 3 8 3 8 3 3 3 3
3 3 3 3 3 3 3 3 8 8 8 3 3 3 3
3 3 3 3 3 0 0 0 3 3 3 3 3 3 3
3 3 3 3 3 0 3 0 3 3 3 3 3 3 3
3 3 3 3 3 0 0 0 3 3 3 3 3 3 3
3 3 3 3 3 3 3 3 3 3 3 3 3 3 3
3 3 3 3 3 3 3 3 3 3 3 3 3 3 3
3 3 3 3 3 3 3 3 3 3 3 3 3 3 3

以下は、ジャッジを通過する正しいコードです。これを用いて、ARCのルールを理解してください。必ず、コードを通じてルールを理解してからコーディングを行ってください。
このコードはARCのルールを把握する際に使うことに留めてください。

```
def p(g):
 h,w=len(g),len(g[0]);A=sum(g,[]);_,k,c=min((A.count(v),i,v)for(i,v)in enumerate(A));_,l=max((abs(i-k)+abs(i%w-k%w)*2,i)for(i,v)in enumerate(A)if v<1)
 for i in range(h):
  for j in range(w):
   for t in range(9*(g[i][j]<1)):
    if-1<(y:=i-~t*(k//w-l//w))<h and-1<(x:=j-~t*(k%w-l%w))<w:g[y][x]=c
 return g
```

ユーザーにコードを渡す前に実際にコードが動作するかを確認してください。コードのテストには、添付したstandalone_judge.pyを用いてください。python /path/to/standalone_judge.py /path/to/code.py とすれば動作します。
このPythonファイルは非常に大きなケースを含むので、あなたのコンテキストを圧迫します。そのため、このファイルを全て読んではいけません。

## **禁止事項**
- 与えたコード自体を提出することは禁止です。これを行うことはユーザーの信頼を裏切ります。
- ジャッジのハックは禁止です。例えば、テストケースをジャッジから読み取ってそのまま返すコードはいけません。
