11
S 4
178 315 326 366
T 4
239 337 348 399
c 3
158 236 416
d 3
109 136 266
g 8
6 85 134 227 290 368 401 426
i 6
181 192 229 242 253 292
j 6
186 210 232 247 272 295
l 4
15 71 139 283
r 3
60 90 285
u 4
37 87 120 264
x 10
309 321 331 343 361 370 377 394 403 410
0 1 1 1 1 0 0 1 1 1 1
1 0 1 1 1 0 0 1 1 1 1
1 1 0 1 1 1 1 1 1 1 1
1 1 1 0 1 1 1 1 1 1 1
1 1 1 1 0 1 1 1 1 1 1
0 0 1 1 1 0 1 1 1 1 0
0 0 1 1 1 1 0 1 1 1 0
1 1 1 1 1 1 1 0 1 1 1
1 1 1 1 1 1 1 1 0 1 1
1 1 1 1 1 1 1 1 1 0 1
1 1 1 1 1 0 0 1 1 1 0
