16
g 9
12 164 184 205 227 320 338 356 374
u 9
6 166 186 207 229 322 340 358 376
t 6
0 49 72 89 112 133
l 1
34
f 2
31 307
o 2
36 147
d 6
38 69 86 109 126 149
e 19
26 51 74 91 114 135 168 188 209 231 289 298 324 342 360 378 382 395 415
n 4
159 291 313 397
r 4
179 294 367 402
m 5
245 315 351 386 399
key 1
58
k 5
267 333 369 391 404
a 5
131 250 254 272 276
i 4
222 303 331 389
s 4
200 300 349 384
0 1 1 1 1 1 1 1 1 1 1 0 1 1 1 1
1 0 1 1 1 1 1 1 1 1 1 0 1 1 1 1
1 1 0 1 1 1 1 1 1 1 1 0 1 1 1 1
1 1 1 0 1 1 1 1 1 1 1 0 1 1 1 1
1 1 1 1 0 1 1 1 1 1 1 0 1 1 1 1
1 1 1 1 1 0 1 1 1 1 1 0 1 1 1 1
1 1 1 1 1 1 0 1 1 1 1 0 1 1 1 1
1 1 1 1 1 1 1 0 1 1 1 0 1 1 1 1
1 1 1 1 1 1 1 1 0 1 1 0 1 1 1 1
1 1 1 1 1 1 1 1 1 0 1 0 1 1 1 1
1 1 1 1 1 1 1 1 1 1 0 0 1 1 1 1
0 0 0 0 0 0 0 0 0 0 0 0 0 0 0 0
1 1 1 1 1 1 1 1 1 1 1 0 0 1 1 1
1 1 1 1 1 1 1 1 1 1 1 0 1 0 1 1
1 1 1 1 1 1 1 1 1 1 1 0 1 1 0 1
1 1 1 1 1 1 1 1 1 1 1 0 1 1 1 0
