8
q 7
136 265 394 523 652 666 907
s 34
6 24 51 73 82 97 153 180 202 211 226 282 309 331 340 355 411 438 460 469 484 540 567 589 598 613 749 782 800 811 866 882 901 924
n 35
20 26 36 84 99 115 149 155 165 213 228 244 278 284 294 342 357 373 407 413 423 471 486 502 536 542 552 600 615 631 688 753 787 815 870
t 35
22 29 58 87 102 126 151 158 187 216 231 255 280 287 316 345 360 384 409 416 445 474 489 513 538 545 574 603 618 642 715 758 794 820 875
r 13
11 16 141 145 270 274 399 403 528 532 657 773 864
e 4
768 808 859 878
o 16
124 134 253 263 382 392 511 521 640 650 756 766 792 818 857 873
p 16
113 132 242 261 371 390 500 519 629 648 751 764 785 813 855 868
0 1 1 1 1 1 1 1
1 0 1 1 1 1 1 1
1 1 0 1 1 1 1 1
1 1 1 0 1 1 1 1
1 1 1 1 0 1 1 1
1 1 1 1 1 0 1 1
1 1 1 1 1 1 0 1
1 1 1 1 1 1 1 0
