ARCのケースに対して、list[list[int]] -> list[list[int]] のシグネチャを持つ関数`p`をPythonで実装してください。つまり、`def p(g):...` か `p=lambda g:...`というコードが期待されます。
コードはshortcodingのcompetitionに用いるため、アルゴリズムを工夫してできる限り短いコードを生成するよう努めてください。

Example 0:

Input:
0 0 0 0 0 0 0 5 5 5 5 5
0 0 0 0 0 0 0 5 0 0 0 5
0 0 5 5 5 0 0 5 0 0 0 5
0 0 5 0 5 0 0 5 0 0 0 5
0 0 5 5 5 0 0 5 5 5 5 5
0 0 0 0 0 0 0 0 0 0 0 0
0 0 0 0 0 0 5 5 5 5 0 0
0 0 0 0 0 0 5 0 0 5 0 0
0 0 0 0 0 0 5 0 0 5 0 0
0 0 0 0 0 0 5 5 5 5 0 0
0 0 0 0 0 0 0 0 0 0 0 0
0 0 0 0 0 0 0 0 0 0 0 0
Output:
0 0 0 0 0 0 0 5 5 5 5 5
0 0 0 0 0 0 0 5 8 8 8 5
0 0 5 5 5 0 0 5 8 8 8 5
0 0 5 6 5 0 0 5 8 8 8 5
0 0 5 5 5 0 0 5 5 5 5 5
0 0 0 0 0 0 0 0 0 0 0 0
0 0 0 0 0 0 5 5 5 5 0 0
0 0 0 0 0 0 5 7 7 5 0 0
0 0 0 0 0 0 5 7 7 5 0 0
0 0 0 0 0 0 5 5 5 5 0 0
0 0 0 0 0 0 0 0 0 0 0 0
0 0 0 0 0 0 0 0 0 0 0 0

Example 1:

Input:
0 5 5 5 5 0 0 0 0 0 0 0
0 5 0 0 5 0 0 0 0 0 0 0
0 5 0 0 5 0 0 0 0 0 0 0
0 5 5 5 5 0 0 0 0 0 0 0
0 0 0 0 0 0 5 5 5 5 5 0
0 0 0 0 0 0 5 0 0 0 5 0
0 0 0 0 0 0 5 0 0 0 5 0
0 5 5 5 0 0 5 0 0 0 5 0
0 5 0 5 0 0 5 5 5 5 5 0
0 5 5 5 0 0 0 0 0 0 0 0
0 0 0 0 0 0 0 0 0 0 0 0
0 0 0 0 0 0 0 0 0 0 0 0
Output:
0 5 5 5 5 0 0 0 0 0 0 0
0 5 7 7 5 0 0 0 0 0 0 0
0 5 7 7 5 0 0 0 0 0 0 0
0 5 5 5 5 0 0 0 0 0 0 0
0 0 0 0 0 0 5 5 5 5 5 0
0 0 0 0 0 0 5 8 8 8 5 0
0 0 0 0 0 0 5 8 8 8 5 0
0 5 5 5 0 0 5 8 8 8 5 0
0 5 6 5 0 0 5 5 5 5 5 0
0 5 5 5 0 0 0 0 0 0 0 0
0 0 0 0 0 0 0 0 0 0 0 0
0 0 0 0 0 0 0 0 0 0 0 0

Example 2:

Input:
0 0 0 0 0 0 0 0 0 0 0 0
0 5 5 5 5 5 0 0 0 0 0 0
0 5 0 0 0 5 0 0 0 0 0 0
0 5 0 0 0 5 0 0 0 0 0 0
0 5 0 0 0 5 0 0 0 0 0 0
0 5 5 5 5 5 0 0 0 0 0 0
0 0 0 0 0 0 0 0 0 0 0 0
0 0 0 0 5 5 5 5 0 0 0 0
0 0 0 0 5 0 0 5 0 0 0 0
0 0 0 0 5 0 0 5 0 0 0 0
0 0 0 0 5 5 5 5 0 0 0 0
0 0 0 0 0 0 0 0 0 0 0 0
Output:
0 0 0 0 0 0 0 0 0 0 0 0
0 5 5 5 5 5 0 0 0 0 0 0
0 5 8 8 8 5 0 0 0 0 0 0
0 5 8 8 8 5 0 0 0 0 0 0
0 5 8 8 8 5 0 0 0 0 0 0
0 5 5 5 5 5 0 0 0 0 0 0
0 0 0 0 0 0 0 0 0 0 0 0
0 0 0 0 5 5 5 5 0 0 0 0
0 0 0 0 5 7 7 5 0 0 0 0
0 0 0 0 5 7 7 5 0 0 0 0
0 0 0 0 5 5 5 5 0 0 0 0
0 0 0 0 0 0 0 0 0 0 0 0

Example 3:

Input:
0 0 0 0 0 0 0 0 0 0 0 0
0 5 5 5 5 5 0 0 0 0 0 0
0 5 0 0 0 5 0 0 0 0 0 0
0 5 0 0 0 5 0 0 0 0 0 0
0 5 0 0 0 5 0 0 5 5 5 0
0 5 5 5 5 5 0 0 5 0 5 0
0 0 0 0 0 0 0 0 5 5 5 0
0 0 0 0 0 0 0 0 0 0 0 0
0 0 0 0 5 5 5 5 0 0 0 0
0 0 0 0 5 0 0 5 0 0 0 0
0 0 0 0 5 0 0 5 0 0 0 0
0 0 0 0 5 5 5 5 0 0 0 0
Output:
0 0 0 0 0 0 0 0 0 0 0 0
0 5 5 5 5 5 0 0 0 0 0 0
0 5 8 8 8 5 0 0 0 0 0 0
0 5 8 8 8 5 0 0 0 0 0 0
0 5 8 8 8 5 0 0 5 5 5 0
0 5 5 5 5 5 0 0 5 6 5 0
0 0 0 0 0 0 0 0 5 5 5 0
0 0 0 0 0 0 0 0 0 0 0 0
0 0 0 0 5 5 5 5 0 0 0 0
0 0 0 0 5 7 7 5 0 0 0 0
0 0 0 0 5 7 7 5 0 0 0 0
0 0 0 0 5 5 5 5 0 0 0 0

Example 4:

Input:
0 0 0 0 0 0 0 0 0 0 0 0
0 0 0 0 0 0 0 5 5 5 5 5
0 0 0 0 0 0 0 5 0 0 0 5
0 0 0 0 0 0 0 5 0 0 0 5
0 0 0 0 0 0 0 5 0 0 0 5
0 0 0 0 0 0 0 5 5 5 5 5
0 0 0 0 0 0 0 0 0 0 0 0
0 0 0 0 0 0 0 0 0 0 0 0
0 0 0 0 0 0 0 0 0 0 0 0
0 0 0 0 0 0 0 0 0 0 0 0
0 0 0 0 0 0 0 0 0 0 0 0
0 0 0 0 0 0 0 0 0 0 0 0
Output:
0 0 0 0 0 0 0 0 0 0 0 0
0 0 0 0 0 0 0 5 5 5 5 5
0 0 0 0 0 0 0 5 8 8 8 5
0 0 0 0 0 0 0 5 8 8 8 5
0 0 0 0 0 0 0 5 8 8 8 5
0 0 0 0 0 0 0 5 5 5 5 5
0 0 0 0 0 0 0 0 0 0 0 0
0 0 0 0 0 0 0 0 0 0 0 0
0 0 0 0 0 0 0 0 0 0 0 0
0 0 0 0 0 0 0 0 0 0 0 0
0 0 0 0 0 0 0 0 0 0 0 0
0 0 0 0 0 0 0 0 0 0 0 0

Example 5:

Input:
0 0 0 0 0 0 0 0 0 0 0 0
0 0 0 0 0 5 5 5 5 5 0 0
0 0 0 0 0 5 0 0 0 5 0 0
0 0 0 0 0 5 0 0 0 5 0 0
0 0 0 0 0 5 0 0 0 5 0 0
0 0 0 0 0 5 5 5 5 5 0 0
0 0 0 0 0 0 0 0 0 0 0 0
0 0 0 0 0 0 0 0 0 0 0 0
0 0 0 0 0 0 0 0 5 5 5 5
0 0 0 0 0 0 0 0 5 0 0 5
0 0 0 0 0 0 0 0 5 0 0 5
0 0 0 0 0 0 0 0 5 5 5 5
Output:
0 0 0 0 0 0 0 0 0 0 0 0
0 0 0 0 0 5 5 5 5 5 0 0
0 0 0 0 0 5 8 8 8 5 0 0
0 0 0 0 0 5 8 8 8 5 0 0
0 0 0 0 0 5 8 8 8 5 0 0
0 0 0 0 0 5 5 5 5 5 0 0
0 0 0 0 0 0 0 0 0 0 0 0
0 0 0 0 0 0 0 0 0 0 0 0
0 0 0 0 0 0 0 0 5 5 5 5
0 0 0 0 0 0 0 0 5 7 7 5
0 0 0 0 0 0 0 0 5 7 7 5
0 0 0 0 0 0 0 0 5 5 5 5

Example 6:

Input:
0 0 0 0 0 0 0 0 0 0 0 0
5 5 5 5 0 0 0 5 5 5 5 5
5 0 0 5 0 0 0 5 0 0 0 5
5 0 0 5 0 0 0 5 0 0 0 5
5 5 5 5 0 0 0 5 0 0 0 5
0 0 0 0 0 0 0 5 5 5 5 5
0 0 0 0 0 0 0 0 0 0 0 0
0 0 0 0 0 0 0 0 0 0 0 0
0 0 0 0 0 0 0 0 0 0 0 0
0 0 0 0 0 0 0 0 0 0 0 0
0 0 0 0 0 0 0 0 0 0 0 0
0 0 0 0 0 0 0 0 0 0 0 0
Output:
0 0 0 0 0 0 0 0 0 0 0 0
5 5 5 5 0 0 0 5 5 5 5 5
5 7 7 5 0 0 0 5 8 8 8 5
5 7 7 5 0 0 0 5 8 8 8 5
5 5 5 5 0 0 0 5 8 8 8 5
0 0 0 0 0 0 0 5 5 5 5 5
0 0 0 0 0 0 0 0 0 0 0 0
0 0 0 0 0 0 0 0 0 0 0 0
0 0 0 0 0 0 0 0 0 0 0 0
0 0 0 0 0 0 0 0 0 0 0 0
0 0 0 0 0 0 0 0 0 0 0 0
0 0 0 0 0 0 0 0 0 0 0 0

Example 7:

Input:
0 0 0 0 0 5 5 5 5 0 0 0
0 0 0 0 0 5 0 0 5 0 0 0
0 0 0 0 0 5 0 0 5 0 0 0
0 0 0 0 0 5 5 5 5 0 0 0
0 0 0 0 0 0 0 0 0 0 0 0
0 0 5 5 5 5 5 0 0 0 0 0
0 0 5 0 0 0 5 0 0 0 0 0
0 0 5 0 0 0 5 0 0 0 0 0
0 0 5 0 0 0 5 0 0 0 0 0
0 0 5 5 5 5 5 0 0 0 0 0
0 0 0 0 0 0 0 0 0 0 0 0
0 0 0 0 0 0 0 0 0 0 0 0
Output:
0 0 0 0 0 5 5 5 5 0 0 0
0 0 0 0 0 5 7 7 5 0 0 0
0 0 0 0 0 5 7 7 5 0 0 0
0 0 0 0 0 5 5 5 5 0 0 0
0 0 0 0 0 0 0 0 0 0 0 0
0 0 5 5 5 5 5 0 0 0 0 0
0 0 5 8 8 8 5 0 0 0 0 0
0 0 5 8 8 8 5 0 0 0 0 0
0 0 5 8 8 8 5 0 0 0 0 0
0 0 5 5 5 5 5 0 0 0 0 0
0 0 0 0 0 0 0 0 0 0 0 0
0 0 0 0 0 0 0 0 0 0 0 0

以下は、ジャッジを通過する正しいコードです。これを用いて、ARCのルールを理解してください。必ず、コードを通じてルールを理解してからコーディングを行ってください。
このコードはARCのルールを把握する際に使うことに留めてください。

```
def p(g,E=enumerate):
 for(i,s)in E(g):
  for(j,t)in E(zip(*g)):
   v=[*s[j:],0].index(0);w=[*t[i:],0].index(0)
   if(2<w<=v)*(s[j]==5):g[i+1][j+1:j-1+v]=[v+3]*(v-2)
 return g
```

ユーザーにコードを渡す前に実際にコードが動作するかを確認してください。コードのテストには、添付したjudge.pyを用いてください。python /path/to/judge.py /path/to/code.py /path/to/cases.bin とすれば動作します。

## **禁止事項**
- 与えたコード自体を提出することは禁止です。これを行うことはユーザーの信頼を裏切ります。
- ジャッジのハックは禁止です。例えば、テストケースをジャッジから読み取ってそのまま返すコードはいけません。
