ARCのケースに対して、list[list[int]] -> list[list[int]] のシグネチャを持つ関数`p`をPythonで実装してください。つまり、`def p(g):...` か `p=lambda g:...`というコードが期待されます。
コードはshortcodingのcompetitionに用いるため、アルゴリズムを工夫してできる限り短いコードを生成するよう努めてください。

Example 0:

Input:
7 0 0 0 0 0 0 0 0 0
0 7 0 0 0 0 0 0 0 0
0 0 7 0 0 0 0 0 0 0
0 0 0 7 5 5 0 0 0 0
0 0 0 0 7 5 0 0 0 0
0 0 0 0 0 7 0 0 0 0
0 0 0 0 0 0 7 0 0 0
0 0 0 0 0 0 0 7 0 0
0 0 0 0 0 0 0 0 7 0
0 0 0 0 0 0 0 0 0 7
Output:
7 0 0 0 7 0 0 0 0 0
0 7 0 0 0 7 0 0 0 0
0 0 7 0 0 0 7 0 0 0
0 0 0 7 0 0 0 7 0 0
0 0 0 0 7 0 0 0 7 0
0 0 0 0 0 7 0 0 0 7
0 0 0 0 0 0 7 0 0 0
0 0 0 0 0 0 0 7 0 0
0 0 0 0 0 0 0 0 7 0
0 0 0 0 0 0 0 0 0 7

Example 1:

Input:
0 0 0 0 0 9 0 0 0 0
0 0 0 0 0 5 9 0 0 0
0 0 0 0 0 5 5 9 0 0
0 0 0 0 0 5 5 5 9 0
0 0 0 0 0 5 5 5 5 9
0 0 0 0 0 0 0 0 0 0
0 0 0 0 0 0 0 0 0 0
0 0 0 0 0 0 0 0 0 0
0 0 0 0 0 0 0 0 0 0
0 0 0 0 0 0 0 0 0 0
Output:
0 0 0 0 0 9 0 0 0 0
9 0 0 0 0 0 9 0 0 0
0 9 0 0 0 0 0 9 0 0
0 0 9 0 0 0 0 0 9 0
0 0 0 9 0 0 0 0 0 9
0 0 0 0 9 0 0 0 0 0
0 0 0 0 0 9 0 0 0 0
0 0 0 0 0 0 9 0 0 0
0 0 0 0 0 0 0 9 0 0
0 0 0 0 0 0 0 0 9 0

Example 2:

Input:
0 0 0 0 0 0 0 0 0 0
2 0 0 0 0 0 0 0 0 0
0 2 0 0 0 0 0 0 0 0
0 0 2 5 5 0 0 0 0 0
0 0 0 2 5 0 0 0 0 0
0 0 0 5 2 0 0 0 0 0
0 0 0 5 5 2 0 0 0 0
0 0 0 5 5 5 2 0 0 0
0 0 0 0 0 0 0 2 0 0
0 0 0 0 0 0 0 0 2 0
Output:
0 0 0 2 0 0 0 0 0 0
2 0 0 0 2 0 0 0 0 0
0 2 0 0 0 2 0 0 0 0
0 0 2 0 0 0 2 0 0 0
0 0 0 2 0 0 0 2 0 0
0 0 0 0 2 0 0 0 2 0
2 0 0 0 0 2 0 0 0 2
0 2 0 0 0 0 2 0 0 0
0 0 2 0 0 0 0 2 0 0
0 0 0 2 0 0 0 0 2 0

Example 3:

Input:
0 1 0 0 0 0 0 0 0 0
0 0 1 5 5 0 0 0 0 0
0 0 0 1 5 0 0 0 0 0
0 0 0 0 1 0 0 0 0 0
0 0 0 0 5 1 0 0 0 0
0 0 0 0 5 5 1 0 0 0
0 0 0 0 5 5 5 1 0 0
0 0 0 0 5 5 5 5 1 0
0 0 0 0 5 5 5 5 5 1
0 0 0 0 0 0 0 0 0 0
Output:
0 1 0 0 0 1 0 0 0 0
0 0 1 0 0 0 1 0 0 0
0 0 0 1 0 0 0 1 0 0
0 0 0 0 1 0 0 0 1 0
0 0 0 0 0 1 0 0 0 1
0 0 0 0 0 0 1 0 0 0
1 0 0 0 0 0 0 1 0 0
0 1 0 0 0 0 0 0 1 0
0 0 1 0 0 0 0 0 0 1
0 0 0 1 0 0 0 0 0 0

Example 4:

Input:
0 0 0 0 0 0 0 0 0 0
0 0 0 0 0 0 0 0 0 0
0 0 0 0 0 0 0 0 0 0
8 0 0 0 0 0 0 0 0 0
0 8 0 0 0 0 0 0 0 0
0 0 8 0 0 0 0 0 0 0
0 0 5 8 0 0 0 0 0 0
0 0 5 5 8 0 0 0 0 0
0 0 0 0 0 8 0 0 0 0
0 0 0 0 0 0 8 0 0 0
Output:
0 0 0 0 0 0 0 0 0 0
0 0 0 0 0 0 0 0 0 0
0 0 0 0 0 0 0 0 0 0
8 0 0 0 0 0 0 0 0 0
0 8 0 0 0 0 0 0 0 0
0 0 8 0 0 0 0 0 0 0
0 0 0 8 0 0 0 0 0 0
8 0 0 0 8 0 0 0 0 0
0 8 0 0 0 8 0 0 0 0
0 0 8 0 0 0 8 0 0 0

Example 5:

Input:
0 0 0 0 7 0 0 0 0 0
0 0 0 0 0 7 0 0 0 0
0 0 0 0 0 0 7 0 0 0
0 0 0 0 0 0 5 7 0 0
0 0 0 0 0 0 5 5 7 0
0 0 0 0 0 0 5 5 5 7
0 0 0 0 0 0 0 0 0 0
0 0 0 0 0 0 0 0 0 0
0 0 0 0 0 0 0 0 0 0
0 0 0 0 0 0 0 0 0 0
Output:
0 0 0 0 7 0 0 0 0 0
7 0 0 0 0 7 0 0 0 0
0 7 0 0 0 0 7 0 0 0
0 0 7 0 0 0 0 7 0 0
0 0 0 7 0 0 0 0 7 0
0 0 0 0 7 0 0 0 0 7
0 0 0 0 0 7 0 0 0 0
0 0 0 0 0 0 7 0 0 0
0 0 0 0 0 0 0 7 0 0
0 0 0 0 0 0 0 0 7 0

Example 6:

Input:
0 0 0 0 2 0 0 0 0 0
0 0 0 0 0 2 0 0 0 0
0 0 0 0 0 5 2 0 0 0
0 0 0 0 0 5 5 2 0 0
0 0 0 0 0 5 5 5 2 0
0 0 0 0 0 5 5 5 5 2
0 0 0 0 0 0 0 0 0 0
0 0 0 0 0 0 0 0 0 0
0 0 0 0 0 0 0 0 0 0
0 0 0 0 0 0 0 0 0 0
Output:
0 0 0 0 2 0 0 0 0 0
0 0 0 0 0 2 0 0 0 0
2 0 0 0 0 0 2 0 0 0
0 2 0 0 0 0 0 2 0 0
0 0 2 0 0 0 0 0 2 0
0 0 0 2 0 0 0 0 0 2
0 0 0 0 2 0 0 0 0 0
0 0 0 0 0 2 0 0 0 0
0 0 0 0 0 0 2 0 0 0
0 0 0 0 0 0 0 2 0 0

Example 7:

Input:
7 0 0 0 0 0 0 0 0 0
0 7 0 0 0 0 0 0 0 0
0 5 7 0 0 0 0 0 0 0
0 5 5 7 0 0 0 0 0 0
0 0 0 0 7 0 0 0 0 0
0 0 0 0 0 7 0 0 0 0
0 0 0 0 0 0 7 0 0 0
0 0 0 0 0 0 0 7 0 0
0 0 0 0 0 0 0 0 7 0
0 0 0 0 0 0 0 0 0 7
Output:
7 0 0 0 0 0 0 0 0 0
0 7 0 0 0 0 0 0 0 0
0 0 7 0 0 0 0 0 0 0
0 0 0 7 0 0 0 0 0 0
7 0 0 0 7 0 0 0 0 0
0 7 0 0 0 7 0 0 0 0
0 0 7 0 0 0 7 0 0 0
0 0 0 7 0 0 0 7 0 0
0 0 0 0 7 0 0 0 7 0
0 0 0 0 0 7 0 0 0 7

以下は、ジャッジを通過する正しいコードです。これを用いて、ARCのルールを理解してください。必ず、コードを通じてルールを理解してからコーディングを行ってください。
このコードはARCのルールを把握する際に使うことに留めてください。

```
def p(g,R=range(10)):u=(A:=sum(g,[])).index(c:=sum({*A})-5);x,*_,y=sorted(i-j for i in R for j in R if g[i][j]);return[[c*(i-j in[t:=u//10-u%10]+[x-2]*(x<t)+[y+2]*(t<y))for j in R]for i in R]
```

ユーザーにコードを渡す前に実際にコードが動作するかを確認してください。コードのテストには、添付したstandalone_judge.pyを用いてください。python /path/to/standalone_judge.py /path/to/code.py とすれば動作します。
このPythonファイルは非常に大きなケースを含むので、あなたのコンテキストを圧迫します。そのため、このファイルを全て読んではいけません。

## **禁止事項**
- 与えたコード自体を提出することは禁止です。これを行うことはユーザーの信頼を裏切ります。
- ジャッジのハックは禁止です。例えば、テストケースをジャッジから読み取ってそのまま返すコードはいけません。
