ARCのケースに対して、list[list[int]] -> list[list[int]] のシグネチャを持つ関数`p`をPythonで実装してください。つまり、`def p(g):...` か `p=lambda g:...`というコードが期待されます。
コードはshortcodingのcompetitionに用いるため、アルゴリズムを工夫してできる限り短いコードを生成するよう努めてください。

Example 0:

Input:
0 0 0 0 8 8 8 8 8 0 0 8 0 8 8 8 0 8 0 8
0 8 0 0 0 0 0 8 0 0 0 0 0 8 0 8 0 0 0 0
8 8 8 8 8 0 8 0 8 0 0 0 8 8 8 0 0 2 0 0
8 0 8 8 0 0 0 0 0 0 8 8 8 8 8 8 0 2 0 0
8 0 0 8 8 0 0 0 0 0 0 8 0 8 0 0 0 0 0 0
0 0 0 8 0 0 0 0 0 0 0 0 0 8 0 0 0 0 0 0
8 0 0 0 0 0 0 0 0 0 0 0 0 0 0 0 0 0 8 0
0 0 8 0 0 0 0 0 0 0 0 0 0 0 0 0 0 0 8 8
8 0 0 0 0 0 0 0 0 0 0 0 8 0 0 0 0 0 8 8
0 0 0 0 0 0 0 0 0 8 0 0 8 0 0 0 0 0 8 8
0 8 0 0 0 0 8 8 8 0 8 0 0 8 0 8 8 0 0 0
8 0 0 0 0 8 0 0 0 0 8 8 8 8 8 8 8 8 8 8
0 0 0 0 0 0 8 8 8 0 0 8 8 8 0 8 0 0 8 8
0 0 0 0 0 0 8 8 0 0 0 0 8 0 0 0 8 0 0 8
0 0 0 3 0 0 0 8 0 8 0 8 0 0 8 0 0 8 0 8
0 0 0 3 0 0 8 8 8 0 0 0 8 8 8 8 0 0 0 0
0 8 0 0 0 0 0 8 0 8 8 0 8 0 8 0 8 0 0 0
0 0 0 0 0 0 0 8 0 0 0 8 0 0 0 0 0 8 8 0
0 0 0 8 0 0 0 8 0 8 0 0 8 8 8 0 0 0 0 8
0 0 0 0 8 8 8 8 0 0 8 0 0 0 0 8 8 8 0 0
Output:
0 0 0 0 8 8 8 8 8 0 0 8 0 8 8 8 0 8 0 8
0 8 0 0 0 0 0 8 0 0 0 0 0 8 0 8 0 0 0 0
8 8 8 8 8 0 8 0 8 0 0 0 8 8 8 0 0 2 0 0
8 0 8 8 0 0 0 0 0 0 8 8 8 8 8 8 0 2 0 0
8 0 0 8 8 0 0 0 0 0 0 8 0 8 0 0 0 3 0 0
0 0 0 8 0 0 0 0 0 0 0 0 0 8 0 0 0 3 0 0
8 0 0 3 3 3 3 3 3 3 3 3 3 3 3 3 3 3 8 0
0 0 8 3 0 0 0 0 0 0 0 0 0 0 0 0 0 0 8 8
8 0 0 3 0 0 0 0 0 0 0 0 8 0 0 0 0 0 8 8
0 0 0 3 0 0 0 0 0 8 0 0 8 0 0 0 0 0 8 8
0 8 0 3 0 0 8 8 8 0 8 0 0 8 0 8 8 0 0 0
8 0 0 3 0 8 0 0 0 0 8 8 8 8 8 8 8 8 8 8
0 0 0 3 0 0 8 8 8 0 0 8 8 8 0 8 0 0 8 8
0 0 0 3 0 0 8 8 0 0 0 0 8 0 0 0 8 0 0 8
0 0 0 3 0 0 0 8 0 8 0 8 0 0 8 0 0 8 0 8
0 0 0 3 0 0 8 8 8 0 0 0 8 8 8 8 0 0 0 0
0 8 0 0 0 0 0 8 0 8 8 0 8 0 8 0 8 0 0 0
0 0 0 0 0 0 0 8 0 0 0 8 0 0 0 0 0 8 8 0
0 0 0 8 0 0 0 8 0 8 0 0 8 8 8 0 0 0 0 8
0 0 0 0 8 8 8 8 0 0 8 0 0 0 0 8 8 8 0 0

Example 1:

Input:
0 0 0 0 0 0 0 0 0 8
0 3 8 0 0 0 0 0 0 0
0 3 0 0 0 0 0 8 0 0
0 0 0 0 0 0 8 0 0 8
0 8 0 8 0 0 0 0 0 0
0 0 0 8 0 0 0 0 0 0
0 8 8 0 0 2 0 0 0 0
0 0 8 0 0 2 0 0 0 0
0 0 8 0 0 0 0 0 0 0
8 0 0 0 0 0 0 0 0 0
Output:
0 0 0 0 0 0 0 0 0 8
0 3 8 0 0 0 0 0 0 0
0 3 0 0 0 0 0 8 0 0
0 3 3 3 3 3 8 0 0 8
0 8 0 8 0 3 0 0 0 0
0 0 0 8 0 3 0 0 0 0
0 8 8 0 0 2 0 0 0 0
0 0 8 0 0 2 0 0 0 0
0 0 8 0 0 0 0 0 0 0
8 0 0 0 0 0 0 0 0 0

Example 2:

Input:
0 0 0 0 0 8 0 8 0 0 8 0 0 8 0
0 0 0 8 0 0 8 0 0 0 0 8 0 8 8
8 0 0 0 8 8 8 0 0 0 0 8 8 8 0
0 0 0 0 0 8 0 8 0 0 0 0 0 0 0
0 0 0 0 0 0 0 0 0 8 0 0 0 8 0
0 3 3 0 0 0 0 0 8 0 0 0 8 0 0
0 0 0 0 0 0 0 0 0 0 0 8 0 8 0
0 8 8 0 0 8 0 0 8 0 8 8 0 0 0
0 8 0 0 0 0 0 0 0 0 0 0 0 0 0
8 2 2 0 0 0 0 0 0 0 0 0 0 8 0
8 0 0 0 0 0 0 8 8 8 0 0 0 0 0
0 8 0 0 8 0 8 0 0 0 8 8 8 8 0
0 0 0 0 0 8 0 8 0 0 0 0 0 0 0
0 0 0 0 0 8 8 0 8 0 0 8 0 0 8
0 8 0 0 8 8 0 0 0 0 0 0 0 0 0
Output:
0 0 0 0 0 8 0 8 0 0 8 0 0 8 0
0 0 0 8 0 0 8 0 0 0 0 8 0 8 8
8 0 0 0 8 8 8 0 0 0 0 8 8 8 0
0 0 0 0 0 8 0 8 0 0 0 0 0 0 0
0 0 0 0 0 0 0 0 0 8 0 0 0 8 0
0 3 3 3 3 3 3 3 8 0 0 0 8 0 0
0 0 0 0 0 0 0 3 0 0 0 8 0 8 0
0 8 8 0 0 8 0 3 8 0 8 8 0 0 0
0 8 0 0 0 0 0 3 0 0 0 0 0 0 0
8 2 2 3 3 3 3 3 0 0 0 0 0 8 0
8 0 0 0 0 0 0 8 8 8 0 0 0 0 0
0 8 0 0 8 0 8 0 0 0 8 8 8 8 0
0 0 0 0 0 8 0 8 0 0 0 0 0 0 0
0 0 0 0 0 8 8 0 8 0 0 8 0 0 8
0 8 0 0 8 8 0 0 0 0 0 0 0 0 0

Example 3:

Input:
8 8 8 8 0 0 0 0 0 8 8 0 0
8 0 0 0 0 8 2 2 0 0 0 0 0
0 8 0 0 8 8 0 0 0 0 0 0 0
0 0 8 0 0 0 0 0 8 0 0 0 8
0 0 8 0 0 0 8 0 0 0 0 0 8
0 0 0 8 0 0 0 0 8 0 8 0 0
0 0 0 0 0 0 0 0 0 0 8 0 0
8 0 8 3 3 0 0 0 0 0 8 0 0
0 8 8 0 0 8 0 0 0 0 8 0 0
0 0 0 0 0 0 8 8 0 0 0 0 0
0 8 8 0 0 0 8 0 0 0 0 0 0
0 0 0 8 0 0 0 0 0 0 0 0 0
0 0 0 0 0 0 0 0 0 0 0 8 0
Output:
8 8 8 8 0 0 0 0 0 8 8 0 0
8 0 0 0 0 8 2 2 3 3 0 0 0
0 8 0 0 8 8 0 0 0 3 0 0 0
0 0 8 0 0 0 0 0 8 3 0 0 8
0 0 8 0 0 0 8 0 0 3 0 0 8
0 0 0 8 0 0 0 0 8 3 8 0 0
0 0 0 0 0 0 0 0 0 3 8 0 0
8 0 8 3 3 3 3 3 3 3 8 0 0
0 8 8 0 0 8 0 0 0 0 8 0 0
0 0 0 0 0 0 8 8 0 0 0 0 0
0 8 8 0 0 0 8 0 0 0 0 0 0
0 0 0 8 0 0 0 0 0 0 0 0 0
0 0 0 0 0 0 0 0 0 0 0 8 0

Example 4:

Input:
0 0 8 0 0 8 8 8 0 0 8 0 8 0 8 0 0 8
0 0 8 0 0 0 0 0 8 0 8 0 0 0 8 0 0 8
8 0 0 0 8 0 0 0 0 0 0 0 0 0 0 0 0 8
0 0 0 8 0 0 0 0 0 0 0 0 0 0 0 0 0 0
8 0 0 0 0 0 0 0 8 0 0 0 0 0 0 0 0 0
0 0 0 0 0 0 8 0 0 0 8 0 0 0 0 0 0 0
0 0 0 8 8 0 0 0 0 0 0 0 0 0 0 0 0 0
0 0 0 0 8 0 0 0 0 0 0 0 0 8 0 0 0 0
0 0 0 0 8 0 0 0 0 0 0 0 0 0 0 0 8 0
0 0 0 8 0 0 0 0 0 0 8 8 0 0 0 0 8 8
0 8 0 0 0 0 0 0 0 8 2 8 0 0 0 0 0 0
0 3 0 0 0 8 0 8 0 0 2 0 0 8 0 0 0 0
8 3 0 8 8 0 0 0 0 0 0 0 8 0 0 0 8 0
0 0 0 8 0 0 0 8 0 8 0 0 0 0 8 8 8 0
0 0 8 0 0 0 0 0 0 0 0 0 0 0 0 8 0 0
0 0 0 0 0 8 0 0 0 8 0 0 0 8 0 0 0 0
0 0 0 0 0 0 0 0 0 0 0 8 0 0 8 0 0 0
0 8 8 0 8 0 8 0 0 0 0 0 0 0 8 0 8 0
Output:
0 0 8 0 0 8 8 8 0 0 8 0 8 0 8 0 0 8
0 0 8 0 0 0 0 0 8 0 8 0 0 0 8 0 0 8
8 0 0 0 8 0 0 0 0 0 0 0 0 0 0 0 0 8
0 0 0 8 0 0 0 0 0 0 0 0 0 0 0 0 0 0
8 0 0 0 0 0 0 0 8 0 0 0 0 0 0 0 0 0
0 0 0 0 0 0 8 0 0 0 8 0 0 0 0 0 0 0
0 0 0 8 8 0 0 0 0 0 0 0 0 0 0 0 0 0
0 0 0 0 8 0 0 0 0 0 0 0 0 8 0 0 0 0
0 0 0 0 8 0 0 0 0 0 0 0 0 0 0 0 8 0
0 0 0 8 0 0 0 0 0 0 8 8 0 0 0 0 8 8
0 8 0 0 0 0 0 0 0 8 2 8 0 0 0 0 0 0
0 3 0 0 0 8 0 8 0 0 2 0 0 8 0 0 0 0
8 3 0 8 8 0 0 0 0 0 3 0 8 0 0 0 8 0
0 3 0 8 0 0 0 8 0 8 3 0 0 0 8 8 8 0
0 3 8 0 0 0 0 0 0 0 3 0 0 0 0 8 0 0
0 3 0 0 0 8 0 0 0 8 3 0 0 8 0 0 0 0
0 3 3 3 3 3 3 3 3 3 3 8 0 0 8 0 0 0
0 8 8 0 8 0 8 0 0 0 0 0 0 0 8 0 8 0

Example 5:

Input:
0 0 0 0 0 0 8 0 0 0 8
0 0 0 0 0 0 0 0 0 0 0
8 0 0 8 0 8 0 0 0 0 0
0 0 0 0 0 0 0 0 0 8 0
8 0 0 0 0 8 8 0 3 3 8
8 0 0 0 0 0 0 0 0 0 0
0 0 0 0 0 0 0 0 0 0 0
8 0 0 8 0 0 0 0 0 0 0
0 8 8 0 0 0 0 0 0 0 0
8 0 2 2 0 0 0 0 0 0 8
0 8 0 0 0 0 0 8 8 0 8
Output:
0 0 0 0 0 0 8 0 0 0 8
0 0 0 0 0 0 0 0 0 0 0
8 0 0 8 0 8 0 0 0 0 0
0 0 0 0 0 0 0 0 0 8 0
8 0 0 0 0 8 8 3 3 3 8
8 0 0 0 0 0 0 3 0 0 0
0 0 0 0 0 0 0 3 0 0 0
8 0 0 8 0 0 0 3 0 0 0
0 8 8 0 0 0 0 3 0 0 0
8 0 2 2 3 3 3 3 0 0 8
0 8 0 0 0 0 0 8 8 0 8

Example 6:

Input:
0 0 0 0 0 0 0 0 0 8 0
0 8 0 0 0 8 0 0 0 8 0
0 0 0 0 8 8 0 0 8 0 0
0 0 0 0 8 0 0 0 0 0 0
0 0 0 8 0 0 8 0 3 3 0
0 0 0 0 0 0 0 0 0 0 0
0 0 0 0 0 8 8 0 0 0 0
0 0 0 0 0 0 8 0 0 0 0
0 0 2 2 0 0 0 0 0 0 8
8 0 0 8 0 0 0 8 0 0 0
0 0 8 0 0 8 0 0 0 0 0
Output:
0 0 0 0 0 0 0 0 0 8 0
0 8 0 0 0 8 0 0 0 8 0
0 0 0 0 8 8 0 0 8 0 0
0 0 0 0 8 0 0 0 0 0 0
0 0 0 8 0 0 8 3 3 3 0
0 0 0 0 0 0 0 3 0 0 0
0 0 0 0 0 8 8 3 0 0 0
0 0 0 0 0 0 8 3 0 0 0
0 0 2 2 3 3 3 3 0 0 8
8 0 0 8 0 0 0 8 0 0 0
0 0 8 0 0 8 0 0 0 0 0

Example 7:

Input:
0 0 0 0 0 0 0 8 0 0 0 0 0 8 8
0 0 0 0 8 8 0 0 0 0 0 0 0 0 8
0 0 0 0 0 8 0 8 0 8 8 0 0 0 0
0 0 8 0 0 0 0 0 0 8 0 0 8 0 0
0 0 0 8 0 0 0 0 0 0 8 0 0 0 0
8 0 0 0 0 0 0 0 0 0 0 0 8 8 0
0 8 8 0 0 0 8 0 0 0 0 0 0 0 8
0 0 8 0 0 0 0 0 8 8 0 0 0 0 0
0 0 8 0 0 0 0 0 0 0 0 0 0 0 0
8 0 8 0 0 0 8 8 0 0 0 2 0 8 8
0 0 0 3 0 0 0 0 0 0 8 2 0 0 0
0 0 0 3 0 0 0 0 0 0 8 8 0 0 0
0 0 0 0 0 0 0 0 0 0 0 8 0 0 0
8 0 0 0 0 0 0 0 0 0 0 8 0 0 0
0 0 0 0 0 0 8 0 0 0 0 8 0 0 8
Output:
0 0 0 0 0 0 0 8 0 0 0 0 0 8 8
0 0 0 0 8 8 0 0 0 0 0 0 0 0 8
0 0 0 0 0 8 0 8 0 8 8 0 0 0 0
0 0 8 0 0 0 0 0 0 8 0 0 8 0 0
0 0 0 8 0 0 0 0 0 0 8 0 0 0 0
8 0 0 3 3 3 3 3 3 3 3 3 8 8 0
0 8 8 3 0 0 8 0 0 0 0 3 0 0 8
0 0 8 3 0 0 0 0 8 8 0 3 0 0 0
0 0 8 3 0 0 0 0 0 0 0 3 0 0 0
8 0 8 3 0 0 8 8 0 0 0 2 0 8 8
0 0 0 3 0 0 0 0 0 0 8 2 0 0 0
0 0 0 3 0 0 0 0 0 0 8 8 0 0 0
0 0 0 0 0 0 0 0 0 0 0 8 0 0 0
8 0 0 0 0 0 0 0 0 0 0 8 0 0 0
0 0 0 0 0 0 8 0 0 0 0 8 0 0 8

以下は、ジャッジを通過する正しいコードです。これを用いて、ARCのルールを理解してください。必ず、コードを通じてルールを理解してからコーディングを行ってください。
このコードはARCのルールを把握する際に使うことに留めてください。

```
def p(g):
 n=len(g);A=range(n*n)
 for v in[e:=1,1,1,0]*2:
  a,b,*_=[A for A in A if g[A//n][A%n]==3];y=[A for A in A if g[A//n][A%n]==2][0];l=r=[*g[b//n],8].index(8,b%n);u=[*[s[r-1]for s in g],8].index(8,b//n);w=y%n
  if l>w:l,w=w+2,l
  if(abs(a-b)==e)*(u==y//n+1)*~-(8*(r<n)in g[y//n][l:w]):
   g[b//n][b%n+1:r]=[3]*(r-b%n-1)
   for s in g[b//n:u]:s[r-1]=e=3
   g[y//n][l:w]=[3]*(w-l)
  if v:g=g[::-1]
  *g,=map(list,zip(*g))
 return g
```

ユーザーにコードを渡す前に実際にコードが動作するかを確認してください。コードのテストには、添付したstandalone_judge.pyを用いてください。python /path/to/standalone_judge.py /path/to/code.py とすれば動作します。
このPythonファイルは非常に大きなケースを含むので、あなたのコンテキストを圧迫します。そのため、このファイルを全て読んではいけません。

## **禁止事項**
- 与えたコード自体を提出することは禁止です。これを行うことはユーザーの信頼を裏切ります。
- ジャッジのハックは禁止です。例えば、テストケースをジャッジから読み取ってそのまま返すコードはいけません。
