ARCのケースに対して、list[list[int]] -> list[list[int]] のシグネチャを持つ関数`p`をPythonで実装してください。つまり、`def p(g):...` か `p=lambda g:...`というコードが期待されます。
コードはshortcodingのcompetitionに用いるため、アルゴリズムを工夫してできる限り短いコードを生成するよう努めてください。

Example 0:

Input:
0 0 0 0 0 0 0 0 0 0
0 0 0 0 0 0 0 0 0 0
0 0 5 5 5 5 5 5 0 0
0 0 5 0 0 0 0 5 0 0
0 0 5 0 0 0 0 5 0 0
0 0 5 0 0 0 0 5 0 0
0 0 5 0 0 0 0 5 0 0
0 0 5 5 5 0 5 5 0 0
0 0 0 0 0 0 0 0 0 0
0 0 0 0 0 0 0 0 0 0
Output:
0 0 0 0 0 0 0 0 0 0
0 0 0 0 0 0 0 0 0 0
0 0 5 5 5 5 5 5 0 0
0 0 5 8 8 8 8 5 0 0
0 0 5 8 8 8 8 5 0 0
0 0 5 8 8 8 8 5 0 0
0 0 5 8 8 8 8 5 0 0
0 0 5 5 5 8 5 5 0 0
0 0 0 0 0 8 0 0 0 0
0 0 0 0 0 8 0 0 0 0

Example 1:

Input:
0 0 0 0 0 0 0 0 0 0
0 0 0 0 0 0 0 0 0 0
0 0 0 0 0 0 0 0 0 0
0 0 0 0 0 0 0 0 0 0
0 0 0 0 0 0 0 0 0 0
0 0 5 5 5 0 5 5 0 0
0 0 5 0 0 0 0 5 0 0
0 0 5 0 0 0 0 5 0 0
0 0 5 0 0 0 0 5 0 0
0 0 5 5 5 5 5 5 0 0
Output:
0 0 0 0 0 8 0 0 0 0
0 0 0 0 0 8 0 0 0 0
0 0 0 0 0 8 0 0 0 0
0 0 0 0 0 8 0 0 0 0
0 0 0 0 0 8 0 0 0 0
0 0 5 5 5 8 5 5 0 0
0 0 5 8 8 8 8 5 0 0
0 0 5 8 8 8 8 5 0 0
0 0 5 8 8 8 8 5 0 0
0 0 5 5 5 5 5 5 0 0

Example 2:

Input:
0 0 0 0 0 0 0 0 0 0
0 0 0 0 0 0 0 0 0 0
0 0 5 5 5 5 5 0 0 0
0 0 5 0 0 0 5 0 0 0
0 0 5 0 0 0 5 0 0 0
0 0 5 0 0 0 0 0 0 0
0 0 5 0 0 0 5 0 0 0
0 0 5 5 5 5 5 0 0 0
0 0 0 0 0 0 0 0 0 0
0 0 0 0 0 0 0 0 0 0
Output:
0 0 0 0 0 0 0 0 0 0
0 0 0 0 0 0 0 0 0 0
0 0 5 5 5 5 5 0 0 0
0 0 5 8 8 8 5 0 0 0
0 0 5 8 8 8 5 0 0 0
0 0 5 8 8 8 8 8 8 8
0 0 5 8 8 8 5 0 0 0
0 0 5 5 5 5 5 0 0 0
0 0 0 0 0 0 0 0 0 0
0 0 0 0 0 0 0 0 0 0

Example 3:

Input:
0 0 0 0 0 0 0 0 0 0
0 0 0 0 0 0 0 0 0 0
0 0 0 5 5 5 5 5 0 0
0 0 0 5 0 0 0 5 0 0
0 0 0 5 0 0 0 5 0 0
0 0 0 5 0 0 0 0 0 0
0 0 0 5 0 0 0 5 0 0
0 0 0 5 5 5 5 5 0 0
0 0 0 0 0 0 0 0 0 0
0 0 0 0 0 0 0 0 0 0
Output:
0 0 0 0 0 0 0 0 0 0
0 0 0 0 0 0 0 0 0 0
0 0 0 5 5 5 5 5 0 0
0 0 0 5 8 8 8 5 0 0
0 0 0 5 8 8 8 5 0 0
0 0 0 5 8 8 8 8 8 8
0 0 0 5 8 8 8 5 0 0
0 0 0 5 5 5 5 5 0 0
0 0 0 0 0 0 0 0 0 0
0 0 0 0 0 0 0 0 0 0

Example 4:

Input:
0 0 0 0 0 0 0 0 0 0
0 0 0 0 0 0 0 0 0 0
0 0 5 5 5 5 5 5 0 0
0 0 5 0 0 0 0 5 0 0
0 0 5 0 0 0 0 5 0 0
0 0 5 0 0 0 0 5 0 0
0 0 5 5 5 0 5 5 0 0
0 0 0 0 0 0 0 0 0 0
0 0 0 0 0 0 0 0 0 0
0 0 0 0 0 0 0 0 0 0
Output:
0 0 0 0 0 0 0 0 0 0
0 0 0 0 0 0 0 0 0 0
0 0 5 5 5 5 5 5 0 0
0 0 5 8 8 8 8 5 0 0
0 0 5 8 8 8 8 5 0 0
0 0 5 8 8 8 8 5 0 0
0 0 5 5 5 8 5 5 0 0
0 0 0 0 0 8 0 0 0 0
0 0 0 0 0 8 0 0 0 0
0 0 0 0 0 8 0 0 0 0

Example 5:

Input:
0 0 0 0 0 0 0 0 0 0
0 0 0 0 0 0 0 0 0 0
0 0 0 0 0 0 0 0 0 0
0 0 5 5 5 5 5 5 0 0
0 0 5 0 0 0 0 5 0 0
0 0 5 0 0 0 0 5 0 0
0 0 5 0 0 0 0 5 0 0
0 0 5 5 5 0 5 5 0 0
0 0 0 0 0 0 0 0 0 0
0 0 0 0 0 0 0 0 0 0
Output:
0 0 0 0 0 0 0 0 0 0
0 0 0 0 0 0 0 0 0 0
0 0 0 0 0 0 0 0 0 0
0 0 5 5 5 5 5 5 0 0
0 0 5 8 8 8 8 5 0 0
0 0 5 8 8 8 8 5 0 0
0 0 5 8 8 8 8 5 0 0
0 0 5 5 5 8 5 5 0 0
0 0 0 0 0 8 0 0 0 0
0 0 0 0 0 8 0 0 0 0

Example 6:

Input:
0 0 5 5 5 5 5 5 0 0
0 0 5 0 0 0 0 5 0 0
0 0 5 0 0 0 0 5 0 0
0 0 5 0 0 0 0 5 0 0
0 0 5 0 0 0 0 5 0 0
0 0 5 5 5 0 5 5 0 0
0 0 0 0 0 0 0 0 0 0
0 0 0 0 0 0 0 0 0 0
0 0 0 0 0 0 0 0 0 0
0 0 0 0 0 0 0 0 0 0
Output:
0 0 5 5 5 5 5 5 0 0
0 0 5 8 8 8 8 5 0 0
0 0 5 8 8 8 8 5 0 0
0 0 5 8 8 8 8 5 0 0
0 0 5 8 8 8 8 5 0 0
0 0 5 5 5 8 5 5 0 0
0 0 0 0 0 8 0 0 0 0
0 0 0 0 0 8 0 0 0 0
0 0 0 0 0 8 0 0 0 0
0 0 0 0 0 8 0 0 0 0

Example 7:

Input:
0 0 0 0 0 0 0 0 0 0
0 0 0 0 0 0 0 0 0 0
0 5 5 5 5 5 5 0 0 0
0 5 0 0 0 0 5 0 0 0
0 5 0 0 0 0 5 0 0 0
0 5 0 0 0 0 0 0 0 0
0 5 0 0 0 0 5 0 0 0
0 5 5 5 5 5 5 0 0 0
0 0 0 0 0 0 0 0 0 0
0 0 0 0 0 0 0 0 0 0
Output:
0 0 0 0 0 0 0 0 0 0
0 0 0 0 0 0 0 0 0 0
0 5 5 5 5 5 5 0 0 0
0 5 8 8 8 8 5 0 0 0
0 5 8 8 8 8 5 0 0 0
0 5 8 8 8 8 8 8 8 8
0 5 8 8 8 8 5 0 0 0
0 5 5 5 5 5 5 0 0 0
0 0 0 0 0 0 0 0 0 0
0 0 0 0 0 0 0 0 0 0

以下は、ジャッジを通過する正しいコードです。これを用いて、ARCのルールを理解してください。必ず、コードを通じてルールを理解してからコーディングを行ってください。
このコードはARCのルールを把握する際に使うことに留めてください。

```
def p(g):
 r,c=len(g),len(g[0]);C=min(i for i in range(r)for j in range(c)if g[i][j]==5);D=max(i for i in range(r)for j in range(c)if g[i][j]==5);E=min(j for i in range(r)for j in range(c)if g[i][j]==5);F=max(j for i in range(r)for j in range(c)if g[i][j]==5)
 for k in range(E,F+1):
  if g[C][k]==0:A,B=C,k;break
 else:
  for k in range(E,F+1):
   if g[D][k]==0:A,B=D,k;break
  else:
   for i in range(C,D+1):
    if g[i][E]==0:A,B=i,E;break
   else:
    for i in range(C,D+1):
     if g[i][F]==0:A,B=i,F;break
 for i in range(C+1,D):
  for j in range(E+1,F):
   if g[i][j]==0:g[i][j]=8
 if A==C:
  for i in range(A+1):g[i][B]=8
 elif A==D:
  for i in range(A,r):g[i][B]=8
 elif B==E:
  for k in range(B+1):g[A][k]=8
 else:
  for k in range(B,c):g[A][k]=8
 return g
```

ユーザーにコードを渡す前に実際にコードが動作するかを確認してください。コードのテストには、添付したstandalone_judge.pyを用いてください。python /path/to/standalone_judge.py /path/to/code.py とすれば動作します。
このPythonファイルは非常に大きなケースを含むので、あなたのコンテキストを圧迫します。そのため、このファイルを全て読んではいけません。

## **禁止事項**
- 与えたコード自体を提出することは禁止です。これを行うことはユーザーの信頼を裏切ります。
- ジャッジのハックは禁止です。例えば、テストケースをジャッジから読み取ってそのまま返すコードはいけません。
