ARCのケースに対して、list[list[int]] -> list[list[int]] のシグネチャを持つ関数`p`をPythonで実装してください。つまり、`def p(g):...` か `p=lambda g:...`というコードが期待されます。
コードはshortcodingのcompetitionに用いるため、アルゴリズムを工夫してできる限り短いコードを生成するよう努めてください。

Example 0:

Input:
0 0 0 0 0 0 0 0 0
0 0 5 0 0 0 0 0 0
0 0 5 0 0 0 5 0 0
5 0 5 0 0 0 5 0 0
5 0 5 0 0 0 5 0 0
5 0 5 0 5 0 5 0 0
5 0 5 0 5 0 5 0 5
5 0 5 0 5 0 5 0 5
5 0 5 0 5 0 5 0 5
Output:
0 0 0 0 0 0 0 0 0
0 0 1 0 0 0 0 0 0
0 0 1 0 0 0 0 0 0
0 0 1 0 0 0 0 0 0
0 0 1 0 0 0 0 0 0
0 0 1 0 0 0 0 0 0
0 0 1 0 0 0 0 0 2
0 0 1 0 0 0 0 0 2
0 0 1 0 0 0 0 0 2

Example 1:

Input:
0 0 0 0 5 0 0 0 0
0 0 0 0 5 0 0 0 0
5 0 0 0 5 0 0 0 0
5 0 0 0 5 0 5 0 0
5 0 0 0 5 0 5 0 0
5 0 0 0 5 0 5 0 0
5 0 0 0 5 0 5 0 0
5 0 5 0 5 0 5 0 0
5 0 5 0 5 0 5 0 0
Output:
0 0 0 0 1 0 0 0 0
0 0 0 0 1 0 0 0 0
0 0 0 0 1 0 0 0 0
0 0 0 0 1 0 0 0 0
0 0 0 0 1 0 0 0 0
0 0 0 0 1 0 0 0 0
0 0 0 0 1 0 0 0 0
0 0 2 0 1 0 0 0 0
0 0 2 0 1 0 0 0 0

Example 2:

Input:
0 0 0 0 0 0 0 0 0
0 0 0 0 0 0 0 5 0
0 0 0 5 0 0 0 5 0
0 0 0 5 0 0 0 5 0
0 0 0 5 0 5 0 5 0
0 0 0 5 0 5 0 5 0
0 0 0 5 0 5 0 5 0
0 0 0 5 0 5 0 5 0
0 5 0 5 0 5 0 5 0
Output:
0 0 0 0 0 0 0 0 0
0 0 0 0 0 0 0 1 0
0 0 0 0 0 0 0 1 0
0 0 0 0 0 0 0 1 0
0 0 0 0 0 0 0 1 0
0 0 0 0 0 0 0 1 0
0 0 0 0 0 0 0 1 0
0 0 0 0 0 0 0 1 0
0 2 0 0 0 0 0 1 0

Example 3:

Input:
0 0 0 0 5 0 0 0 0
0 0 0 0 5 0 0 0 0
0 0 0 0 5 0 0 0 0
0 0 0 0 5 0 0 0 0
0 0 0 0 5 0 0 0 5
0 0 0 0 5 0 5 0 5
5 0 0 0 5 0 5 0 5
5 0 0 0 5 0 5 0 5
5 0 5 0 5 0 5 0 5
Output:
0 0 0 0 1 0 0 0 0
0 0 0 0 1 0 0 0 0
0 0 0 0 1 0 0 0 0
0 0 0 0 1 0 0 0 0
0 0 0 0 1 0 0 0 0
0 0 0 0 1 0 0 0 0
0 0 0 0 1 0 0 0 0
0 0 0 0 1 0 0 0 0
0 0 2 0 1 0 0 0 0

Example 4:

Input:
5 0 0 0 0 0 0 0 0
5 0 0 0 5 0 0 0 0
5 0 0 0 5 0 0 0 0
5 0 0 0 5 0 0 0 5
5 0 0 0 5 0 5 0 5
5 0 0 0 5 0 5 0 5
5 0 0 0 5 0 5 0 5
5 0 5 0 5 0 5 0 5
5 0 5 0 5 0 5 0 5
Output:
1 0 0 0 0 0 0 0 0
1 0 0 0 0 0 0 0 0
1 0 0 0 0 0 0 0 0
1 0 0 0 0 0 0 0 0
1 0 0 0 0 0 0 0 0
1 0 0 0 0 0 0 0 0
1 0 0 0 0 0 0 0 0
1 0 2 0 0 0 0 0 0
1 0 2 0 0 0 0 0 0

Example 5:

Input:
0 0 0 0 0 0 0 0 0
0 0 0 0 0 0 0 0 0
0 0 0 0 0 0 0 0 0
0 0 0 0 5 0 0 0 0
0 0 0 0 5 0 0 0 0
0 0 0 0 5 0 0 0 5
0 0 0 0 5 0 5 0 5
5 0 0 0 5 0 5 0 5
5 0 5 0 5 0 5 0 5
Output:
0 0 0 0 0 0 0 0 0
0 0 0 0 0 0 0 0 0
0 0 0 0 0 0 0 0 0
0 0 0 0 1 0 0 0 0
0 0 0 0 1 0 0 0 0
0 0 0 0 1 0 0 0 0
0 0 0 0 1 0 0 0 0
0 0 0 0 1 0 0 0 0
0 0 2 0 1 0 0 0 0

Example 6:

Input:
0 0 0 0 0 0 0 0 0
0 0 0 0 0 0 0 0 0
0 0 0 0 0 0 0 5 0
0 0 0 5 0 0 0 5 0
0 0 0 5 0 0 0 5 0
0 0 0 5 0 0 0 5 0
0 0 0 5 0 5 0 5 0
0 0 0 5 0 5 0 5 0
0 5 0 5 0 5 0 5 0
Output:
0 0 0 0 0 0 0 0 0
0 0 0 0 0 0 0 0 0
0 0 0 0 0 0 0 1 0
0 0 0 0 0 0 0 1 0
0 0 0 0 0 0 0 1 0
0 0 0 0 0 0 0 1 0
0 0 0 0 0 0 0 1 0
0 0 0 0 0 0 0 1 0
0 2 0 0 0 0 0 1 0

Example 7:

Input:
0 0 0 5 0 0 0 0 0
0 0 0 5 0 0 0 0 0
0 0 0 5 0 0 0 0 0
0 0 0 5 0 5 0 0 0
0 0 0 5 0 5 0 0 0
0 0 0 5 0 5 0 5 0
0 5 0 5 0 5 0 5 0
0 5 0 5 0 5 0 5 0
0 5 0 5 0 5 0 5 0
Output:
0 0 0 1 0 0 0 0 0
0 0 0 1 0 0 0 0 0
0 0 0 1 0 0 0 0 0
0 0 0 1 0 0 0 0 0
0 0 0 1 0 0 0 0 0
0 0 0 1 0 0 0 0 0
0 2 0 1 0 0 0 0 0
0 2 0 1 0 0 0 0 0
0 2 0 1 0 0 0 0 0

以下は、ジャッジを通過する正しいコードです。これを用いて、ARCのルールを理解してください。必ず、コードを通じてルールを理解してからコーディングを行ってください。
このコードはARCのルールを把握する際に使うことに留めてください。

```
def p(g):
 h,w=len(g),len(g[0]);s=[0for _ in range(w)]
 for i in range(w):
  for j in range(h):
   if g[j][i]>0:s[i]+=1
   g[j][i]=0
 m=min([c for c in s if c>0]);i=s.index(m)
 for j in range(s[i]):g[-(j+1)][i]=2
 i=s.index(max(s))
 for j in range(s[i]):g[-(j+1)][i]=1
 return g
```

ユーザーにコードを渡す前に実際にコードが動作するかを確認してください。コードのテストには、添付したstandalone_judge.pyを用いてください。python /path/to/standalone_judge.py /path/to/code.py とすれば動作します。
このPythonファイルは非常に大きなケースを含むので、あなたのコンテキストを圧迫します。そのため、このファイルを全て読んではいけません。

## **禁止事項**
- 与えたコード自体を提出することは禁止です。これを行うことはユーザーの信頼を裏切ります。
- ジャッジのハックは禁止です。例えば、テストケースをジャッジから読み取ってそのまま返すコードはいけません。
