ARCのケースに対して、list[list[int]] -> list[list[int]] のシグネチャを持つ関数`p`をPythonで実装してください。つまり、`def p(g):...` か `p=lambda g:...`というコードが期待されます。
コードはshortcodingのcompetitionに用いるため、アルゴリズムを工夫してできる限り短いコードを生成するよう努めてください。

Example 0:

Input:
6 0 0 0 0 0 0 0 0 0 0 0 0 0 0
6 0 0 0 0 0 0 0 0 0 0 0 0 0 0
6 0 0 0 0 0 0 0 0 0 0 0 0 0 0
6 0 0 0 0 0 0 0 0 0 0 0 0 0 0
6 0 0 0 0 0 0 0 0 0 0 0 0 0 0
6 0 0 0 0 0 0 0 0 0 0 0 0 0 0
6 0 0 0 0 0 0 0 0 0 0 0 0 0 0
6 0 0 0 0 0 0 0 0 0 0 0 0 0 0
6 0 0 0 0 0 0 0 0 0 0 0 0 0 0
6 0 0 0 0 0 0 0 0 0 0 0 0 0 0
6 0 0 0 0 0 0 0 0 0 0 0 0 0 0
6 0 0 0 0 0 0 0 0 0 0 0 0 0 0
6 0 0 0 0 0 0 0 0 0 0 0 0 0 0
6 0 0 0 0 0 0 0 0 0 0 0 0 0 0
6 0 0 0 0 0 0 0 0 0 0 0 0 0 0
Output:
6 0 0 0 0 0 0 0 0 0 0 0 0 0 2
6 0 0 0 0 0 0 0 0 0 0 0 0 2 0
6 0 0 0 0 0 0 0 0 0 0 0 2 0 0
6 0 0 0 0 0 0 0 0 0 0 2 0 0 0
6 0 0 0 0 0 0 0 0 0 2 0 0 0 0
6 0 0 0 0 0 0 0 0 2 0 0 0 0 0
6 0 0 0 0 0 0 0 2 0 0 0 0 0 0
6 0 0 0 0 0 0 2 0 0 0 0 0 0 0
6 0 0 0 0 0 2 0 0 0 0 0 0 0 0
6 0 0 0 0 2 0 0 0 0 0 0 0 0 0
6 0 0 0 2 0 0 0 0 0 0 0 0 0 0
6 0 0 2 0 0 0 0 0 0 0 0 0 0 0
6 0 2 0 0 0 0 0 0 0 0 0 0 0 0
6 2 0 0 0 0 0 0 0 0 0 0 0 0 0
6 4 4 4 4 4 4 4 4 4 4 4 4 4 4

Example 1:

Input:
5 0 0
5 0 0
5 0 0
Output:
5 0 2
5 2 0
5 4 4

Example 2:

Input:
8 0 0 0 0 0 0
8 0 0 0 0 0 0
8 0 0 0 0 0 0
8 0 0 0 0 0 0
8 0 0 0 0 0 0
8 0 0 0 0 0 0
8 0 0 0 0 0 0
Output:
8 0 0 0 0 0 2
8 0 0 0 0 2 0
8 0 0 0 2 0 0
8 0 0 2 0 0 0
8 0 2 0 0 0 0
8 2 0 0 0 0 0
8 4 4 4 4 4 4

Example 3:

Input:
3 0 0 0 0 0 0 0 0 0
3 0 0 0 0 0 0 0 0 0
3 0 0 0 0 0 0 0 0 0
3 0 0 0 0 0 0 0 0 0
3 0 0 0 0 0 0 0 0 0
3 0 0 0 0 0 0 0 0 0
3 0 0 0 0 0 0 0 0 0
3 0 0 0 0 0 0 0 0 0
3 0 0 0 0 0 0 0 0 0
3 0 0 0 0 0 0 0 0 0
Output:
3 0 0 0 0 0 0 0 0 2
3 0 0 0 0 0 0 0 2 0
3 0 0 0 0 0 0 2 0 0
3 0 0 0 0 0 2 0 0 0
3 0 0 0 0 2 0 0 0 0
3 0 0 0 2 0 0 0 0 0
3 0 0 2 0 0 0 0 0 0
3 0 2 0 0 0 0 0 0 0
3 2 0 0 0 0 0 0 0 0
3 4 4 4 4 4 4 4 4 4

Example 4:

Input:
2 0 0 0 0 0 0 0 0 0 0 0 0 0 0 0 0 0 0 0
2 0 0 0 0 0 0 0 0 0 0 0 0 0 0 0 0 0 0 0
2 0 0 0 0 0 0 0 0 0 0 0 0 0 0 0 0 0 0 0
2 0 0 0 0 0 0 0 0 0 0 0 0 0 0 0 0 0 0 0
2 0 0 0 0 0 0 0 0 0 0 0 0 0 0 0 0 0 0 0
2 0 0 0 0 0 0 0 0 0 0 0 0 0 0 0 0 0 0 0
2 0 0 0 0 0 0 0 0 0 0 0 0 0 0 0 0 0 0 0
2 0 0 0 0 0 0 0 0 0 0 0 0 0 0 0 0 0 0 0
2 0 0 0 0 0 0 0 0 0 0 0 0 0 0 0 0 0 0 0
2 0 0 0 0 0 0 0 0 0 0 0 0 0 0 0 0 0 0 0
2 0 0 0 0 0 0 0 0 0 0 0 0 0 0 0 0 0 0 0
2 0 0 0 0 0 0 0 0 0 0 0 0 0 0 0 0 0 0 0
2 0 0 0 0 0 0 0 0 0 0 0 0 0 0 0 0 0 0 0
2 0 0 0 0 0 0 0 0 0 0 0 0 0 0 0 0 0 0 0
2 0 0 0 0 0 0 0 0 0 0 0 0 0 0 0 0 0 0 0
2 0 0 0 0 0 0 0 0 0 0 0 0 0 0 0 0 0 0 0
2 0 0 0 0 0 0 0 0 0 0 0 0 0 0 0 0 0 0 0
2 0 0 0 0 0 0 0 0 0 0 0 0 0 0 0 0 0 0 0
2 0 0 0 0 0 0 0 0 0 0 0 0 0 0 0 0 0 0 0
2 0 0 0 0 0 0 0 0 0 0 0 0 0 0 0 0 0 0 0
Output:
2 0 0 0 0 0 0 0 0 0 0 0 0 0 0 0 0 0 0 2
2 0 0 0 0 0 0 0 0 0 0 0 0 0 0 0 0 0 2 0
2 0 0 0 0 0 0 0 0 0 0 0 0 0 0 0 0 2 0 0
2 0 0 0 0 0 0 0 0 0 0 0 0 0 0 0 2 0 0 0
2 0 0 0 0 0 0 0 0 0 0 0 0 0 0 2 0 0 0 0
2 0 0 0 0 0 0 0 0 0 0 0 0 0 2 0 0 0 0 0
2 0 0 0 0 0 0 0 0 0 0 0 0 2 0 0 0 0 0 0
2 0 0 0 0 0 0 0 0 0 0 0 2 0 0 0 0 0 0 0
2 0 0 0 0 0 0 0 0 0 0 2 0 0 0 0 0 0 0 0
2 0 0 0 0 0 0 0 0 0 2 0 0 0 0 0 0 0 0 0
2 0 0 0 0 0 0 0 0 2 0 0 0 0 0 0 0 0 0 0
2 0 0 0 0 0 0 0 2 0 0 0 0 0 0 0 0 0 0 0
2 0 0 0 0 0 0 2 0 0 0 0 0 0 0 0 0 0 0 0
2 0 0 0 0 0 2 0 0 0 0 0 0 0 0 0 0 0 0 0
2 0 0 0 0 2 0 0 0 0 0 0 0 0 0 0 0 0 0 0
2 0 0 0 2 0 0 0 0 0 0 0 0 0 0 0 0 0 0 0
2 0 0 2 0 0 0 0 0 0 0 0 0 0 0 0 0 0 0 0
2 0 2 0 0 0 0 0 0 0 0 0 0 0 0 0 0 0 0 0
2 2 0 0 0 0 0 0 0 0 0 0 0 0 0 0 0 0 0 0
2 4 4 4 4 4 4 4 4 4 4 4 4 4 4 4 4 4 4 4

Example 5:

Input:
6 0 0 0 0 0
6 0 0 0 0 0
6 0 0 0 0 0
6 0 0 0 0 0
6 0 0 0 0 0
6 0 0 0 0 0
Output:
6 0 0 0 0 2
6 0 0 0 2 0
6 0 0 2 0 0
6 0 2 0 0 0
6 2 0 0 0 0
6 4 4 4 4 4

Example 6:

Input:
8 0 0 0 0 0
8 0 0 0 0 0
8 0 0 0 0 0
8 0 0 0 0 0
8 0 0 0 0 0
8 0 0 0 0 0
Output:
8 0 0 0 0 2
8 0 0 0 2 0
8 0 0 2 0 0
8 0 2 0 0 0
8 2 0 0 0 0
8 4 4 4 4 4

Example 7:

Input:
3 0 0 0 0 0 0 0 0 0 0 0 0 0
3 0 0 0 0 0 0 0 0 0 0 0 0 0
3 0 0 0 0 0 0 0 0 0 0 0 0 0
3 0 0 0 0 0 0 0 0 0 0 0 0 0
3 0 0 0 0 0 0 0 0 0 0 0 0 0
3 0 0 0 0 0 0 0 0 0 0 0 0 0
3 0 0 0 0 0 0 0 0 0 0 0 0 0
3 0 0 0 0 0 0 0 0 0 0 0 0 0
3 0 0 0 0 0 0 0 0 0 0 0 0 0
3 0 0 0 0 0 0 0 0 0 0 0 0 0
3 0 0 0 0 0 0 0 0 0 0 0 0 0
3 0 0 0 0 0 0 0 0 0 0 0 0 0
3 0 0 0 0 0 0 0 0 0 0 0 0 0
3 0 0 0 0 0 0 0 0 0 0 0 0 0
Output:
3 0 0 0 0 0 0 0 0 0 0 0 0 2
3 0 0 0 0 0 0 0 0 0 0 0 2 0
3 0 0 0 0 0 0 0 0 0 0 2 0 0
3 0 0 0 0 0 0 0 0 0 2 0 0 0
3 0 0 0 0 0 0 0 0 2 0 0 0 0
3 0 0 0 0 0 0 0 2 0 0 0 0 0
3 0 0 0 0 0 0 2 0 0 0 0 0 0
3 0 0 0 0 0 2 0 0 0 0 0 0 0
3 0 0 0 0 2 0 0 0 0 0 0 0 0
3 0 0 0 2 0 0 0 0 0 0 0 0 0
3 0 0 2 0 0 0 0 0 0 0 0 0 0
3 0 2 0 0 0 0 0 0 0 0 0 0 0
3 2 0 0 0 0 0 0 0 0 0 0 0 0
3 4 4 4 4 4 4 4 4 4 4 4 4 4

以下は、ジャッジを通過する正しいコードです。これを用いて、ARCのルールを理解してください。必ず、コードを通じてルールを理解してからコーディングを行ってください。
このコードはARCのルールを把握する際に使うことに留めてください。

```
def p(g):
 for i in range(len(g)-1):g[i][-1-i]=2
 g[-1][1:]=[4]*(len(g)-1);return g
```

ユーザーにコードを渡す前に実際にコードが動作するかを確認してください。コードのテストには、添付したstandalone_judge.pyを用いてください。python /path/to/standalone_judge.py /path/to/code.py とすれば動作します。
このPythonファイルは非常に大きなケースを含むので、あなたのコンテキストを圧迫します。そのため、このファイルを全て読んではいけません。

## **禁止事項**
- 与えたコード自体を提出することは禁止です。これを行うことはユーザーの信頼を裏切ります。
- ジャッジのハックは禁止です。例えば、テストケースをジャッジから読み取ってそのまま返すコードはいけません。
