ARCのケースに対して、list[list[int]] -> list[list[int]] のシグネチャを持つ関数`p`をPythonで実装してください。つまり、`def p(g):...` か `p=lambda g:...`というコードが期待されます。
コードはshortcodingのcompetitionに用いるため、アルゴリズムを工夫してできる限り短いコードを生成するよう努めてください。

Example 0:

Input:
2 0 0 0 0 2 0 0 2
0 4 4 4 0 0 0 0 0
0 4 2 4 0 0 2 0 0
0 4 4 4 0 0 0 2 0
2 0 0 0 0 2 0 0 0
Output:
2

Example 1:

Input:
8 0 8 0 0 0 0 0 8
0 0 0 0 8 0 0 0 0
0 0 8 0 0 3 3 3 0
8 0 0 3 0 3 8 3 0
0 0 0 0 0 3 3 3 0
0 0 8 0 0 0 0 0 0
3 0 0 8 0 0 0 8 0
Output:
8

Example 2:

Input:
1 2 0 0 0 2 0 0 0
0 0 2 0 0 0 0 0 0
2 0 1 2 0 2 0 1 1
0 1 0 0 2 0 0 0 2
0 0 0 0 0 0 1 0 0
0 0 0 0 0 0 0 0 0
0 2 2 2 0 0 0 0 0
1 2 1 2 0 0 0 2 0
0 2 2 2 0 0 0 0 2
0 0 1 0 0 0 0 0 0
0 0 0 2 0 0 0 0 0
Output:
1

Example 3:

Input:
0 8 0 0 0 0 0 0 0 0 3 8
3 0 0 0 0 0 0 8 0 3 0 0
0 3 3 8 0 0 0 0 0 0 0 8
0 0 0 3 8 0 0 0 0 0 0 0
3 0 0 0 0 0 0 0 0 0 8 0
0 0 0 3 8 0 0 0 0 0 0 0
0 3 0 0 0 0 0 0 0 0 0 0
0 0 0 3 3 3 0 0 8 0 3 0
0 0 3 3 8 3 0 0 0 0 0 0
0 0 0 3 3 3 0 0 0 0 0 0
0 0 3 0 0 0 0 0 0 0 0 0
Output:
8

Example 4:

Input:
0 0 0 0 0 0 0 0 0 1 0 0
1 0 0 0 0 0 4 0 0 1 0 0
0 0 0 0 0 0 0 0 0 0 0 0
0 0 0 0 1 4 0 0 4 0 0 0
0 4 0 1 0 0 0 0 0 0 0 0
0 0 0 0 0 1 0 4 4 0 0 1
1 0 0 0 0 0 0 0 0 0 0 0
0 0 0 1 0 0 0 0 4 0 0 0
0 0 0 0 1 1 1 0 0 0 0 4
4 0 0 0 1 4 1 1 0 0 0 0
0 0 0 0 1 1 1 0 0 0 0 4
0 0 4 4 0 0 0 1 0 0 0 0
Output:
4

Example 5:

Input:
0 0 0 0 1 3
0 0 0 0 0 3
0 0 3 0 0 0
0 0 1 1 1 3
1 0 1 3 1 3
0 0 1 1 1 0
0 0 0 0 1 0
0 0 3 0 0 0
0 0 0 0 0 0
3 3 0 0 0 0
3 0 0 0 0 0
1 0 0 0 0 1
Output:
3

Example 6:

Input:
0 0 0 0 0 0
0 0 0 0 9 9
0 2 2 0 0 0
0 0 0 0 0 0
0 0 2 2 2 2
0 0 2 9 2 0
2 0 2 2 2 0
0 0 0 0 0 0
0 0 0 0 0 0
0 0 0 0 0 2
Output:
9

Example 7:

Input:
0 0 0 0 0 0
2 0 0 0 0 2
0 0 0 0 0 1
0 0 0 0 0 0
0 0 0 0 2 0
2 0 0 0 2 0
0 0 1 1 0 1
0 0 1 1 1 0
2 0 1 2 1 0
1 1 1 1 1 0
0 0 0 0 0 0
0 0 0 0 0 0
Output:
2

以下は、ジャッジを通過する正しいコードです。これを用いて、ARCのルールを理解してください。必ず、コードを通じてルールを理解してからコーディングを行ってください。
このコードはARCのルールを把握する際に使うことに留めてください。

```
def p(g):
 for i in range(len(g)-2):
  for j in range(len(g[0])-2):
   v=g[i][j];c=g[i+1][j+1]
   if v and c!=v and all(g[i+u][j+w]==v for(u,w)in((0,0),(0,1),(0,2),(1,0),(1,2),(2,0),(2,1),(2,2))):return[[c]]
```

ユーザーにコードを渡す前に実際にコードが動作するかを確認してください。コードのテストには、添付したstandalone_judge.pyを用いてください。python /path/to/standalone_judge.py /path/to/code.py とすれば動作します。
このPythonファイルは非常に大きなケースを含むので、あなたのコンテキストを圧迫します。そのため、このファイルを全て読んではいけません。

## **禁止事項**
- 与えたコード自体を提出することは禁止です。これを行うことはユーザーの信頼を裏切ります。
- ジャッジのハックは禁止です。例えば、テストケースをジャッジから読み取ってそのまま返すコードはいけません。
