ARCのケースに対して、list[list[int]] -> list[list[int]] のシグネチャを持つ関数`p`をPythonで実装してください。つまり、`def p(g):...` か `p=lambda g:...`というコードが期待されます。
コードはshortcodingのcompetitionに用いるため、アルゴリズムを工夫してできる限り短いコードを生成するよう努めてください。

Example 0:

Input:
3 8 8 0 3 8 8 0 8 0 3 1 1 1 8 8 0 3 8 3 8
3 3 0 0 5 3 0 3 8 0 3 3 8 1 1 8 1 3 1 8 3
1 5 1 3 1 1 8 3 0 0 3 8 3 0 1 0 8 8 5 5 0
5 3 0 8 2 2 2 2 2 2 2 2 2 2 1 1 0 3 0 0 3
0 1 3 3 2 0 0 8 0 3 3 3 3 2 0 0 8 0 3 3 1
8 0 0 8 2 1 0 0 0 3 0 3 1 2 0 0 0 8 0 1 0
1 1 5 0 2 3 3 0 3 3 0 8 1 2 1 0 8 3 1 0 0
0 0 8 8 2 3 3 5 1 0 3 0 0 2 1 0 5 0 3 0 1
0 1 0 0 2 5 1 3 0 1 3 1 1 2 8 8 0 5 0 3 8
8 3 3 3 2 5 0 8 0 3 0 8 8 2 3 3 0 0 3 3 8
1 1 1 5 2 2 2 2 2 2 2 2 2 2 0 0 8 1 3 0 0
3 3 3 0 8 8 0 8 3 0 8 8 3 0 3 0 8 1 0 1 0
8 0 0 3 3 0 8 3 0 3 3 0 1 3 3 1 8 0 0 3 8
5 1 5 1 8 3 5 0 8 3 3 8 1 8 0 0 0 3 0 0 5
1 3 1 0 1 3 1 0 5 0 3 3 8 0 8 3 8 8 8 0 0
5 3 3 3 3 8 8 0 1 1 0 8 5 1 3 0 0 8 3 1 0
3 1 3 3 8 0 3 8 0 3 1 8 3 1 8 1 1 3 8 1 0
0 3 8 3 3 0 1 3 0 3 8 5 3 0 3 1 0 3 0 0 8
3 8 3 0 1 3 8 0 1 3 8 1 0 1 1 8 5 8 3 1 1
1 5 1 3 3 1 5 3 3 1 1 3 5 0 8 8 1 1 8 0 8
1 3 0 1 3 3 1 0 0 1 5 8 3 5 3 8 0 3 8 3 8
3 1 3 0 8 0 8 0 0 1 3 1 1 0 8 8 5 1 0 1 8
3 3 1 0 3 1 8 8 0 0 5 1 8 8 1 3 3 5 3 5 8
Output:
0 0 8 0 3 3 3 3
1 0 0 0 3 0 3 1
3 3 0 3 3 0 8 1
3 3 5 1 0 3 0 0
5 1 3 0 1 3 1 1
5 0 8 0 3 0 8 8

Example 1:

Input:
0 6 9 6 6 0 6 3 6 9 6 6 6 9 9 0
9 9 0 6 6 0 0 9 3 6 6 6 9 9 0 6
6 0 9 0 0 6 0 6 6 0 3 0 0 6 0 0
9 6 6 9 9 9 6 3 6 9 9 6 6 3 6 6
6 6 0 0 6 6 9 0 0 3 0 0 0 0 0 9
9 9 6 0 0 9 0 0 3 9 3 0 0 0 9 0
3 6 4 4 4 4 4 6 0 0 0 9 0 0 0 9
9 0 4 3 3 0 4 0 0 6 0 0 9 6 9 3
9 0 4 9 3 9 4 9 0 0 3 9 0 0 9 3
6 9 4 6 6 0 4 3 9 6 0 6 0 9 3 0
3 3 4 9 0 0 4 9 0 6 0 0 0 6 0 0
0 0 4 6 3 9 4 6 0 9 0 9 0 0 0 0
9 9 4 4 4 4 4 9 9 0 9 9 0 0 0 6
Output:
3 3 0
9 3 9
6 6 0
9 0 0
6 3 9

Example 2:

Input:
2 5 0 0 3 0 0 2 0 0 0 0 0 0 3 5 3 5
2 0 0 2 0 2 2 2 2 2 2 5 3 0 3 2 0 5
0 5 5 8 8 8 8 8 8 8 8 8 8 8 8 5 0 0
2 0 2 8 0 0 5 3 3 3 2 2 5 0 8 2 5 5
5 0 3 8 3 0 0 5 5 5 5 2 0 5 8 3 3 3
0 5 5 8 3 5 0 2 0 3 0 5 3 0 8 0 2 5
5 2 2 8 3 2 5 5 0 5 3 0 5 0 8 0 0 0
0 0 0 8 5 2 5 2 5 0 2 2 2 2 8 2 0 5
5 0 5 8 0 5 2 5 0 0 0 0 3 3 8 0 0 5
3 0 0 8 2 3 2 3 0 0 5 0 5 0 8 3 2 0
3 5 0 8 3 2 5 0 5 0 0 0 5 5 8 0 0 2
3 3 0 8 8 8 8 8 8 8 8 8 8 8 8 0 2 0
5 0 0 3 0 3 3 5 2 5 0 0 0 0 0 5 0 0
2 5 2 5 2 2 0 0 0 5 2 0 2 0 3 0 3 0
0 2 2 2 2 0 0 2 0 2 3 3 2 0 2 5 2 5
3 0 0 0 0 5 3 0 0 0 2 2 5 0 2 3 2 0
0 0 2 5 0 5 0 3 0 0 0 0 2 3 3 5 2 3
Output:
0 0 5 3 3 3 2 2 5 0
3 0 0 5 5 5 5 2 0 5
3 5 0 2 0 3 0 5 3 0
3 2 5 5 0 5 3 0 5 0
5 2 5 2 5 0 2 2 2 2
0 5 2 5 0 0 0 0 3 3
2 3 2 3 0 0 5 0 5 0
3 2 5 0 5 0 0 0 5 5

Example 3:

Input:
0 0 0 8 1 1 8 0 0 8 0 8 0 0 0 8
0 1 0 8 8 1 0 1 1 2 8 1 1 2 0 2
0 0 8 8 1 1 8 8 1 1 8 0 8 0 0 1
1 0 1 0 8 0 1 8 1 0 1 1 8 8 8 0
8 0 8 3 3 3 3 3 3 3 3 3 3 3 0 2
1 0 8 3 2 0 8 1 1 1 0 1 0 3 0 0
0 8 8 3 8 1 0 8 2 8 1 2 8 3 1 8
1 0 8 3 8 2 0 2 0 1 1 8 1 3 8 8
0 8 0 3 0 1 8 8 1 1 8 1 8 3 2 1
1 0 0 3 0 1 8 8 0 8 0 2 0 3 8 1
0 8 8 3 0 8 8 2 8 8 8 8 8 3 8 8
1 1 1 3 8 0 2 0 0 0 0 8 8 3 8 0
1 8 0 3 0 2 8 8 1 2 0 0 2 3 8 1
8 1 1 3 3 3 3 3 3 3 3 3 3 3 0 2
8 1 0 0 0 0 8 8 0 1 2 8 8 8 1 8
8 1 0 0 1 1 8 0 1 2 8 1 0 1 2 0
8 0 8 2 8 0 8 2 0 1 8 1 8 1 8 8
Output:
2 0 8 1 1 1 0 1 0
8 1 0 8 2 8 1 2 8
8 2 0 2 0 1 1 8 1
0 1 8 8 1 1 8 1 8
0 1 8 8 0 8 0 2 0
0 8 8 2 8 8 8 8 8
8 0 2 0 0 0 0 8 8
0 2 8 8 1 2 0 0 2

Example 4:

Input:
2 9 0 4 2 0 0 2 2 2 4 0
2 0 1 1 1 1 1 1 1 0 0 9
2 2 1 4 2 4 2 2 1 9 2 0
9 0 1 9 0 0 0 2 1 2 9 4
9 4 1 4 9 9 9 9 1 4 9 9
4 2 1 4 0 9 4 9 1 0 2 4
4 4 1 4 0 4 9 2 1 0 4 4
4 4 1 9 4 9 9 4 1 4 0 4
2 4 1 0 9 4 2 9 1 9 0 9
9 2 1 9 0 0 0 9 1 2 4 4
9 2 1 4 4 0 4 2 1 4 9 9
2 2 1 9 9 4 9 9 1 2 0 0
9 9 1 4 9 0 2 9 1 0 4 2
0 0 1 0 2 2 9 2 1 0 0 9
2 9 1 9 9 2 4 0 1 2 9 9
9 2 1 2 9 9 9 2 1 2 9 9
0 2 1 9 9 9 4 4 1 4 9 2
0 0 1 4 4 4 2 0 1 4 2 9
9 4 1 0 4 0 4 4 1 2 9 0
9 0 1 2 9 4 2 4 1 4 9 9
2 4 1 4 2 4 4 4 1 4 2 2
4 4 1 2 9 4 9 4 1 0 0 4
4 9 1 4 9 4 9 9 1 0 9 0
2 4 1 2 4 2 9 9 1 4 0 0
0 2 1 1 1 1 1 1 1 2 9 2
Output:
4 2 4 2 2
9 0 0 0 2
4 9 9 9 9
4 0 9 4 9
4 0 4 9 2
9 4 9 9 4
0 9 4 2 9
9 0 0 0 9
4 4 0 4 2
9 9 4 9 9
4 9 0 2 9
0 2 2 9 2
9 9 2 4 0
2 9 9 9 2
9 9 9 4 4
4 4 4 2 0
0 4 0 4 4
2 9 4 2 4
4 2 4 4 4
2 9 4 9 4
4 9 4 9 9
2 4 2 9 9

Example 5:

Input:
3 0 0 0 3 2 2 2 4 2 0 2 0
4 3 0 4 4 4 0 2 4 2 4 4 0
3 4 2 4 4 0 0 2 0 0 2 0 0
0 4 0 0 2 3 3 2 2 0 0 3 0
3 2 0 0 4 0 4 0 0 0 3 4 4
2 2 3 0 0 4 3 4 0 0 0 0 2
4 4 0 2 0 4 0 3 0 0 2 4 0
4 2 3 0 3 0 2 2 2 0 2 3 3
2 2 4 4 3 2 4 0 3 3 0 3 4
2 0 3 3 4 0 0 3 3 0 2 2 0
2 2 4 4 2 2 0 4 4 0 4 2 0
0 3 3 3 0 4 0 3 2 0 2 3 3
2 2 0 3 0 2 3 3 3 3 3 0 4
0 0 2 0 4 3 4 3 4 0 0 0 4
0 3 4 0 0 2 4 2 3 3 2 2 0
4 0 3 2 4 3 4 3 2 4 3 4 4
3 2 4 2 0 3 2 2 4 3 2 4 4
2 4 5 5 5 5 5 5 5 5 0 2 2
2 3 5 4 2 2 4 4 0 5 0 4 3
0 0 5 5 5 5 5 5 5 5 2 4 4
Output:
4 2 2 4 4 0

Example 6:

Input:
4 8 0 5 0 5 8 5 8 8 4 8 8
4 8 8 0 5 5 8 8 5 0 0 0 5
0 8 8 4 5 4 8 0 8 4 8 0 0
4 5 8 4 4 0 4 0 5 5 4 4 8
4 4 4 5 8 0 4 5 4 4 8 8 8
0 0 0 5 0 0 5 0 8 5 4 0 8
5 5 8 5 4 4 8 0 0 5 8 0 5
8 0 8 9 9 9 9 9 9 9 9 9 5
0 8 5 9 8 5 0 8 8 8 5 9 4
5 8 0 9 4 0 4 5 4 0 5 9 8
0 4 4 9 8 4 5 0 8 5 5 9 5
8 0 0 9 4 5 4 0 8 5 5 9 4
5 0 5 9 4 8 5 4 5 0 5 9 0
4 0 5 9 0 5 5 0 0 5 4 9 8
4 5 5 9 4 5 0 8 0 4 5 9 5
5 8 4 9 4 0 5 8 8 0 0 9 5
5 5 4 9 4 5 4 5 8 0 5 9 8
5 8 5 9 0 8 4 4 8 8 0 9 0
4 8 5 9 5 0 0 8 0 0 8 9 8
4 4 4 9 4 0 0 4 5 0 0 9 4
5 8 8 9 8 8 0 4 8 0 8 9 0
8 4 5 9 9 9 9 9 9 9 9 9 4
5 5 5 0 4 0 4 8 4 0 4 0 5
8 0 8 5 0 5 0 5 0 4 4 0 0
Output:
8 5 0 8 8 8 5
4 0 4 5 4 0 5
8 4 5 0 8 5 5
4 5 4 0 8 5 5
4 8 5 4 5 0 5
0 5 5 0 0 5 4
4 5 0 8 0 4 5
4 0 5 8 8 0 0
4 5 4 5 8 0 5
0 8 4 4 8 8 0
5 0 0 8 0 0 8
4 0 0 4 5 0 0
8 8 0 4 8 0 8

Example 7:

Input:
6 6 6 7 8 7 6 6 8 8 7 8 8 6 0 7 6 7 0 0 8
0 7 0 0 6 7 6 7 7 6 7 6 8 0 0 6 7 6 0 7 0
7 8 8 0 7 6 0 0 6 7 6 7 0 0 8 0 8 8 7 6 8
8 0 0 7 8 8 0 0 8 8 0 6 7 6 6 6 0 7 7 7 0
8 8 6 7 7 8 8 6 0 7 0 8 8 7 6 0 8 0 6 7 6
6 7 8 8 6 7 8 0 8 6 8 0 6 8 0 6 0 6 8 0 7
6 6 4 4 4 4 4 4 4 4 4 4 4 4 4 4 4 4 4 4 4
8 8 4 0 6 0 7 0 7 8 8 6 7 0 0 0 8 6 6 0 4
0 6 4 0 6 7 7 8 8 0 7 7 8 6 7 8 8 6 7 7 4
6 0 4 6 7 7 6 0 0 8 6 8 7 6 0 8 0 7 8 8 4
0 7 4 8 8 8 8 7 7 7 6 7 7 7 7 8 8 8 8 8 4
8 8 4 8 0 0 7 0 8 6 0 7 8 0 6 6 0 0 0 8 4
7 6 4 6 7 8 6 6 6 0 8 0 8 6 6 6 7 8 6 0 4
0 0 4 4 4 4 4 4 4 4 4 4 4 4 4 4 4 4 4 4 4
8 0 0 0 8 0 0 6 8 0 0 8 7 7 6 7 0 7 7 7 8
Output:
0 6 0 7 0 7 8 8 6 7 0 0 0 8 6 6 0
0 6 7 7 8 8 0 7 7 8 6 7 8 8 6 7 7
6 7 7 6 0 0 8 6 8 7 6 0 8 0 7 8 8
8 8 8 8 7 7 7 6 7 7 7 7 8 8 8 8 8
8 0 0 7 0 8 6 0 7 8 0 6 6 0 0 0 8
6 7 8 6 6 6 0 8 0 8 6 6 6 7 8 6 0

以下は、ジャッジを通過する正しいコードです。これを用いて、ARCのルールを理解してください。必ず、コードを通じてルールを理解してからコーディングを行ってください。
このコードはARCのルールを把握する際に使うことに留めてください。

```
def p(g):
 for F in set(sum(g,[])):
  A=[(i,j)for(i,r)in enumerate(g)for(j,v)in enumerate(r)if v==F];B,C=min(A);D,E=max(A)
  if D-B>1<E-C and all(i in(B,D)or j in(C,E)for(i,j)in A):return[r[C+1:E]for r in g[B+1:D]]
```

ユーザーにコードを渡す前に実際にコードが動作するかを確認してください。コードのテストには、添付したjudge.pyを用いてください。python /path/to/judge.py /path/to/code.py /path/to/cases.bin とすれば動作します。

## **禁止事項**
- 与えたコード自体を提出することは禁止です。これを行うことはユーザーの信頼を裏切ります。
- ジャッジのハックは禁止です。例えば、テストケースをジャッジから読み取ってそのまま返すコードはいけません。
