ARCのケースに対して、list[list[int]] -> list[list[int]] のシグネチャを持つ関数`p`をPythonで実装してください。つまり、`def p(g):...` か `p=lambda g:...`というコードが期待されます。
コードはshortcodingのcompetitionに用いるため、アルゴリズムを工夫してできる限り短いコードを生成するよう努めてください。

Example 0:

Input:
0 0 0 0 0 0 0 0 0 0 0 0
0 0 0 0 0 0 0 0 0 0 0 0
0 0 7 0 0 0 0 0 0 0 0 0
0 7 2 7 0 0 0 0 0 0 0 0
0 0 7 0 0 0 0 0 0 0 0 0
0 0 0 0 0 0 0 0 0 0 0 0
0 0 0 0 0 0 0 0 7 0 0 0
0 0 0 0 0 0 0 7 2 7 0 0
0 0 0 0 0 0 0 0 7 0 0 0
0 0 0 0 0 0 0 0 0 0 0 0
0 0 0 0 0 0 0 0 0 0 0 0
0 0 0 0 0 0 0 0 0 0 0 0
Output:
0 0 0 0 0 0 0 0 0 0 0 0
2 0 7 0 2 0 0 0 0 0 0 0
0 2 7 2 0 0 0 0 0 0 0 0
7 7 2 7 7 0 0 0 0 0 0 0
0 2 7 2 0 0 0 0 0 0 0 0
2 0 7 0 2 0 2 0 7 0 2 0
0 0 0 0 0 0 0 2 7 2 0 0
0 0 0 0 0 0 7 7 2 7 7 0
0 0 0 0 0 0 0 2 7 2 0 0
0 0 0 0 0 0 2 0 7 0 2 0
0 0 0 0 0 0 0 0 0 0 0 0
0 0 0 0 0 0 0 0 0 0 0 0

Example 1:

Input:
0 0 0 0 0 0 0 0 0 0 0 0
0 0 0 0 0 0 0 0 0 0 0 0
0 0 0 8 0 0 0 0 0 0 0 0
0 0 8 6 8 0 0 0 0 0 0 0
0 0 0 8 0 0 0 0 0 0 0 0
0 0 0 0 0 0 0 0 0 0 0 0
0 0 0 0 0 0 0 0 0 0 0 0
0 0 0 0 0 0 0 0 0 0 0 0
0 0 0 0 0 0 0 0 8 0 0 0
0 0 0 0 0 0 0 8 6 8 0 0
0 0 0 0 0 0 0 0 8 0 0 0
0 0 0 0 0 0 0 0 0 0 0 0
Output:
0 0 0 0 0 0 0 0 0 0 0 0
0 6 0 8 0 6 0 0 0 0 0 0
0 0 6 8 6 0 0 0 0 0 0 0
0 8 8 6 8 8 0 0 0 0 0 0
0 0 6 8 6 0 0 0 0 0 0 0
0 6 0 8 0 6 0 0 0 0 0 0
0 0 0 0 0 0 0 0 0 0 0 0
0 0 0 0 0 0 6 0 8 0 6 0
0 0 0 0 0 0 0 6 8 6 0 0
0 0 0 0 0 0 8 8 6 8 8 0
0 0 0 0 0 0 0 6 8 6 0 0
0 0 0 0 0 0 6 0 8 0 6 0

Example 2:

Input:
0 0 0 0 0 0 0 0 0 0 0 0
0 0 0 0 0 0 0 0 3 0 0 0
0 0 0 0 0 0 0 3 4 3 0 0
0 0 0 0 0 0 0 0 3 0 0 0
0 0 0 0 0 0 0 0 0 0 0 0
0 0 0 0 0 0 0 0 0 0 0 0
0 0 3 0 0 0 0 0 0 0 0 0
0 3 4 3 0 0 0 0 0 0 0 0
0 0 3 0 0 0 0 0 0 0 0 0
0 0 0 0 0 0 0 0 0 0 0 0
0 0 0 0 0 0 0 0 0 0 0 0
0 0 0 0 0 0 0 0 0 0 0 0
Output:
0 0 0 0 0 0 4 0 3 0 4 0
0 0 0 0 0 0 0 4 3 4 0 0
0 0 0 0 0 0 3 3 4 3 3 0
0 0 0 0 0 0 0 4 3 4 0 0
0 0 0 0 0 0 4 0 3 0 4 0
4 0 3 0 4 0 0 0 0 0 0 0
0 4 3 4 0 0 0 0 0 0 0 0
3 3 4 3 3 0 0 0 0 0 0 0
0 4 3 4 0 0 0 0 0 0 0 0
4 0 3 0 4 0 0 0 0 0 0 0
0 0 0 0 0 0 0 0 0 0 0 0
0 0 0 0 0 0 0 0 0 0 0 0

Example 3:

Input:
0 0 0 0 0 0 0 0 0 0 0 0
0 0 0 0 0 0 0 0 0 0 0 0
0 0 0 0 0 0 0 0 0 0 0 0
0 0 0 0 0 0 0 0 0 0 0 0
0 0 0 0 0 0 0 0 0 0 0 0
0 0 0 0 0 0 0 0 0 0 0 0
0 0 0 0 0 0 0 0 0 0 0 0
0 0 0 0 0 0 0 0 0 2 0 0
0 0 0 2 0 0 0 0 2 9 2 0
0 0 2 9 2 0 0 0 0 2 0 0
0 0 0 2 0 0 0 0 0 0 0 0
0 0 0 0 0 0 0 0 0 0 0 0
Output:
0 0 0 0 0 0 0 0 0 0 0 0
0 0 0 0 0 0 0 0 0 0 0 0
0 0 0 0 0 0 0 0 0 0 0 0
0 0 0 0 0 0 0 0 0 0 0 0
0 0 0 0 0 0 0 0 0 0 0 0
0 0 0 0 0 0 0 0 0 0 0 0
0 0 0 0 0 0 0 9 0 2 0 9
0 9 0 2 0 9 0 0 9 2 9 0
0 0 9 2 9 0 0 2 2 9 2 2
0 2 2 9 2 2 0 0 9 2 9 0
0 0 9 2 9 0 0 9 0 2 0 9
0 9 0 2 0 9 0 0 0 0 0 0

Example 4:

Input:
0 0 0 0 0 0 0 0 0 0 0 0
0 0 0 0 0 0 0 6 0 0 0 0
0 0 0 0 0 0 6 2 6 0 0 0
0 0 0 0 0 0 0 6 0 0 0 0
0 0 0 0 0 0 0 0 0 0 0 0
0 0 0 0 0 0 0 0 0 0 0 0
0 0 0 0 0 0 0 0 0 0 0 0
0 0 0 0 0 0 0 6 0 0 0 0
0 0 0 0 0 0 6 2 6 0 0 0
0 0 0 0 0 0 0 6 0 0 0 0
0 0 0 0 0 0 0 0 0 0 0 0
0 0 0 0 0 0 0 0 0 0 0 0
Output:
0 0 0 0 0 2 0 6 0 2 0 0
0 0 0 0 0 0 2 6 2 0 0 0
0 0 0 0 0 6 6 2 6 6 0 0
0 0 0 0 0 0 2 6 2 0 0 0
0 0 0 0 0 2 0 6 0 2 0 0
0 0 0 0 0 0 0 0 0 0 0 0
0 0 0 0 0 2 0 6 0 2 0 0
0 0 0 0 0 0 2 6 2 0 0 0
0 0 0 0 0 6 6 2 6 6 0 0
0 0 0 0 0 0 2 6 2 0 0 0
0 0 0 0 0 2 0 6 0 2 0 0
0 0 0 0 0 0 0 0 0 0 0 0

Example 5:

Input:
0 0 0 0 0 0 0 0 0 0 0 0
0 0 0 0 0 0 0 0 0 0 0 0
0 0 0 8 0 0 0 0 0 0 0 0
0 0 8 2 8 0 0 0 0 0 0 0
0 0 0 8 0 0 0 0 0 0 0 0
0 0 0 0 0 0 0 0 0 0 0 0
0 0 0 0 0 0 0 0 0 0 0 0
0 0 0 0 0 0 0 0 0 0 0 0
0 0 0 8 0 0 0 0 0 0 0 0
0 0 8 2 8 0 0 0 0 0 0 0
0 0 0 8 0 0 0 0 0 0 0 0
0 0 0 0 0 0 0 0 0 0 0 0
Output:
0 0 0 0 0 0 0 0 0 0 0 0
0 2 0 8 0 2 0 0 0 0 0 0
0 0 2 8 2 0 0 0 0 0 0 0
0 8 8 2 8 8 0 0 0 0 0 0
0 0 2 8 2 0 0 0 0 0 0 0
0 2 0 8 0 2 0 0 0 0 0 0
0 0 0 0 0 0 0 0 0 0 0 0
0 2 0 8 0 2 0 0 0 0 0 0
0 0 2 8 2 0 0 0 0 0 0 0
0 8 8 2 8 8 0 0 0 0 0 0
0 0 2 8 2 0 0 0 0 0 0 0
0 2 0 8 0 2 0 0 0 0 0 0

Example 6:

Input:
0 0 0 0 0 0 0 0 0 0 0 0
0 0 0 0 0 0 0 0 0 0 0 0
0 0 0 3 0 0 0 0 0 0 0 0
0 0 3 6 3 0 0 0 0 0 0 0
0 0 0 3 0 0 0 0 0 0 0 0
0 0 0 0 0 0 0 0 0 0 0 0
0 0 0 0 0 0 0 0 0 0 0 0
0 0 0 0 0 0 0 0 0 0 0 0
0 0 0 0 0 0 0 0 3 0 0 0
0 0 0 0 0 0 0 3 6 3 0 0
0 0 0 0 0 0 0 0 3 0 0 0
0 0 0 0 0 0 0 0 0 0 0 0
Output:
0 0 0 0 0 0 0 0 0 0 0 0
0 6 0 3 0 6 0 0 0 0 0 0
0 0 6 3 6 0 0 0 0 0 0 0
0 3 3 6 3 3 0 0 0 0 0 0
0 0 6 3 6 0 0 0 0 0 0 0
0 6 0 3 0 6 0 0 0 0 0 0
0 0 0 0 0 0 0 0 0 0 0 0
0 0 0 0 0 0 6 0 3 0 6 0
0 0 0 0 0 0 0 6 3 6 0 0
0 0 0 0 0 0 3 3 6 3 3 0
0 0 0 0 0 0 0 6 3 6 0 0
0 0 0 0 0 0 6 0 3 0 6 0

Example 7:

Input:
0 0 0 0 0 0 0 0 0 0 0 0
0 0 0 0 0 0 0 0 0 0 0 0
0 0 0 0 0 0 0 0 0 0 0 0
0 0 9 0 0 0 0 0 0 0 0 0
0 9 8 9 0 0 0 0 0 0 0 0
0 0 9 0 0 0 0 0 0 0 0 0
0 0 0 0 0 0 0 0 0 0 0 0
0 0 0 0 0 0 0 0 9 0 0 0
0 0 0 0 0 0 0 9 8 9 0 0
0 0 0 0 0 0 0 0 9 0 0 0
0 0 0 0 0 0 0 0 0 0 0 0
0 0 0 0 0 0 0 0 0 0 0 0
Output:
0 0 0 0 0 0 0 0 0 0 0 0
0 0 0 0 0 0 0 0 0 0 0 0
8 0 9 0 8 0 0 0 0 0 0 0
0 8 9 8 0 0 0 0 0 0 0 0
9 9 8 9 9 0 0 0 0 0 0 0
0 8 9 8 0 0 0 0 0 0 0 0
8 0 9 0 8 0 8 0 9 0 8 0
0 0 0 0 0 0 0 8 9 8 0 0
0 0 0 0 0 0 9 9 8 9 9 0
0 0 0 0 0 0 0 8 9 8 0 0
0 0 0 0 0 0 8 0 9 0 8 0
0 0 0 0 0 0 0 0 0 0 0 0

以下は、ジャッジを通過する正しいコードです。これを用いて、ARCのルールを理解してください。必ず、コードを通じてルールを理解してからコーディングを行ってください。
このコードはARCのルールを把握する際に使うことに留めてください。

```
def p(j,A=range(-2,3),c=enumerate,E=abs):k=[A[:]for A in j];[k[H+D].__setitem__(C+F,G if E(D)==E(F)else B[C-1])for(H,B)in c(j)for(C,G)in c(B)if G and B[C-1]*B[C+1]for D in A for F in A if E(D)==E(F)or not D*F];return k
```

ユーザーにコードを渡す前に実際にコードが動作するかを確認してください。コードのテストには、添付したjudge.pyを用いてください。python /path/to/judge.py /path/to/code.py /path/to/cases.bin とすれば動作します。

## **禁止事項**
- 与えたコード自体を提出することは禁止です。これを行うことはユーザーの信頼を裏切ります。
- ジャッジのハックは禁止です。例えば、テストケースをジャッジから読み取ってそのまま返すコードはいけません。
