14
A 19
12 111 127 198 214 295 311 392 408 489 505 586 602 683 699 802 826 856 874
B 17
6 113 129 200 216 297 313 394 410 491 507 588 604 685 701 858 876
C 7
0 237 334 431 528 625 722
D 3
31 149 924
c 13
84 261 358 455 552 649 746 901 911 921 942 961 1006
d 2
761 991
g 40
26 43 62 94 115 131 140 163 181 202 218 227 278 299 315 324 375 396 412 421 472 493 509 518 569 590 606 615 666 687 703 712 860 878 888 949 966 987 1013 1031
i 19
241 257 338 354 435 451 532 548 629 645 726 742 849 890 907 938 951 1002 1015
j 19
248 259 345 356 442 453 539 550 636 647 733 744 867 895 909 940 956 1004 1018
key 1
54
s 2
971 977
v 16
155 173 266 270 363 367 460 464 557 561 654 658 751 916 947 1011
x 41
82 92 99 122 145 161 168 179 186 209 232 250 276 283 306 329 347 373 380 403 426 444 470 477 500 523 541 567 574 597 620 638 664 671 694 717 735 821 869 897 958
y 41
80 90 96 106 142 159 165 177 183 193 229 243 274 280 290 326 340 371 377 387 423 437 468 474 484 520 534 565 571 581 617 631 662 668 678 714 728 797 851 892 953
0 1 1 1 1 1 1 1 1 0 0 1 1 1
1 0 1 1 1 1 1 1 1 0 0 1 1 1
1 1 0 1 1 1 1 1 1 0 0 1 1 1
1 1 1 0 1 1 1 1 1 0 0 1 1 1
1 1 1 1 0 1 1 1 1 0 0 1 1 1
1 1 1 1 1 0 1 1 1 0 1 1 1 1
1 1 1 1 1 1 0 1 1 0 1 1 1 1
1 1 1 1 1 1 1 0 1 0 0 1 1 1
1 1 1 1 1 1 1 1 0 0 0 1 1 1
0 0 0 0 0 0 0 0 0 0 0 0 0 0
0 0 0 0 0 1 1 0 0 0 0 0 0 0
1 1 1 1 1 1 1 1 1 0 0 0 1 1
1 1 1 1 1 1 1 1 1 0 0 1 0 1
1 1 1 1 1 1 1 1 1 0 0 1 1 0
