9
a 10
141 163 247 269 353 375 459 481 566 588
b 10
152 165 258 271 364 377 470 483 577 590
g 6
6 119 225 331 437 544
i 20
72 84 121 137 178 190 227 243 284 296 333 349 390 402 439 455 497 509 546 562
j 20
76 102 124 148 182 208 230 254 288 314 336 360 394 420 442 466 501 527 549 573
t 5
11 492 610 627 635
u 10
58 68 170 174 276 280 382 386 488 595
x 14
43 78 150 184 256 290 362 396 468 503 575 617 642 650
y 14
21 74 139 180 245 286 351 392 457 499 564 612 637 669
0 1 0 1 1 0 1 1 1
1 0 0 1 1 0 1 1 1
0 0 0 1 1 1 1 1 1
1 1 1 0 1 0 1 1 1
1 1 1 1 0 0 1 1 1
0 0 1 0 0 0 1 1 1
1 1 1 1 1 1 0 1 1
1 1 1 1 1 1 1 0 1
1 1 1 1 1 1 1 1 0
