7
a 16
6 119 138 160 222 241 263 325 344 366 428 447 469 532 551 573
o 10
149 162 252 265 355 368 458 471 562 575
e 25
11 72 84 121 134 175 187 224 237 278 290 327 340 381 393 430 443 480 485 497 534 547 595 612 620
i 20
76 102 124 145 179 205 227 248 282 308 330 351 385 411 433 454 489 515 537 558
r 10
58 68 167 171 270 274 373 377 476 580
n 14
43 78 147 181 250 284 353 387 456 491 560 602 627 635
f 14
21 74 136 177 239 280 342 383 445 487 549 597 622 654
0 1 1 1 1 1 1
1 0 1 1 1 1 1
1 1 0 1 1 1 1
1 1 1 0 1 1 1
1 1 1 1 0 1 1
1 1 1 1 1 0 1
1 1 1 1 1 1 0
