ARCのケースに対して、list[list[int]] -> list[list[int]] のシグネチャを持つ関数`p`をPythonで実装してください。つまり、`def p(g):...` か `p=lambda g:...`というコードが期待されます。
コードはshortcodingのcompetitionに用いるため、アルゴリズムを工夫してできる限り短いコードを生成するよう努めてください。

Example 0:

Input:
0 0 0 0 0 0 0 0 0 0
0 0 0 0 0 0 0 0 0 0
0 0 0 8 8 8 8 0 0 0
0 0 0 8 4 3 8 0 0 0
0 0 0 8 0 0 8 0 0 0
0 0 0 8 2 6 8 0 0 0
0 0 0 8 8 8 8 0 0 0
0 0 0 0 0 0 0 0 0 0
0 0 0 0 0 0 0 0 0 0
0 0 0 0 0 0 0 0 0 0
Output:
0 0 0 0 0 0 0 0 0 0
0 0 6 0 0 0 0 2 0 0
0 0 0 8 8 8 8 0 0 0
0 0 0 8 0 0 8 0 0 0
0 0 0 8 0 0 8 0 0 0
0 0 0 8 0 0 8 0 0 0
0 0 0 8 8 8 8 0 0 0
0 0 3 0 0 0 0 4 0 0
0 0 0 0 0 0 0 0 0 0
0 0 0 0 0 0 0 0 0 0

Example 1:

Input:
0 0 0 0 0 0 0 0 0 0
0 0 0 0 0 0 0 0 0 0
0 0 7 7 7 7 7 7 0 0
0 0 7 2 0 0 8 7 0 0
0 0 7 0 0 0 0 7 0 0
0 0 7 0 0 0 0 7 0 0
0 0 7 9 0 0 3 7 0 0
0 0 7 7 7 7 7 7 0 0
0 0 0 0 0 0 0 0 0 0
0 0 0 0 0 0 0 0 0 0
Output:
0 0 0 0 0 0 0 0 0 0
0 3 0 0 0 0 0 0 9 0
0 0 7 7 7 7 7 7 0 0
0 0 7 0 0 0 0 7 0 0
0 0 7 0 0 0 0 7 0 0
0 0 7 0 0 0 0 7 0 0
0 0 7 0 0 0 0 7 0 0
0 0 7 7 7 7 7 7 0 0
0 8 0 0 0 0 0 0 2 0
0 0 0 0 0 0 0 0 0 0

Example 2:

Input:
0 0 0 0 0 0 0 0 0 0
0 1 1 1 1 1 1 0 0 0
0 1 2 0 0 5 1 0 0 0
0 1 0 0 0 0 1 0 0 0
0 1 6 0 0 3 1 0 0 0
0 1 1 1 1 1 1 0 0 0
0 0 0 0 0 0 0 0 0 0
0 0 0 0 0 0 0 0 0 0
0 0 0 0 0 0 0 0 0 0
0 0 0 0 0 0 0 0 0 0
Output:
3 0 0 0 0 0 0 6 0 0
0 1 1 1 1 1 1 0 0 0
0 1 0 0 0 0 1 0 0 0
0 1 0 0 0 0 1 0 0 0
0 1 0 0 0 0 1 0 0 0
0 1 1 1 1 1 1 0 0 0
5 0 0 0 0 0 0 2 0 0
0 0 0 0 0 0 0 0 0 0
0 0 0 0 0 0 0 0 0 0
0 0 0 0 0 0 0 0 0 0

Example 3:

Input:
0 0 0 0 0 0 0 0 0 0
0 0 0 0 0 0 0 0 0 0
0 0 0 0 0 0 0 0 0 0
0 0 3 3 3 3 3 3 0 0
0 0 3 6 0 0 4 3 0 0
0 0 3 0 0 0 0 3 0 0
0 0 3 8 0 0 2 3 0 0
0 0 3 3 3 3 3 3 0 0
0 0 0 0 0 0 0 0 0 0
0 0 0 0 0 0 0 0 0 0
Output:
0 0 0 0 0 0 0 0 0 0
0 0 0 0 0 0 0 0 0 0
0 2 0 0 0 0 0 0 8 0
0 0 3 3 3 3 3 3 0 0
0 0 3 0 0 0 0 3 0 0
0 0 3 0 0 0 0 3 0 0
0 0 3 0 0 0 0 3 0 0
0 0 3 3 3 3 3 3 0 0
0 4 0 0 0 0 0 0 6 0
0 0 0 0 0 0 0 0 0 0

Example 4:

Input:
0 0 0 0 0 0 0 0 0 0
0 0 0 0 0 0 0 0 0 0
0 0 0 0 0 0 0 0 0 0
0 0 0 0 0 0 0 0 0 0
0 9 9 9 9 9 9 0 0 0
0 9 1 0 0 3 9 0 0 0
0 9 4 0 0 5 9 0 0 0
0 9 9 9 9 9 9 0 0 0
0 0 0 0 0 0 0 0 0 0
0 0 0 0 0 0 0 0 0 0
Output:
0 0 0 0 0 0 0 0 0 0
0 0 0 0 0 0 0 0 0 0
0 0 0 0 0 0 0 0 0 0
5 0 0 0 0 0 0 4 0 0
0 9 9 9 9 9 9 0 0 0
0 9 0 0 0 0 9 0 0 0
0 9 0 0 0 0 9 0 0 0
0 9 9 9 9 9 9 0 0 0
3 0 0 0 0 0 0 1 0 0
0 0 0 0 0 0 0 0 0 0

Example 5:

Input:
0 0 0 0 0 0 0 0 0 0
0 0 9 9 9 9 0 0 0 0
0 0 9 7 8 9 0 0 0 0
0 0 9 0 0 9 0 0 0 0
0 0 9 5 6 9 0 0 0 0
0 0 9 9 9 9 0 0 0 0
0 0 0 0 0 0 0 0 0 0
0 0 0 0 0 0 0 0 0 0
0 0 0 0 0 0 0 0 0 0
0 0 0 0 0 0 0 0 0 0
Output:
0 6 0 0 0 0 5 0 0 0
0 0 9 9 9 9 0 0 0 0
0 0 9 0 0 9 0 0 0 0
0 0 9 0 0 9 0 0 0 0
0 0 9 0 0 9 0 0 0 0
0 0 9 9 9 9 0 0 0 0
0 8 0 0 0 0 7 0 0 0
0 0 0 0 0 0 0 0 0 0
0 0 0 0 0 0 0 0 0 0
0 0 0 0 0 0 0 0 0 0

Example 6:

Input:
0 0 0 0 0 0 0 0 0 0
0 6 6 6 6 0 0 0 0 0
0 6 8 7 6 0 0 0 0 0
0 6 0 0 6 0 0 0 0 0
0 6 2 4 6 0 0 0 0 0
0 6 6 6 6 0 0 0 0 0
0 0 0 0 0 0 0 0 0 0
0 0 0 0 0 0 0 0 0 0
0 0 0 0 0 0 0 0 0 0
0 0 0 0 0 0 0 0 0 0
Output:
4 0 0 0 0 2 0 0 0 0
0 6 6 6 6 0 0 0 0 0
0 6 0 0 6 0 0 0 0 0
0 6 0 0 6 0 0 0 0 0
0 6 0 0 6 0 0 0 0 0
0 6 6 6 6 0 0 0 0 0
7 0 0 0 0 8 0 0 0 0
0 0 0 0 0 0 0 0 0 0
0 0 0 0 0 0 0 0 0 0
0 0 0 0 0 0 0 0 0 0

Example 7:

Input:
0 0 0 0 0 0 0 0 0 0
0 0 0 6 6 6 6 6 0 0
0 0 0 6 5 0 2 6 0 0
0 0 0 6 7 0 1 6 0 0
0 0 0 6 6 6 6 6 0 0
0 0 0 0 0 0 0 0 0 0
0 0 0 0 0 0 0 0 0 0
0 0 0 0 0 0 0 0 0 0
0 0 0 0 0 0 0 0 0 0
0 0 0 0 0 0 0 0 0 0
Output:
0 0 1 0 0 0 0 0 7 0
0 0 0 6 6 6 6 6 0 0
0 0 0 6 0 0 0 6 0 0
0 0 0 6 0 0 0 6 0 0
0 0 0 6 6 6 6 6 0 0
0 0 2 0 0 0 0 0 5 0
0 0 0 0 0 0 0 0 0 0
0 0 0 0 0 0 0 0 0 0
0 0 0 0 0 0 0 0 0 0
0 0 0 0 0 0 0 0 0 0

以下は、ジャッジを通過する正しいコードです。これを用いて、ARCのルールを理解してください。必ず、コードを通じてルールを理解してからコーディングを行ってください。
このコードはARCのルールを把握する際に使うことに留めてください。

```
t=lambda g:[[g[y][x]for y in range(len(g))]for x in range(len(g[0]))]
def b(g):a=[i for(i,r)in enumerate(g)if any(r)];return a[0],a[-1]
def p(g):
 y,q=b(g);x,p=b(t(g))
 def s(a,b,c,d):g[a][b],g[c][d]=g[c][d],g[a][b]
 s(y+1,x+1,q+1,p+1);s(y+1,p-1,q+1,x-1);s(q-1,x+1,y-1,p+1);s(q-1,p-1,y-1,x-1);return g
```

ユーザーにコードを渡す前に実際にコードが動作するかを確認してください。コードのテストには、添付したstandalone_judge.pyを用いてください。python /path/to/standalone_judge.py /path/to/code.py とすれば動作します。
このPythonファイルは非常に大きなケースを含むので、あなたのコンテキストを圧迫します。そのため、このファイルを全て読んではいけません。

## **禁止事項**
- 与えたコード自体を提出することは禁止です。これを行うことはユーザーの信頼を裏切ります。
- ジャッジのハックは禁止です。例えば、テストケースをジャッジから読み取ってそのまま返すコードはいけません。
