ARCのケースに対して、list[list[int]] -> list[list[int]] のシグネチャを持つ関数`p`をPythonで実装してください。つまり、`def p(g):...` か `p=lambda g:...`というコードが期待されます。
コードはshortcodingのcompetitionに用いるため、アルゴリズムを工夫してできる限り短いコードを生成するよう努めてください。

Example 0:

Input:
5 0 0 5 0 0 5 5 5 5 5 5 0 0 5 5 5 5 0 0
5 0 5 5 5 5 5 5 0 0 5 5 5 5 0 5 5 0 5 5
5 5 5 5 5 5 5 5 5 5 5 5 5 5 5 5 0 0 5 5
0 5 5 5 5 5 0 0 0 5 0 5 5 0 5 5 0 0 0 5
5 5 5 5 5 5 0 5 0 0 5 5 5 0 0 0 5 5 0 5
0 5 0 5 0 5 0 0 5 0 5 0 5 0 5 0 5 5 5 5
5 5 5 5 5 5 5 5 5 0 0 5 0 5 5 5 0 0 0 5
0 0 0 5 5 5 0 0 0 5 5 5 0 5 0 5 0 0 0 5
5 5 0 0 5 0 0 5 5 5 5 0 0 5 0 5 0 0 0 5
0 0 5 0 0 0 5 5 0 5 5 5 5 0 5 5 5 0 5 5
5 5 5 0 5 5 5 5 5 0 0 5 0 0 5 5 5 5 5 5
5 0 5 5 5 5 5 0 5 5 5 5 0 5 0 5 5 5 0 5
5 0 0 5 5 5 5 0 0 5 5 5 0 5 5 5 5 5 5 5
5 5 0 5 5 5 5 5 5 5 5 0 5 5 5 0 5 5 0 5
0 0 5 5 5 5 0 5 5 0 5 5 5 5 0 5 5 5 0 5
5 0 0 5 0 5 0 0 0 5 5 5 0 5 0 5 5 0 5 0
0 5 0 5 0 5 5 0 0 5 0 0 5 0 5 0 0 0 5 0
5 5 5 5 5 0 5 5 5 5 5 0 0 0 5 0 5 5 0 5
5 5 5 5 5 5 5 5 5 5 5 5 5 0 0 5 5 0 5 5
5 5 5 0 0 5 5 5 5 0 5 5 0 5 0 5 0 0 0 5
Output:
5 0 0 5 0 0 5 5 5 5 5 5 0 0 5 5 5 5 0 0
5 0 5 5 5 5 5 5 0 0 5 5 5 5 0 5 5 0 5 5
5 5 5 5 5 5 5 5 5 5 5 5 5 5 5 5 0 0 5 5
0 5 5 5 5 5 0 0 0 5 0 5 5 0 5 5 0 0 0 5
5 5 5 5 5 5 0 5 0 0 5 5 5 0 0 0 5 5 0 5
0 5 0 5 0 5 0 0 5 0 5 0 5 0 5 0 5 5 5 5
5 5 5 5 5 5 5 5 5 0 0 5 0 5 5 5 1 1 1 5
0 0 0 5 5 5 0 0 0 5 5 5 0 5 0 5 1 1 1 5
5 5 0 0 5 0 0 5 5 5 5 0 0 5 0 5 1 1 1 5
0 0 5 0 0 0 5 5 0 5 5 5 5 0 5 5 5 0 5 5
5 5 5 0 5 5 5 5 5 0 0 5 0 0 5 5 5 5 5 5
5 0 5 5 5 5 5 0 5 5 5 5 0 5 0 5 5 5 0 5
5 0 0 5 5 5 5 0 0 5 5 5 0 5 5 5 5 5 5 5
5 5 0 5 5 5 5 5 5 5 5 0 5 5 5 0 5 5 0 5
0 0 5 5 5 5 0 5 5 0 5 5 5 5 0 5 5 5 0 5
5 0 0 5 0 5 0 0 0 5 5 5 0 5 0 5 5 0 5 0
0 5 0 5 0 5 5 0 0 5 0 0 5 0 5 0 0 0 5 0
5 5 5 5 5 0 5 5 5 5 5 0 0 0 5 0 5 5 0 5
5 5 5 5 5 5 5 5 5 5 5 5 5 0 0 5 5 0 5 5
5 5 5 0 0 5 5 5 5 0 5 5 0 5 0 5 0 0 0 5

Example 1:

Input:
3 3 3 3 0 3 0 3 0 3 3 0 0 3 3 3 0 3 0 0
0 0 3 3 0 0 3 0 3 3 0 3 0 3 3 0 0 3 3 0
3 3 3 3 3 0 0 3 0 0 0 3 0 3 3 0 3 3 3 3
3 0 3 3 0 0 0 0 3 0 3 3 0 3 3 3 0 3 3 0
0 0 0 3 0 3 0 3 3 3 0 3 3 3 0 3 3 3 0 0
3 3 0 0 3 3 0 3 3 3 3 0 0 3 0 3 3 3 3 0
0 3 0 0 0 0 3 3 0 3 0 0 3 0 0 0 3 0 3 0
3 0 3 0 0 0 0 0 0 3 3 3 0 3 3 3 3 3 3 3
0 3 3 0 0 0 0 3 0 3 3 0 3 3 0 0 3 3 3 3
0 0 0 3 3 0 0 3 3 3 3 3 0 3 0 3 0 3 3 3
3 0 3 3 0 3 3 3 0 0 3 0 3 0 0 0 3 3 0 3
3 0 0 3 0 0 0 3 3 3 3 0 0 3 0 3 0 3 3 3
0 3 3 0 0 0 3 3 0 3 3 3 3 0 0 3 0 0 3 3
0 0 3 0 3 3 3 3 0 0 0 3 3 3 0 0 3 0 3 0
3 0 3 3 3 0 3 3 0 3 3 3 3 3 3 3 3 0 0 3
0 0 3 0 3 3 0 0 3 0 3 0 3 3 0 3 3 3 0 0
3 3 0 3 3 0 0 0 0 0 0 0 3 0 3 0 0 0 3 3
0 3 0 3 0 0 3 3 3 0 3 3 3 0 0 3 3 0 0 0
3 0 0 3 0 3 3 0 3 0 0 3 0 0 3 3 3 3 3 3
3 0 3 3 0 3 3 3 0 0 0 3 0 3 0 3 3 3 0 3
Output:
3 3 3 3 0 3 0 3 0 3 3 0 0 3 3 3 0 3 0 0
0 0 3 3 0 0 3 0 3 3 0 3 0 3 3 0 0 3 3 0
3 3 3 3 3 0 0 3 0 0 0 3 0 3 3 0 3 3 3 3
3 0 3 3 0 0 0 0 3 0 3 3 0 3 3 3 0 3 3 0
0 0 0 3 0 3 0 3 3 3 0 3 3 3 0 3 3 3 0 0
3 3 0 0 3 3 0 3 3 3 3 0 0 3 0 3 3 3 3 0
0 3 0 1 1 1 3 3 0 3 0 0 3 0 0 0 3 0 3 0
3 0 3 1 1 1 0 0 0 3 3 3 0 3 3 3 3 3 3 3
0 3 3 1 1 1 0 3 0 3 3 0 3 3 0 0 3 3 3 3
0 0 0 3 3 0 0 3 3 3 3 3 0 3 0 3 0 3 3 3
3 0 3 3 0 3 3 3 0 0 3 0 3 0 0 0 3 3 0 3
3 0 0 3 0 0 0 3 3 3 3 0 0 3 0 3 0 3 3 3
0 3 3 0 0 0 3 3 0 3 3 3 3 0 0 3 0 0 3 3
0 0 3 0 3 3 3 3 0 0 0 3 3 3 0 0 3 0 3 0
3 0 3 3 3 0 3 3 0 3 3 3 3 3 3 3 3 0 0 3
0 0 3 0 3 3 0 0 3 0 3 0 3 3 0 3 3 3 0 0
3 3 0 3 3 0 0 0 0 0 0 0 3 0 3 0 0 0 3 3
0 3 0 3 0 0 3 3 3 0 3 3 3 0 0 3 3 0 0 0
3 0 0 3 0 3 3 0 3 0 0 3 0 0 3 3 3 3 3 3
3 0 3 3 0 3 3 3 0 0 0 3 0 3 0 3 3 3 0 3

Example 2:

Input:
7 0 7 7 7 7 0 7 7 0 0 7 7 0 0 7 0 7 7 7
0 0 7 0 7 0 7 0 7 7 7 0 0 0 0 7 7 0 0 7
0 0 0 0 0 7 0 0 7 7 7 7 0 7 0 0 0 0 7 0
7 0 7 0 7 0 7 7 0 0 0 7 7 0 0 7 7 0 7 0
0 0 7 0 0 7 0 0 7 0 7 7 7 7 0 0 7 0 0 7
7 7 7 7 7 7 7 7 0 7 7 0 7 7 0 0 0 7 0 7
0 0 0 7 0 7 0 0 7 7 0 7 0 7 0 0 0 0 7 7
0 7 7 7 7 0 7 0 7 0 0 7 7 7 0 0 0 0 0 7
0 0 0 7 0 0 0 0 7 7 7 0 0 7 7 0 0 0 7 7
7 7 0 7 7 7 0 7 0 0 7 0 7 7 0 7 7 0 7 0
7 0 0 0 0 0 0 0 0 7 0 0 7 0 0 0 0 7 7 0
7 7 0 0 7 7 7 0 7 7 7 7 0 7 0 0 7 7 7 7
0 7 0 7 7 7 0 0 0 7 7 0 7 7 0 7 0 0 7 7
0 0 7 7 0 7 7 7 7 7 0 7 7 0 7 7 7 0 7 7
0 0 7 7 7 0 7 0 7 7 0 7 0 7 7 7 0 7 7 7
7 0 7 7 7 0 7 0 7 7 7 7 7 0 0 7 7 7 0 0
7 7 7 0 0 0 7 7 7 0 7 7 0 7 0 7 0 0 0 0
7 7 7 0 0 0 7 0 7 7 0 7 0 0 7 0 0 0 0 0
7 0 0 0 0 0 7 7 0 7 0 0 0 7 0 7 7 7 0 7
0 7 7 0 7 7 0 7 0 0 7 7 7 7 0 0 7 0 7 7
Output:
7 0 7 7 7 7 0 7 7 0 0 7 7 0 0 7 0 7 7 7
0 0 7 0 7 0 7 0 7 7 7 0 0 0 0 7 7 0 0 7
0 0 0 0 0 7 0 0 7 7 7 7 0 7 0 0 0 0 7 0
7 0 7 0 7 0 7 7 0 0 0 7 7 0 0 7 7 0 7 0
0 0 7 0 0 7 0 0 7 0 7 7 7 7 0 0 7 0 0 7
7 7 7 7 7 7 7 7 0 7 7 0 7 7 1 1 1 7 0 7
0 0 0 7 0 7 0 0 7 7 0 7 0 7 1 1 1 0 7 7
0 7 7 7 7 0 7 0 7 0 0 7 7 7 1 1 1 0 0 7
0 0 0 7 0 0 0 0 7 7 7 0 0 7 7 0 0 0 7 7
7 7 0 7 7 7 0 7 0 0 7 0 7 7 0 7 7 0 7 0
7 0 0 0 0 0 0 0 0 7 0 0 7 0 0 0 0 7 7 0
7 7 0 0 7 7 7 0 7 7 7 7 0 7 0 0 7 7 7 7
0 7 0 7 7 7 0 0 0 7 7 0 7 7 0 7 0 0 7 7
0 0 7 7 0 7 7 7 7 7 0 7 7 0 7 7 7 0 7 7
0 0 7 7 7 0 7 0 7 7 0 7 0 7 7 7 0 7 7 7
7 0 7 7 7 0 7 0 7 7 7 7 7 0 0 7 7 7 0 0
7 7 7 1 1 1 7 7 7 0 7 7 0 7 0 7 0 0 0 0
7 7 7 1 1 1 7 0 7 7 0 7 0 0 7 0 0 0 0 0
7 0 0 1 1 1 7 7 0 7 0 0 0 7 0 7 7 7 0 7
0 7 7 0 7 7 0 7 0 0 7 7 7 7 0 0 7 0 7 7

Example 3:

Input:
0 4 0 4 4 0 4 4 4 0 0 0 4 0 4 4 4 4 4 0
0 0 4 4 0 0 4 0 4 4 0 0 0 0 4 4 4 4 4 0
4 4 4 0 0 4 0 4 0 4 0 4 4 4 4 4 4 0 4 0
4 4 0 4 0 0 4 0 0 0 0 0 0 4 4 4 0 4 0 0
4 0 0 4 4 0 4 4 4 4 4 4 4 0 4 4 0 4 0 4
4 4 0 0 4 0 0 4 4 4 4 4 4 0 0 4 4 0 4 0
0 0 0 4 0 0 0 0 4 4 4 4 4 0 4 0 4 4 0 4
4 0 4 4 0 0 0 4 4 0 0 0 0 4 4 0 0 0 0 0
0 4 4 4 0 0 0 4 4 4 0 0 4 0 4 4 4 0 0 0
4 0 0 0 4 4 0 0 4 0 0 4 0 4 4 4 0 4 0 4
0 0 0 4 0 4 0 4 4 4 0 0 4 0 4 4 4 0 4 4
0 4 4 0 0 4 4 4 4 0 0 0 4 4 4 4 4 0 4 0
0 0 4 0 0 4 0 0 4 0 0 4 0 4 4 0 0 0 4 4
4 0 4 4 0 4 0 0 4 4 4 0 0 0 0 4 4 4 0 0
0 4 4 4 4 0 0 4 0 4 0 0 4 4 0 4 4 4 4 4
4 0 0 4 4 0 4 0 4 0 0 4 0 4 0 4 0 4 0 0
4 4 0 4 0 4 0 4 4 0 0 4 4 4 0 0 0 0 4 4
4 0 0 0 0 4 4 0 4 4 0 4 0 4 0 0 0 4 4 4
0 0 0 0 0 4 4 4 4 0 4 0 0 4 0 0 0 0 0 0
4 4 0 0 0 0 0 4 4 0 0 0 4 0 4 0 4 0 4 4
Output:
0 4 0 4 4 0 4 4 4 0 0 0 4 0 4 4 4 4 4 0
0 0 4 4 0 0 4 0 4 4 0 0 0 0 4 4 4 4 4 0
4 4 4 0 0 4 0 4 0 4 0 4 4 4 4 4 4 0 4 0
4 4 0 4 0 0 4 0 0 0 0 0 0 4 4 4 0 4 0 0
4 0 0 4 4 0 4 4 4 4 4 4 4 0 4 4 0 4 0 4
4 4 0 0 4 0 0 4 4 4 4 4 4 0 0 4 4 0 4 0
0 0 0 4 1 1 1 0 4 4 4 4 4 0 4 0 4 4 0 4
4 0 4 4 1 1 1 4 4 0 0 0 0 4 4 0 0 0 0 0
0 4 4 4 1 1 1 4 4 4 0 0 4 0 4 4 4 0 0 0
4 0 0 0 4 4 0 0 4 0 0 4 0 4 4 4 0 4 0 4
0 0 0 4 0 4 0 4 4 4 0 0 4 0 4 4 4 0 4 4
0 4 4 0 0 4 4 4 4 0 0 0 4 4 4 4 4 0 4 0
0 0 4 0 0 4 0 0 4 0 0 4 0 4 4 0 0 0 4 4
4 0 4 4 0 4 0 0 4 4 4 0 0 0 0 4 4 4 0 0
0 4 4 4 4 0 0 4 0 4 0 0 4 4 0 4 4 4 4 4
4 0 0 4 4 0 4 0 4 0 0 4 0 4 0 4 0 4 0 0
4 4 0 4 0 4 0 4 4 0 0 4 4 4 1 1 1 0 4 4
4 0 1 1 1 4 4 0 4 4 0 4 0 4 1 1 1 4 4 4
0 0 1 1 1 4 4 4 4 0 4 0 0 4 1 1 1 0 0 0
4 4 1 1 1 0 0 4 4 0 0 0 4 0 4 0 4 0 4 4

Example 4:

Input:
3 3 3 3 0 3 3 3 3 3 0 3 3 3 3 3 3 3 3 0
0 3 0 3 0 3 3 3 3 3 3 3 3 0 3 3 0 3 0 3
3 3 3 3 3 3 3 3 3 0 0 3 3 3 3 3 3 3 3 3
3 3 3 3 3 3 3 0 3 0 0 0 3 3 3 3 3 3 3 3
3 3 3 3 3 3 3 3 3 0 0 0 3 0 3 3 3 3 0 3
3 3 3 3 3 3 3 0 3 0 0 0 3 3 3 3 3 3 3 0
3 3 3 3 3 3 3 0 0 0 3 0 3 3 3 3 3 3 3 3
3 3 0 0 3 3 3 3 3 3 3 3 3 3 3 3 3 3 3 0
3 0 0 3 3 3 0 3 3 3 0 3 0 0 3 3 3 3 0 3
0 0 0 3 3 0 3 3 3 3 3 0 3 3 3 3 3 3 3 3
3 3 3 3 0 3 3 3 0 3 0 3 3 3 3 3 3 3 3 3
0 3 3 0 3 0 0 0 0 3 3 3 3 3 3 3 3 0 3 3
3 3 3 3 3 0 0 0 3 0 0 3 3 3 3 3 0 3 3 3
0 3 3 3 3 0 0 0 3 3 0 3 3 3 3 0 3 0 0 0
3 3 0 3 0 3 3 0 3 3 3 3 3 3 3 3 3 0 0 0
3 3 3 3 3 3 3 0 3 3 0 3 3 3 3 3 0 0 0 0
3 3 3 3 3 3 3 3 3 3 3 3 3 0 3 3 3 0 3 0
3 3 3 3 3 3 3 3 3 3 3 3 3 3 3 3 3 3 3 3
3 3 3 3 3 3 3 3 3 3 3 3 0 0 3 3 3 3 3 0
0 3 3 3 0 3 3 0 0 3 3 3 3 3 3 3 3 3 3 3
Output:
3 3 3 3 0 3 3 3 3 3 0 3 3 3 3 3 3 3 3 0
0 3 0 3 0 3 3 3 3 3 3 3 3 0 3 3 0 3 0 3
3 3 3 3 3 3 3 3 3 0 0 3 3 3 3 3 3 3 3 3
3 3 3 3 3 3 3 0 3 1 1 1 3 3 3 3 3 3 3 3
3 3 3 3 3 3 3 3 3 1 1 1 3 0 3 3 3 3 0 3
3 3 3 3 3 3 3 0 3 1 1 1 3 3 3 3 3 3 3 0
3 3 3 3 3 3 3 0 0 0 3 0 3 3 3 3 3 3 3 3
3 3 0 0 3 3 3 3 3 3 3 3 3 3 3 3 3 3 3 0
3 0 0 3 3 3 0 3 3 3 0 3 0 0 3 3 3 3 0 3
0 0 0 3 3 0 3 3 3 3 3 0 3 3 3 3 3 3 3 3
3 3 3 3 0 3 3 3 0 3 0 3 3 3 3 3 3 3 3 3
0 3 3 0 3 1 1 1 0 3 3 3 3 3 3 3 3 0 3 3
3 3 3 3 3 1 1 1 3 0 0 3 3 3 3 3 0 3 3 3
0 3 3 3 3 1 1 1 3 3 0 3 3 3 3 0 3 1 1 1
3 3 0 3 0 3 3 0 3 3 3 3 3 3 3 3 3 1 1 1
3 3 3 3 3 3 3 0 3 3 0 3 3 3 3 3 0 1 1 1
3 3 3 3 3 3 3 3 3 3 3 3 3 0 3 3 3 0 3 0
3 3 3 3 3 3 3 3 3 3 3 3 3 3 3 3 3 3 3 3
3 3 3 3 3 3 3 3 3 3 3 3 0 0 3 3 3 3 3 0
0 3 3 3 0 3 3 0 0 3 3 3 3 3 3 3 3 3 3 3

Example 5:

Input:
3 0 3 0 0 0 0 0 3 0 3 3 3 3 3 3 3 3 3 0
3 3 3 3 0 0 0 0 3 3 3 3 3 3 3 3 3 0 3 3
3 0 3 0 3 0 0 0 3 3 0 3 0 3 0 3 3 0 0 3
3 3 3 3 0 0 3 3 3 3 0 0 3 3 0 3 3 3 0 3
3 0 3 3 0 0 0 0 3 3 3 3 3 3 3 3 3 3 3 0
3 3 0 3 0 3 3 3 0 3 0 3 3 0 3 0 0 0 0 0
3 3 3 3 3 3 3 3 3 3 3 0 0 3 0 3 0 0 0 3
3 3 3 3 3 3 3 3 3 0 3 0 3 3 0 3 0 0 0 3
3 3 0 3 3 3 3 3 3 3 3 3 3 3 3 3 3 3 0 3
0 3 3 3 3 3 3 0 0 3 3 3 3 3 0 3 3 3 3 0
0 3 3 3 3 3 3 3 3 3 3 3 3 3 3 0 0 0 0 0
3 3 3 3 3 3 3 3 3 3 3 3 3 3 3 3 3 0 0 0
3 3 3 3 0 3 3 3 0 0 3 0 3 3 3 3 3 0 0 0
3 3 3 3 3 3 3 3 3 3 3 3 0 3 3 0 3 3 0 3
3 3 3 0 3 3 3 3 0 3 3 0 3 3 3 3 3 0 3 3
3 3 3 3 3 3 3 3 3 3 3 0 3 3 3 3 3 0 3 3
3 3 3 0 0 0 3 3 3 3 0 3 3 3 3 3 3 3 0 3
3 3 3 3 0 3 3 3 0 0 3 3 3 3 3 3 3 0 3 3
3 3 3 3 3 3 3 0 3 0 3 3 3 3 3 0 0 3 0 3
3 3 3 3 3 3 3 0 3 3 3 3 0 3 0 3 0 3 3 3
Output:
3 0 3 0 0 1 1 1 3 0 3 3 3 3 3 3 3 3 3 0
3 3 3 3 0 1 1 1 3 3 3 3 3 3 3 3 3 0 3 3
3 0 3 0 3 1 1 1 3 3 0 3 0 3 0 3 3 0 0 3
3 3 3 3 0 0 3 3 3 3 0 0 3 3 0 3 3 3 0 3
3 0 3 3 0 0 0 0 3 3 3 3 3 3 3 3 3 3 3 0
3 3 0 3 0 3 3 3 0 3 0 3 3 0 3 0 1 1 1 0
3 3 3 3 3 3 3 3 3 3 3 0 0 3 0 3 1 1 1 3
3 3 3 3 3 3 3 3 3 0 3 0 3 3 0 3 1 1 1 3
3 3 0 3 3 3 3 3 3 3 3 3 3 3 3 3 3 3 0 3
0 3 3 3 3 3 3 0 0 3 3 3 3 3 0 3 3 3 3 0
0 3 3 3 3 3 3 3 3 3 3 3 3 3 3 0 0 1 1 1
3 3 3 3 3 3 3 3 3 3 3 3 3 3 3 3 3 1 1 1
3 3 3 3 0 3 3 3 0 0 3 0 3 3 3 3 3 1 1 1
3 3 3 3 3 3 3 3 3 3 3 3 0 3 3 0 3 3 0 3
3 3 3 0 3 3 3 3 0 3 3 0 3 3 3 3 3 0 3 3
3 3 3 3 3 3 3 3 3 3 3 0 3 3 3 3 3 0 3 3
3 3 3 0 0 0 3 3 3 3 0 3 3 3 3 3 3 3 0 3
3 3 3 3 0 3 3 3 0 0 3 3 3 3 3 3 3 0 3 3
3 3 3 3 3 3 3 0 3 0 3 3 3 3 3 0 0 3 0 3
3 3 3 3 3 3 3 0 3 3 3 3 0 3 0 3 0 3 3 3

Example 6:

Input:
0 3 3 3 3 0 3 3 3 3 3 3 3 3 0 0 3 3 3 3
0 0 0 3 3 0 3 0 3 3 3 0 3 3 3 3 3 0 3 3
3 3 3 3 3 3 3 3 3 3 3 3 3 3 3 3 3 3 3 3
3 3 3 3 3 3 3 0 3 0 3 3 3 3 0 3 3 3 3 3
3 3 3 3 3 3 3 3 3 3 3 0 3 0 3 3 3 3 0 3
3 3 3 3 0 3 3 3 0 3 3 3 3 3 3 3 3 3 3 3
3 3 3 3 3 0 0 0 3 3 3 3 3 0 3 3 3 3 3 3
3 3 3 3 3 3 3 3 3 3 3 3 3 3 0 0 0 3 0 0
3 3 3 3 0 3 0 3 0 0 3 3 3 0 0 0 0 3 3 3
3 0 3 3 3 3 3 3 0 3 3 3 3 3 0 0 0 3 0 3
3 3 0 3 3 3 3 3 3 3 3 0 3 3 3 3 3 3 3 0
3 0 3 3 3 3 3 3 3 3 3 3 3 3 3 0 3 3 3 3
3 0 3 3 3 3 3 0 0 3 0 3 3 0 3 0 0 3 3 0
0 3 3 0 3 0 3 0 3 3 3 3 3 3 3 3 3 3 3 3
3 3 3 3 3 3 3 0 0 3 3 3 3 3 3 3 0 3 3 3
3 3 3 3 3 0 0 0 3 0 0 3 3 3 3 0 0 0 3 3
3 0 3 3 3 3 3 3 3 3 3 3 3 0 0 0 0 0 0 0
3 0 3 3 3 3 3 0 3 3 3 3 3 3 3 0 0 0 3 3
0 3 3 3 3 3 3 3 3 3 0 0 3 3 3 3 3 3 3 3
3 3 3 3 0 3 3 3 3 3 3 3 3 3 0 3 3 3 3 3
Output:
0 3 3 3 3 0 3 3 3 3 3 3 3 3 0 0 3 3 3 3
0 0 0 3 3 0 3 0 3 3 3 0 3 3 3 3 3 0 3 3
3 3 3 3 3 3 3 3 3 3 3 3 3 3 3 3 3 3 3 3
3 3 3 3 3 3 3 0 3 0 3 3 3 3 0 3 3 3 3 3
3 3 3 3 3 3 3 3 3 3 3 0 3 0 3 3 3 3 0 3
3 3 3 3 0 3 3 3 0 3 3 3 3 3 3 3 3 3 3 3
3 3 3 3 3 0 0 0 3 3 3 3 3 0 3 3 3 3 3 3
3 3 3 3 3 3 3 3 3 3 3 3 3 3 1 1 1 3 0 0
3 3 3 3 0 3 0 3 0 0 3 3 3 0 1 1 1 3 3 3
3 0 3 3 3 3 3 3 0 3 3 3 3 3 1 1 1 3 0 3
3 3 0 3 3 3 3 3 3 3 3 0 3 3 3 3 3 3 3 0
3 0 3 3 3 3 3 3 3 3 3 3 3 3 3 0 3 3 3 3
3 0 3 3 3 3 3 0 0 3 0 3 3 0 3 0 0 3 3 0
0 3 3 0 3 0 3 0 3 3 3 3 3 3 3 3 3 3 3 3
3 3 3 3 3 3 3 0 0 3 3 3 3 3 3 3 0 3 3 3
3 3 3 3 3 0 0 0 3 0 0 3 3 3 3 1 1 1 3 3
3 0 3 3 3 3 3 3 3 3 3 3 3 0 0 1 1 1 0 0
3 0 3 3 3 3 3 0 3 3 3 3 3 3 3 1 1 1 3 3
0 3 3 3 3 3 3 3 3 3 0 0 3 3 3 3 3 3 3 3
3 3 3 3 0 3 3 3 3 3 3 3 3 3 0 3 3 3 3 3

Example 7:

Input:
0 7 7 7 7 7 7 7 7 7 7 0 7 7 7 7 7 7 0 7
0 0 7 7 0 7 7 7 7 7 7 7 7 7 0 0 7 0 7 7
7 7 7 7 7 7 7 7 0 7 7 7 7 7 0 7 0 7 7 0
7 7 7 7 0 7 7 0 7 7 7 0 7 7 7 7 7 7 0 7
7 7 7 7 7 7 7 7 7 7 7 7 0 7 7 7 7 7 7 7
7 7 7 0 7 7 7 7 7 7 7 7 7 7 7 7 7 7 7 0
7 0 7 7 7 7 7 0 0 7 7 7 7 7 7 7 7 7 0 7
7 7 7 7 7 7 7 7 7 7 7 0 7 7 7 7 7 7 0 7
0 0 0 7 7 7 7 7 7 0 7 7 7 0 7 7 0 7 0 7
7 7 7 7 7 7 7 0 7 7 7 7 7 7 0 7 7 0 7 7
7 7 7 7 7 7 7 7 7 0 0 7 7 0 0 7 7 7 7 7
7 7 7 0 7 7 7 7 7 7 7 7 7 7 7 7 7 7 7 7
7 7 7 0 0 0 7 7 7 7 7 7 7 7 7 0 7 7 7 0
7 7 7 7 7 7 7 7 0 7 7 7 7 7 7 7 7 0 0 7
0 7 7 7 7 7 7 7 7 7 7 7 7 7 0 0 0 0 0 7
7 7 0 0 7 0 7 7 7 0 7 0 7 7 7 0 0 0 7 7
7 7 7 0 7 7 7 7 7 7 7 7 0 7 0 0 0 0 7 7
7 7 7 7 7 0 7 0 7 7 7 7 7 7 7 7 0 7 7 7
7 7 0 7 0 7 7 0 7 7 7 7 7 7 0 7 7 7 7 7
7 0 7 7 7 7 0 0 0 7 7 7 7 7 7 7 7 0 7 7
Output:
0 7 7 7 7 7 7 7 7 7 7 0 7 7 7 7 7 7 0 7
0 0 7 7 0 7 7 7 7 7 7 7 7 7 0 0 7 0 7 7
7 7 7 7 7 7 7 7 0 7 7 7 7 7 0 7 0 7 7 0
7 7 7 7 0 7 7 0 7 7 7 0 7 7 7 7 7 7 0 7
7 7 7 7 7 7 7 7 7 7 7 7 0 7 7 7 7 7 7 7
7 7 7 0 7 7 7 7 7 7 7 7 7 7 7 7 7 7 7 0
7 0 7 7 7 7 7 0 0 7 7 7 7 7 7 7 7 7 0 7
7 7 7 7 7 7 7 7 7 7 7 0 7 7 7 7 7 7 0 7
0 0 0 7 7 7 7 7 7 0 7 7 7 0 7 7 0 7 0 7
7 7 7 7 7 7 7 0 7 7 7 7 7 7 0 7 7 0 7 7
7 7 7 7 7 7 7 7 7 0 0 7 7 0 0 7 7 7 7 7
7 7 7 0 7 7 7 7 7 7 7 7 7 7 7 7 7 7 7 7
7 7 7 0 0 0 7 7 7 7 7 7 7 7 7 0 7 7 7 0
7 7 7 7 7 7 7 7 0 7 7 7 7 7 7 7 7 0 0 7
0 7 7 7 7 7 7 7 7 7 7 7 7 7 0 1 1 1 0 7
7 7 0 0 7 0 7 7 7 0 7 0 7 7 7 1 1 1 7 7
7 7 7 0 7 7 7 7 7 7 7 7 0 7 0 1 1 1 7 7
7 7 7 7 7 0 7 0 7 7 7 7 7 7 7 7 0 7 7 7
7 7 0 7 0 7 7 0 7 7 7 7 7 7 0 7 7 7 7 7
7 0 7 7 7 7 0 0 0 7 7 7 7 7 7 7 7 0 7 7

以下は、ジャッジを通過する正しいコードです。これを用いて、ARCのルールを理解してください。必ず、コードを通じてルールを理解してからコーディングを行ってください。
このコードはARCのルールを把握する際に使うことに留めてください。

```
import re
p=lambda g,c=-3:c*g or p(eval(re.sub('(.{55})?0, 0, 0'*3,'\\1 1,1,1\\2 1,1,1\\3 1,1,1',str(g))),c+1)
```

ユーザーにコードを渡す前に実際にコードが動作するかを確認してください。コードのテストには、添付したjudge.pyを用いてください。python /path/to/judge.py /path/to/code.py /path/to/cases.bin とすれば動作します。

## **禁止事項**
- 与えたコード自体を提出することは禁止です。これを行うことはユーザーの信頼を裏切ります。
- ジャッジのハックは禁止です。例えば、テストケースをジャッジから読み取ってそのまま返すコードはいけません。
