ARCのケースに対して、list[list[int]] -> list[list[int]] のシグネチャを持つ関数`p`をPythonで実装してください。つまり、`def p(g):...` か `p=lambda g:...`というコードが期待されます。
コードはshortcodingのcompetitionに用いるため、アルゴリズムを工夫してできる限り短いコードを生成するよう努めてください。

Example 0:

Input:
0 0 0 8 8 0 0 0 0 0 0 0 0
0 0 0 8 8 0 0 0 0 0 0 0 0
0 0 0 8 8 0 0 0 0 0 0 0 0
3 3 3 8 8 3 3 3 3 3 3 3 3
3 3 3 8 8 3 3 3 3 3 3 3 3
3 3 3 8 8 3 3 3 3 3 3 3 3
0 0 0 8 8 0 0 0 0 0 0 0 0
0 0 0 8 8 0 0 0 0 0 0 0 0
0 0 0 8 8 0 0 0 0 0 0 0 0
0 0 0 8 8 0 0 0 0 0 0 0 0
0 0 0 8 8 0 0 0 0 0 0 0 0
0 0 0 8 8 0 0 0 0 0 0 0 0
0 0 0 8 8 0 0 0 0 0 0 0 0
Output:
0 0 0 8 8 0 0 0 0 0 0 0 0
0 0 0 8 8 0 0 0 0 0 0 0 0
0 0 0 8 8 0 0 0 0 0 0 0 0
3 3 3 3 3 3 3 3 3 3 3 3 3
3 3 3 3 3 3 3 3 3 3 3 3 3
3 3 3 3 3 3 3 3 3 3 3 3 3
0 0 0 8 8 0 0 0 0 0 0 0 0
0 0 0 8 8 0 0 0 0 0 0 0 0
0 0 0 8 8 0 0 0 0 0 0 0 0
0 0 0 8 8 0 0 0 0 0 0 0 0
0 0 0 8 8 0 0 0 0 0 0 0 0
0 0 0 8 8 0 0 0 0 0 0 0 0
0 0 0 8 8 0 0 0 0 0 0 0 0

Example 1:

Input:
0 0 6 6 0 0 0 0 0
0 0 6 6 0 0 0 0 0
0 0 6 6 0 0 0 0 0
1 1 1 1 1 1 1 1 1
0 0 6 6 0 0 0 0 0
0 0 6 6 0 0 0 0 0
0 0 6 6 0 0 0 0 0
Output:
0 0 6 6 0 0 0 0 0
0 0 6 6 0 0 0 0 0
0 0 6 6 0 0 0 0 0
1 1 6 6 1 1 1 1 1
0 0 6 6 0 0 0 0 0
0 0 6 6 0 0 0 0 0
0 0 6 6 0 0 0 0 0

Example 2:

Input:
0 0 1 0 0 0 0
0 0 1 0 0 0 0
0 0 1 0 0 0 0
7 7 7 7 7 7 7
0 0 1 0 0 0 0
0 0 1 0 0 0 0
0 0 1 0 0 0 0
0 0 1 0 0 0 0
Output:
0 0 1 0 0 0 0
0 0 1 0 0 0 0
0 0 1 0 0 0 0
7 7 1 7 7 7 7
0 0 1 0 0 0 0
0 0 1 0 0 0 0
0 0 1 0 0 0 0
0 0 1 0 0 0 0

Example 3:

Input:
0 3 0 0 0 0
0 3 0 0 0 0
0 3 0 0 0 0
0 3 0 0 0 0
2 3 2 2 2 2
0 3 0 0 0 0
0 3 0 0 0 0
0 3 0 0 0 0
Output:
0 3 0 0 0 0
0 3 0 0 0 0
0 3 0 0 0 0
0 3 0 0 0 0
2 2 2 2 2 2
0 3 0 0 0 0
0 3 0 0 0 0
0 3 0 0 0 0

Example 4:

Input:
0 0 4 4 0 0
0 0 4 4 0 0
5 5 4 4 5 5
5 5 4 4 5 5
0 0 4 4 0 0
0 0 4 4 0 0
0 0 4 4 0 0
0 0 4 4 0 0
0 0 4 4 0 0
0 0 4 4 0 0
0 0 4 4 0 0
Output:
0 0 4 4 0 0
0 0 4 4 0 0
5 5 5 5 5 5
5 5 5 5 5 5
0 0 4 4 0 0
0 0 4 4 0 0
0 0 4 4 0 0
0 0 4 4 0 0
0 0 4 4 0 0
0 0 4 4 0 0
0 0 4 4 0 0

Example 5:

Input:
0 0 0 0 0 0 0 0 0 6 6 0 0
7 7 7 7 7 7 7 7 7 6 6 7 7
0 0 0 0 0 0 0 0 0 6 6 0 0
0 0 0 0 0 0 0 0 0 6 6 0 0
0 0 0 0 0 0 0 0 0 6 6 0 0
0 0 0 0 0 0 0 0 0 6 6 0 0
Output:
0 0 0 0 0 0 0 0 0 6 6 0 0
7 7 7 7 7 7 7 7 7 7 7 7 7
0 0 0 0 0 0 0 0 0 6 6 0 0
0 0 0 0 0 0 0 0 0 6 6 0 0
0 0 0 0 0 0 0 0 0 6 6 0 0
0 0 0 0 0 0 0 0 0 6 6 0 0

Example 6:

Input:
0 0 0 0 8 0
0 0 0 0 8 0
0 0 0 0 8 0
0 0 0 0 8 0
0 0 0 0 8 0
0 0 0 0 8 0
0 0 0 0 8 0
0 0 0 0 8 0
4 4 4 4 8 4
0 0 0 0 8 0
Output:
0 0 0 0 8 0
0 0 0 0 8 0
0 0 0 0 8 0
0 0 0 0 8 0
0 0 0 0 8 0
0 0 0 0 8 0
0 0 0 0 8 0
0 0 0 0 8 0
4 4 4 4 4 4
0 0 0 0 8 0

Example 7:

Input:
0 0 0 3 0 0
0 0 0 3 0 0
0 0 0 3 0 0
0 0 0 3 0 0
0 0 0 3 0 0
0 0 0 3 0 0
0 0 0 3 0 0
7 7 7 3 7 7
0 0 0 3 0 0
0 0 0 3 0 0
0 0 0 3 0 0
0 0 0 3 0 0
Output:
0 0 0 3 0 0
0 0 0 3 0 0
0 0 0 3 0 0
0 0 0 3 0 0
0 0 0 3 0 0
0 0 0 3 0 0
0 0 0 3 0 0
7 7 7 7 7 7
0 0 0 3 0 0
0 0 0 3 0 0
0 0 0 3 0 0
0 0 0 3 0 0

以下は、ジャッジを通過する正しいコードです。これを用いて、ARCのルールを理解してください。必ず、コードを通じてルールを理解してからコーディングを行ってください。
このコードはARCのルールを把握する際に使うことに留めてください。

```
p=lambda g:[[u^v^s[0]or v for(v,u)in zip(s,g[0])]for s in g]
```

ユーザーにコードを渡す前に実際にコードが動作するかを確認してください。コードのテストには、添付したjudge.pyを用いてください。python /path/to/judge.py /path/to/code.py /path/to/cases.bin とすれば動作します。

## **禁止事項**
- 与えたコード自体を提出することは禁止です。これを行うことはユーザーの信頼を裏切ります。
- ジャッジのハックは禁止です。例えば、テストケースをジャッジから読み取ってそのまま返すコードはいけません。
