8
i 7
137 267 397 527 657 671 919
n 34
6 24 51 73 82 98 154 181 203 212 228 284 311 333 342 358 414 441 463 472 488 544 571 593 602 618 754 787 805 816 878 894 913 936
e 35
20 26 36 84 100 116 150 156 166 214 230 246 280 286 296 344 360 376 410 416 426 474 490 506 540 546 556 604 620 636 693 758 792 820 882
f 35
22 29 58 87 103 127 152 159 188 217 233 257 282 289 318 347 363 387 412 419 448 477 493 517 542 549 578 607 623 647 720 763 799 825 887
r 13
11 16 142 146 272 276 402 406 532 536 662 778 869
s 4
773 813 864 890
p 16
125 135 255 265 385 395 515 525 645 655 761 771 797 823 862 885
a 16
114 133 244 263 374 393 504 523 634 653 756 769 790 818 860 880
0 1 1 1 1 1 1 1
1 0 1 1 1 1 1 1
1 1 0 1 1 1 1 1
1 1 1 0 1 1 1 1
1 1 1 1 0 1 1 1
1 1 1 1 1 0 1 1
1 1 1 1 1 1 0 1
1 1 1 1 1 1 1 0
