12
A 2
12 71
_ 1
270
b 2
14 261
c 4
66 140 207 357
g 9
6 29 44 100 122 131 167 189 198
i 7
79 85 133 152 200 291 309
j 7
107 136 146 174 203 293 333
key 1
36
s 5
210 264 281 312 336
u 5
57 252 257 307 367
x 6
143 234 241 304 342 349
y 6
76 220 227 302 318 325
0 0 1 1 1 1 1 0 1 1 1 1
0 0 1 0 0 0 0 0 1 0 0 0
1 1 0 1 1 1 1 0 1 1 1 1
1 0 1 0 1 1 1 0 1 1 1 1
1 0 1 1 0 1 1 0 1 1 1 1
1 0 1 1 1 0 1 0 1 1 1 1
1 0 1 1 1 1 0 0 1 1 1 1
0 0 0 0 0 0 0 0 0 0 0 0
1 1 1 1 1 1 1 0 0 1 1 1
1 0 1 1 1 1 1 0 1 0 1 1
1 0 1 1 1 1 1 0 1 1 0 1
1 0 1 1 1 1 1 0 1 1 1 0
