ARCのケースに対して、list[list[int]] -> list[list[int]] のシグネチャを持つ関数`p`をPythonで実装してください。つまり、`def p(g):...` か `p=lambda g:...`というコードが期待されます。
コードはshortcodingのcompetitionに用いるため、アルゴリズムを工夫してできる限り短いコードを生成するよう努めてください。

Example 0:

Input:
3 6 5 6 3 2 3 6 5 6 3 2 3 6 5 6 3 2 3 6 5
6 3 2 3 6 5 6 3 2 3 6 5 6 3 2 3 6 5 6 3 2
5 2 1 2 5 4 5 2 1 2 5 4 5 2 1 2 5 4 5 2 1
6 3 2 3 6 5 6 3 2 3 6 5 6 3 2 3 6 5 6 3 2
3 6 5 6 3 2 3 6 5 6 3 2 3 6 5 0 0 0 0 0 5
2 5 4 5 2 1 2 5 0 0 2 1 2 5 4 0 0 0 0 0 4
3 6 5 6 3 2 3 0 0 0 0 2 3 6 5 0 0 0 0 0 5
6 3 2 3 6 5 6 0 0 0 0 5 6 3 2 3 6 5 6 3 2
5 2 1 2 5 4 5 0 0 0 0 4 5 2 1 2 5 4 5 2 1
6 3 2 3 6 5 6 3 0 0 6 5 6 3 2 3 6 5 6 3 2
3 6 5 6 3 2 3 6 5 6 3 2 3 6 5 6 3 2 3 6 5
2 5 4 0 0 1 2 5 4 5 2 1 2 5 4 5 2 1 2 5 4
3 6 5 0 0 2 3 6 5 6 3 2 3 6 5 6 3 2 3 6 5
6 3 2 0 0 5 6 3 2 3 6 5 6 3 2 3 6 5 6 3 2
5 2 1 2 5 4 5 2 1 2 5 4 5 2 1 2 5 4 5 2 1
6 3 2 3 6 5 6 3 2 3 6 5 6 3 2 3 6 5 6 3 2
3 6 5 6 0 0 0 6 5 6 3 2 3 6 5 6 3 2 3 6 5
2 5 4 5 0 0 0 5 4 5 2 1 2 5 4 5 2 1 2 5 4
3 6 5 6 0 0 0 6 5 6 3 2 3 6 5 6 3 2 3 6 5
6 3 2 3 6 5 6 3 2 3 6 5 6 3 2 3 6 5 6 3 2
5 2 1 2 5 4 5 2 1 2 5 4 5 2 1 2 5 4 5 2 1
Output:
3 6 5 6 3 2 3 6 5 6 3 2 3 6 5 6 3 2 3 6 5
6 3 2 3 6 5 6 3 2 3 6 5 6 3 2 3 6 5 6 3 2
5 2 1 2 5 4 5 2 1 2 5 4 5 2 1 2 5 4 5 2 1
6 3 2 3 6 5 6 3 2 3 6 5 6 3 2 3 6 5 6 3 2
3 6 5 6 3 2 3 6 5 6 3 2 3 6 5 6 3 2 3 6 5
2 5 4 5 2 1 2 5 4 5 2 1 2 5 4 5 2 1 2 5 4
3 6 5 6 3 2 3 6 5 6 3 2 3 6 5 6 3 2 3 6 5
6 3 2 3 6 5 6 3 2 3 6 5 6 3 2 3 6 5 6 3 2
5 2 1 2 5 4 5 2 1 2 5 4 5 2 1 2 5 4 5 2 1
6 3 2 3 6 5 6 3 2 3 6 5 6 3 2 3 6 5 6 3 2
3 6 5 6 3 2 3 6 5 6 3 2 3 6 5 6 3 2 3 6 5
2 5 4 5 2 1 2 5 4 5 2 1 2 5 4 5 2 1 2 5 4
3 6 5 6 3 2 3 6 5 6 3 2 3 6 5 6 3 2 3 6 5
6 3 2 3 6 5 6 3 2 3 6 5 6 3 2 3 6 5 6 3 2
5 2 1 2 5 4 5 2 1 2 5 4 5 2 1 2 5 4 5 2 1
6 3 2 3 6 5 6 3 2 3 6 5 6 3 2 3 6 5 6 3 2
3 6 5 6 3 2 3 6 5 6 3 2 3 6 5 6 3 2 3 6 5
2 5 4 5 2 1 2 5 4 5 2 1 2 5 4 5 2 1 2 5 4
3 6 5 6 3 2 3 6 5 6 3 2 3 6 5 6 3 2 3 6 5
6 3 2 3 6 5 6 3 2 3 6 5 6 3 2 3 6 5 6 3 2
5 2 1 2 5 4 5 2 1 2 5 4 5 2 1 2 5 4 5 2 1

Example 1:

Input:
2 7 7 2 6 5 6 2 7 7 2 6 5 6 2 7 7 2 6 5 6
7 5 5 7 4 3 4 7 5 5 7 4 3 4 7 5 5 7 4 3 4
7 5 5 7 4 3 4 7 5 5 7 4 3 4 7 5 5 7 4 3 4
2 7 7 2 0 0 0 0 0 7 2 6 5 6 2 7 0 0 6 5 6
6 4 4 6 0 0 0 0 0 4 6 3 2 3 6 4 0 0 3 2 3
5 3 3 5 0 0 0 0 0 3 5 2 1 2 5 3 0 0 2 1 2
6 4 4 6 0 0 0 0 0 4 6 3 2 3 6 4 0 0 0 0 3
2 7 7 2 6 5 6 2 7 7 2 6 5 6 2 7 7 0 0 0 6
0 0 0 0 0 3 4 7 5 5 7 4 3 4 7 5 5 0 0 0 4
0 0 0 0 0 3 4 7 5 5 7 4 3 4 7 5 5 0 0 0 4
0 0 0 0 0 5 6 2 7 7 2 6 5 6 2 7 7 2 6 5 6
6 4 4 6 3 2 3 6 4 4 6 3 2 3 6 4 4 6 3 2 3
5 3 3 5 2 1 2 5 3 3 5 2 1 2 5 3 3 5 2 1 2
6 4 4 6 3 2 3 6 4 4 6 3 2 3 6 4 0 0 3 2 3
2 7 7 2 6 5 6 2 7 7 2 6 5 6 2 7 0 0 6 5 6
7 5 5 7 4 3 4 7 5 5 7 4 3 4 7 5 0 0 4 3 4
7 5 5 7 4 3 4 7 5 5 7 4 3 4 7 5 5 7 4 3 4
2 7 7 2 6 5 6 2 7 7 2 6 5 6 2 7 7 2 6 5 6
6 4 4 6 3 2 3 6 4 4 6 3 2 3 6 4 4 6 3 2 3
5 3 3 5 2 1 2 5 3 3 5 2 1 2 5 3 3 5 2 1 2
6 4 4 6 3 2 3 6 4 4 6 3 2 3 6 4 4 6 3 2 3
Output:
2 7 7 2 6 5 6 2 7 7 2 6 5 6 2 7 7 2 6 5 6
7 5 5 7 4 3 4 7 5 5 7 4 3 4 7 5 5 7 4 3 4
7 5 5 7 4 3 4 7 5 5 7 4 3 4 7 5 5 7 4 3 4
2 7 7 2 6 5 6 2 7 7 2 6 5 6 2 7 7 2 6 5 6
6 4 4 6 3 2 3 6 4 4 6 3 2 3 6 4 4 6 3 2 3
5 3 3 5 2 1 2 5 3 3 5 2 1 2 5 3 3 5 2 1 2
6 4 4 6 3 2 3 6 4 4 6 3 2 3 6 4 4 6 3 2 3
2 7 7 2 6 5 6 2 7 7 2 6 5 6 2 7 7 2 6 5 6
7 5 5 7 4 3 4 7 5 5 7 4 3 4 7 5 5 7 4 3 4
7 5 5 7 4 3 4 7 5 5 7 4 3 4 7 5 5 7 4 3 4
2 7 7 2 6 5 6 2 7 7 2 6 5 6 2 7 7 2 6 5 6
6 4 4 6 3 2 3 6 4 4 6 3 2 3 6 4 4 6 3 2 3
5 3 3 5 2 1 2 5 3 3 5 2 1 2 5 3 3 5 2 1 2
6 4 4 6 3 2 3 6 4 4 6 3 2 3 6 4 4 6 3 2 3
2 7 7 2 6 5 6 2 7 7 2 6 5 6 2 7 7 2 6 5 6
7 5 5 7 4 3 4 7 5 5 7 4 3 4 7 5 5 7 4 3 4
7 5 5 7 4 3 4 7 5 5 7 4 3 4 7 5 5 7 4 3 4
2 7 7 2 6 5 6 2 7 7 2 6 5 6 2 7 7 2 6 5 6
6 4 4 6 3 2 3 6 4 4 6 3 2 3 6 4 4 6 3 2 3
5 3 3 5 2 1 2 5 3 3 5 2 1 2 5 3 3 5 2 1 2
6 4 4 6 3 2 3 6 4 4 6 3 2 3 6 4 4 6 3 2 3

Example 2:

Input:
3 2 3 6 3 2 3 6 3 2 3 6 3 2 3 6 3 2 3 6 3
2 1 2 5 2 1 2 5 2 1 2 5 2 1 2 5 2 1 2 5 2
0 0 0 0 0 2 3 6 3 2 3 6 3 2 3 6 3 2 3 6 3
0 0 0 0 0 5 6 1 6 5 6 1 6 5 6 1 6 5 6 1 6
3 2 3 6 3 2 3 6 3 2 3 6 3 2 0 0 0 2 3 6 3
2 1 2 5 0 0 0 0 2 0 0 0 2 1 0 0 0 1 2 5 2
3 2 3 6 0 0 0 0 3 0 0 0 3 2 3 6 3 2 3 6 3
6 5 6 1 0 0 0 0 6 0 0 0 6 5 6 1 6 5 6 1 6
3 2 3 6 0 0 0 0 3 0 0 0 3 2 3 6 3 2 3 6 3
2 1 2 5 0 0 0 0 2 1 2 5 2 1 2 5 2 1 2 5 2
3 2 3 6 3 2 3 6 3 2 3 6 3 2 3 6 3 2 3 6 3
6 5 6 1 6 5 6 1 6 5 6 1 6 5 6 1 6 5 6 1 6
3 2 3 6 3 2 3 6 3 2 3 6 3 2 3 6 3 2 3 6 3
2 1 2 5 2 1 2 5 2 1 2 5 2 1 2 5 2 1 2 5 2
3 0 0 0 0 0 3 6 3 2 3 6 3 2 3 6 3 2 3 6 3
6 0 0 0 0 0 6 1 6 5 6 1 6 5 6 1 6 5 6 1 6
3 0 0 0 0 0 3 6 3 2 3 6 3 2 3 6 3 2 3 6 3
2 0 0 0 0 0 2 5 2 1 2 5 2 1 2 5 2 1 2 5 2
3 0 0 0 0 0 3 6 3 2 3 6 3 2 3 6 3 2 3 6 3
6 5 6 1 6 5 6 1 6 5 6 1 6 5 6 1 6 5 6 1 6
3 2 3 6 3 2 3 6 3 2 3 6 3 2 3 6 3 2 3 6 3
Output:
3 2 3 6 3 2 3 6 3 2 3 6 3 2 3 6 3 2 3 6 3
2 1 2 5 2 1 2 5 2 1 2 5 2 1 2 5 2 1 2 5 2
3 2 3 6 3 2 3 6 3 2 3 6 3 2 3 6 3 2 3 6 3
6 5 6 1 6 5 6 1 6 5 6 1 6 5 6 1 6 5 6 1 6
3 2 3 6 3 2 3 6 3 2 3 6 3 2 3 6 3 2 3 6 3
2 1 2 5 2 1 2 5 2 1 2 5 2 1 2 5 2 1 2 5 2
3 2 3 6 3 2 3 6 3 2 3 6 3 2 3 6 3 2 3 6 3
6 5 6 1 6 5 6 1 6 5 6 1 6 5 6 1 6 5 6 1 6
3 2 3 6 3 2 3 6 3 2 3 6 3 2 3 6 3 2 3 6 3
2 1 2 5 2 1 2 5 2 1 2 5 2 1 2 5 2 1 2 5 2
3 2 3 6 3 2 3 6 3 2 3 6 3 2 3 6 3 2 3 6 3
6 5 6 1 6 5 6 1 6 5 6 1 6 5 6 1 6 5 6 1 6
3 2 3 6 3 2 3 6 3 2 3 6 3 2 3 6 3 2 3 6 3
2 1 2 5 2 1 2 5 2 1 2 5 2 1 2 5 2 1 2 5 2
3 2 3 6 3 2 3 6 3 2 3 6 3 2 3 6 3 2 3 6 3
6 5 6 1 6 5 6 1 6 5 6 1 6 5 6 1 6 5 6 1 6
3 2 3 6 3 2 3 6 3 2 3 6 3 2 3 6 3 2 3 6 3
2 1 2 5 2 1 2 5 2 1 2 5 2 1 2 5 2 1 2 5 2
3 2 3 6 3 2 3 6 3 2 3 6 3 2 3 6 3 2 3 6 3
6 5 6 1 6 5 6 1 6 5 6 1 6 5 6 1 6 5 6 1 6
3 2 3 6 3 2 3 6 3 2 3 6 3 2 3 6 3 2 3 6 3

Example 3:

Input:
9 6 5 6 9 5 3 3 5 9 6 5 6 9 5 3 3 5 9 6 5
6 3 2 3 6 2 9 9 2 0 0 0 0 0 2 9 9 2 6 3 2
5 2 1 2 5 1 8 8 1 0 0 0 0 0 1 8 8 1 5 2 1
6 3 2 3 6 2 9 9 2 0 0 0 0 0 2 9 9 2 6 3 2
9 6 5 6 9 5 3 3 5 9 6 5 6 9 5 3 3 5 9 6 5
5 2 1 2 5 1 8 8 1 5 2 1 2 5 1 8 8 1 5 2 1
3 9 8 9 3 8 6 6 8 3 9 8 9 3 8 6 6 8 3 9 8
3 9 8 9 3 8 6 6 8 3 9 8 9 3 8 6 6 8 3 9 8
5 2 1 2 0 0 0 0 1 5 2 1 2 5 1 8 8 1 5 2 1
9 6 5 6 0 0 0 0 5 9 6 5 6 9 5 3 3 5 9 6 5
6 3 2 3 0 0 0 0 2 6 3 2 3 6 2 9 9 2 6 3 2
5 2 1 2 5 1 8 8 1 5 2 1 2 5 1 8 8 1 5 2 1
6 3 2 3 6 2 9 9 2 6 3 2 3 6 0 0 9 2 6 3 2
9 6 5 6 9 5 3 3 5 9 6 5 6 9 0 0 3 5 9 6 5
5 2 1 2 5 1 8 8 1 5 2 1 2 5 0 0 8 1 5 2 1
0 0 8 9 0 0 0 6 8 3 9 8 9 3 0 0 6 8 3 9 8
0 0 8 9 0 0 0 6 8 3 9 8 9 3 8 6 6 8 3 9 8
5 2 1 2 0 0 0 8 1 5 2 1 2 5 1 8 8 1 5 2 1
9 6 5 6 0 0 0 3 5 9 6 5 6 9 5 3 3 5 9 6 5
6 3 2 3 0 0 0 9 2 6 3 2 3 6 2 9 9 2 6 3 2
5 2 1 2 5 1 8 8 1 5 2 1 2 5 1 8 8 1 5 2 1
Output:
9 6 5 6 9 5 3 3 5 9 6 5 6 9 5 3 3 5 9 6 5
6 3 2 3 6 2 9 9 2 6 3 2 3 6 2 9 9 2 6 3 2
5 2 1 2 5 1 8 8 1 5 2 1 2 5 1 8 8 1 5 2 1
6 3 2 3 6 2 9 9 2 6 3 2 3 6 2 9 9 2 6 3 2
9 6 5 6 9 5 3 3 5 9 6 5 6 9 5 3 3 5 9 6 5
5 2 1 2 5 1 8 8 1 5 2 1 2 5 1 8 8 1 5 2 1
3 9 8 9 3 8 6 6 8 3 9 8 9 3 8 6 6 8 3 9 8
3 9 8 9 3 8 6 6 8 3 9 8 9 3 8 6 6 8 3 9 8
5 2 1 2 5 1 8 8 1 5 2 1 2 5 1 8 8 1 5 2 1
9 6 5 6 9 5 3 3 5 9 6 5 6 9 5 3 3 5 9 6 5
6 3 2 3 6 2 9 9 2 6 3 2 3 6 2 9 9 2 6 3 2
5 2 1 2 5 1 8 8 1 5 2 1 2 5 1 8 8 1 5 2 1
6 3 2 3 6 2 9 9 2 6 3 2 3 6 2 9 9 2 6 3 2
9 6 5 6 9 5 3 3 5 9 6 5 6 9 5 3 3 5 9 6 5
5 2 1 2 5 1 8 8 1 5 2 1 2 5 1 8 8 1 5 2 1
3 9 8 9 3 8 6 6 8 3 9 8 9 3 8 6 6 8 3 9 8
3 9 8 9 3 8 6 6 8 3 9 8 9 3 8 6 6 8 3 9 8
5 2 1 2 5 1 8 8 1 5 2 1 2 5 1 8 8 1 5 2 1
9 6 5 6 9 5 3 3 5 9 6 5 6 9 5 3 3 5 9 6 5
6 3 2 3 6 2 9 9 2 6 3 2 3 6 2 9 9 2 6 3 2
5 2 1 2 5 1 8 8 1 5 2 1 2 5 1 8 8 1 5 2 1

Example 4:

Input:
1 6 5 6 1 6 5 6 1 6 5 6 1 6 5 6 1 6 5 6 1
6 3 2 3 6 3 2 3 6 3 2 3 6 3 2 3 6 3 2 3 6
5 2 1 2 5 2 1 2 5 2 1 2 5 2 1 2 5 2 1 2 5
6 0 0 0 6 3 2 3 6 3 2 3 6 3 2 3 0 0 0 0 0
1 0 0 0 1 6 5 6 1 6 5 6 1 6 5 6 0 0 0 0 0
6 3 2 3 6 3 2 3 6 3 2 3 6 3 2 3 6 3 2 3 6
5 2 1 2 5 2 1 2 5 2 1 2 5 2 1 2 5 2 1 0 0
6 3 2 3 6 3 2 3 6 3 2 3 6 3 2 3 6 3 2 0 0
1 6 5 6 1 6 5 6 1 6 5 6 1 6 5 6 1 6 5 0 0
6 3 2 3 6 3 2 3 6 3 2 3 6 3 2 3 6 3 2 0 0
5 2 1 2 5 2 1 2 5 2 1 2 5 2 1 2 5 2 1 0 0
6 3 2 3 6 3 2 3 6 3 2 3 6 3 2 3 6 3 2 3 6
0 0 0 0 1 6 5 6 1 6 5 6 1 6 5 6 1 6 5 6 1
0 0 0 0 0 3 2 3 6 3 2 3 6 3 2 3 6 3 2 3 6
0 0 0 0 0 2 1 2 5 2 1 2 5 2 1 2 5 2 1 2 5
0 0 0 0 6 3 2 3 6 3 2 3 6 3 2 3 6 3 2 3 6
0 0 0 0 1 6 5 6 1 6 5 6 1 6 5 6 1 6 5 6 1
6 3 2 3 6 3 2 3 6 3 2 3 6 3 2 3 6 3 2 3 6
5 2 1 2 5 2 1 2 5 2 1 2 5 2 1 2 5 2 1 2 5
6 3 2 3 6 3 2 3 6 3 2 3 6 3 2 3 6 3 2 3 6
1 6 5 6 1 6 5 6 1 6 5 6 1 6 5 6 1 6 5 6 1
Output:
1 6 5 6 1 6 5 6 1 6 5 6 1 6 5 6 1 6 5 6 1
6 3 2 3 6 3 2 3 6 3 2 3 6 3 2 3 6 3 2 3 6
5 2 1 2 5 2 1 2 5 2 1 2 5 2 1 2 5 2 1 2 5
6 3 2 3 6 3 2 3 6 3 2 3 6 3 2 3 6 3 2 3 6
1 6 5 6 1 6 5 6 1 6 5 6 1 6 5 6 1 6 5 6 1
6 3 2 3 6 3 2 3 6 3 2 3 6 3 2 3 6 3 2 3 6
5 2 1 2 5 2 1 2 5 2 1 2 5 2 1 2 5 2 1 2 5
6 3 2 3 6 3 2 3 6 3 2 3 6 3 2 3 6 3 2 3 6
1 6 5 6 1 6 5 6 1 6 5 6 1 6 5 6 1 6 5 6 1
6 3 2 3 6 3 2 3 6 3 2 3 6 3 2 3 6 3 2 3 6
5 2 1 2 5 2 1 2 5 2 1 2 5 2 1 2 5 2 1 2 5
6 3 2 3 6 3 2 3 6 3 2 3 6 3 2 3 6 3 2 3 6
1 6 5 6 1 6 5 6 1 6 5 6 1 6 5 6 1 6 5 6 1
6 3 2 3 6 3 2 3 6 3 2 3 6 3 2 3 6 3 2 3 6
5 2 1 2 5 2 1 2 5 2 1 2 5 2 1 2 5 2 1 2 5
6 3 2 3 6 3 2 3 6 3 2 3 6 3 2 3 6 3 2 3 6
1 6 5 6 1 6 5 6 1 6 5 6 1 6 5 6 1 6 5 6 1
6 3 2 3 6 3 2 3 6 3 2 3 6 3 2 3 6 3 2 3 6
5 2 1 2 5 2 1 2 5 2 1 2 5 2 1 2 5 2 1 2 5
6 3 2 3 6 3 2 3 6 3 2 3 6 3 2 3 6 3 2 3 6
1 6 5 6 1 6 5 6 1 6 5 6 1 6 5 6 1 6 5 6 1

Example 5:

Input:
3 2 3 2 3 2 3 2 0 0 0 0 0 2 3 2 3 2 3 2 3
2 1 2 1 2 1 2 1 0 0 0 0 0 1 2 1 2 1 2 1 2
3 2 3 2 3 2 3 2 3 2 3 2 3 2 3 2 3 2 3 2 3
2 1 2 1 2 1 2 1 2 1 2 1 2 1 2 1 2 1 2 1 2
3 2 3 2 3 2 3 2 3 2 3 2 3 2 3 2 3 2 3 2 3
2 1 2 1 2 1 2 1 2 1 2 1 2 1 2 1 2 1 2 1 2
3 2 3 2 3 2 3 2 3 2 3 2 0 0 0 2 3 2 3 2 3
2 1 2 1 2 1 2 1 2 1 2 1 0 0 0 1 2 1 2 1 2
3 2 3 2 3 2 3 2 3 2 3 2 3 2 3 2 3 2 3 2 3
2 1 2 1 2 1 2 1 2 1 2 1 2 1 2 1 2 1 2 1 2
3 2 3 2 3 2 3 2 3 2 3 0 0 0 0 0 3 2 3 2 3
2 1 2 1 2 1 2 1 2 1 2 0 0 0 0 0 2 1 2 1 2
3 2 3 2 3 2 3 2 3 2 3 0 0 0 0 0 3 2 3 2 3
2 1 2 1 2 1 2 1 2 1 2 0 0 0 0 0 2 1 2 1 2
3 2 3 2 3 2 3 2 3 2 3 2 0 0 0 2 3 2 3 2 3
2 1 2 1 2 1 2 1 2 1 2 0 0 0 0 0 2 1 2 1 2
3 2 3 2 3 2 3 2 3 2 3 0 0 0 0 0 3 2 3 2 3
2 1 2 1 2 1 2 1 2 1 2 1 2 1 2 1 2 1 2 1 2
3 2 3 2 3 2 3 2 3 2 3 2 3 2 3 2 3 2 3 2 3
2 1 2 1 2 1 2 1 2 1 2 1 2 1 2 1 2 1 2 1 2
3 2 3 2 3 2 3 2 3 2 3 2 3 2 3 2 3 2 3 2 3
Output:
3 2 3 2 3 2 3 2 3 2 3 2 3 2 3 2 3 2 3 2 3
2 1 2 1 2 1 2 1 2 1 2 1 2 1 2 1 2 1 2 1 2
3 2 3 2 3 2 3 2 3 2 3 2 3 2 3 2 3 2 3 2 3
2 1 2 1 2 1 2 1 2 1 2 1 2 1 2 1 2 1 2 1 2
3 2 3 2 3 2 3 2 3 2 3 2 3 2 3 2 3 2 3 2 3
2 1 2 1 2 1 2 1 2 1 2 1 2 1 2 1 2 1 2 1 2
3 2 3 2 3 2 3 2 3 2 3 2 3 2 3 2 3 2 3 2 3
2 1 2 1 2 1 2 1 2 1 2 1 2 1 2 1 2 1 2 1 2
3 2 3 2 3 2 3 2 3 2 3 2 3 2 3 2 3 2 3 2 3
2 1 2 1 2 1 2 1 2 1 2 1 2 1 2 1 2 1 2 1 2
3 2 3 2 3 2 3 2 3 2 3 2 3 2 3 2 3 2 3 2 3
2 1 2 1 2 1 2 1 2 1 2 1 2 1 2 1 2 1 2 1 2
3 2 3 2 3 2 3 2 3 2 3 2 3 2 3 2 3 2 3 2 3
2 1 2 1 2 1 2 1 2 1 2 1 2 1 2 1 2 1 2 1 2
3 2 3 2 3 2 3 2 3 2 3 2 3 2 3 2 3 2 3 2 3
2 1 2 1 2 1 2 1 2 1 2 1 2 1 2 1 2 1 2 1 2
3 2 3 2 3 2 3 2 3 2 3 2 3 2 3 2 3 2 3 2 3
2 1 2 1 2 1 2 1 2 1 2 1 2 1 2 1 2 1 2 1 2
3 2 3 2 3 2 3 2 3 2 3 2 3 2 3 2 3 2 3 2 3
2 1 2 1 2 1 2 1 2 1 2 1 2 1 2 1 2 1 2 1 2
3 2 3 2 3 2 3 2 3 2 3 2 3 2 3 2 3 2 3 2 3

Example 6:

Input:
3 2 3 2 3 2 3 2 3 2 3 2 3 2 3 2 3 2 3 2 3
2 1 2 1 2 1 2 1 2 1 2 1 2 1 2 1 2 1 2 1 2
3 2 3 2 3 2 3 0 0 0 3 2 3 2 3 2 3 2 3 2 3
2 1 2 1 2 1 2 0 0 0 2 1 2 1 2 1 2 1 2 1 2
3 2 3 2 3 2 3 0 0 0 3 2 3 2 3 2 3 2 3 2 3
2 1 2 1 2 1 2 0 0 0 2 1 2 1 2 1 2 1 2 1 2
3 2 3 2 3 2 3 2 3 2 3 2 3 2 3 2 3 2 3 2 3
2 1 2 1 2 1 2 1 2 1 2 1 2 1 2 1 2 1 2 1 2
3 2 3 2 3 0 0 0 0 0 3 2 3 2 3 2 3 2 3 2 3
2 1 2 1 2 0 0 0 0 0 2 1 2 1 2 1 0 0 0 0 0
3 2 3 2 3 0 0 0 0 0 3 2 3 0 0 0 0 0 0 0 0
2 1 2 1 2 0 0 0 0 0 2 1 2 0 0 0 0 0 0 0 0
3 2 3 2 3 2 3 2 3 2 3 2 3 0 0 0 0 2 3 2 3
2 1 2 1 2 1 2 1 2 1 2 1 2 0 0 0 0 1 2 1 2
3 2 3 2 3 2 3 2 3 2 3 2 3 2 3 2 3 2 3 2 3
2 1 2 1 2 1 2 1 2 1 2 1 2 1 2 1 2 1 2 1 2
3 2 3 2 3 2 3 2 3 2 3 2 3 2 3 2 3 2 3 2 3
2 1 2 1 2 1 2 1 2 1 2 1 2 1 2 1 2 1 2 1 2
3 2 3 2 3 2 3 2 3 2 3 2 3 2 3 2 3 2 3 2 3
2 1 2 1 2 1 2 1 2 1 2 1 2 1 2 1 2 1 2 1 2
3 2 3 2 3 2 3 2 3 2 3 2 3 2 3 2 3 2 3 2 3
Output:
3 2 3 2 3 2 3 2 3 2 3 2 3 2 3 2 3 2 3 2 3
2 1 2 1 2 1 2 1 2 1 2 1 2 1 2 1 2 1 2 1 2
3 2 3 2 3 2 3 2 3 2 3 2 3 2 3 2 3 2 3 2 3
2 1 2 1 2 1 2 1 2 1 2 1 2 1 2 1 2 1 2 1 2
3 2 3 2 3 2 3 2 3 2 3 2 3 2 3 2 3 2 3 2 3
2 1 2 1 2 1 2 1 2 1 2 1 2 1 2 1 2 1 2 1 2
3 2 3 2 3 2 3 2 3 2 3 2 3 2 3 2 3 2 3 2 3
2 1 2 1 2 1 2 1 2 1 2 1 2 1 2 1 2 1 2 1 2
3 2 3 2 3 2 3 2 3 2 3 2 3 2 3 2 3 2 3 2 3
2 1 2 1 2 1 2 1 2 1 2 1 2 1 2 1 2 1 2 1 2
3 2 3 2 3 2 3 2 3 2 3 2 3 2 3 2 3 2 3 2 3
2 1 2 1 2 1 2 1 2 1 2 1 2 1 2 1 2 1 2 1 2
3 2 3 2 3 2 3 2 3 2 3 2 3 2 3 2 3 2 3 2 3
2 1 2 1 2 1 2 1 2 1 2 1 2 1 2 1 2 1 2 1 2
3 2 3 2 3 2 3 2 3 2 3 2 3 2 3 2 3 2 3 2 3
2 1 2 1 2 1 2 1 2 1 2 1 2 1 2 1 2 1 2 1 2
3 2 3 2 3 2 3 2 3 2 3 2 3 2 3 2 3 2 3 2 3
2 1 2 1 2 1 2 1 2 1 2 1 2 1 2 1 2 1 2 1 2
3 2 3 2 3 2 3 2 3 2 3 2 3 2 3 2 3 2 3 2 3
2 1 2 1 2 1 2 1 2 1 2 1 2 1 2 1 2 1 2 1 2
3 2 3 2 3 2 3 2 3 2 3 2 3 2 3 2 3 2 3 2 3

Example 7:

Input:
3 2 3 6 3 2 3 0 0 0 0 0 0 2 3 6 3 2 3 6 3
2 1 2 5 2 1 2 0 0 0 0 0 0 1 2 5 2 1 2 5 2
3 2 3 6 3 2 3 0 0 0 0 0 0 2 3 6 3 2 3 6 3
6 5 6 3 6 5 6 0 0 0 0 0 0 5 6 3 6 5 6 3 6
3 2 3 6 3 2 3 6 3 2 3 6 3 2 3 6 3 2 3 6 3
2 1 2 5 2 1 2 5 2 1 2 5 2 1 2 5 2 1 2 5 2
3 2 3 6 0 0 0 0 3 2 3 6 3 2 3 6 3 2 3 6 3
6 5 6 3 0 0 0 0 6 5 6 3 6 5 6 3 6 5 6 3 6
3 2 3 6 0 0 0 0 3 2 3 6 3 2 3 6 3 2 3 6 3
2 1 2 5 2 1 2 5 2 1 2 5 2 0 0 0 2 1 2 5 2
3 2 3 6 3 2 3 6 3 2 3 6 3 0 0 0 3 2 3 6 3
6 5 6 3 6 5 6 3 6 5 6 3 6 5 6 3 6 5 6 3 6
3 2 3 6 3 2 3 6 3 2 3 6 3 2 3 6 3 2 3 6 3
2 1 2 5 2 1 2 5 2 1 2 5 2 1 2 5 2 1 2 5 2
3 2 3 6 3 2 3 6 3 2 3 6 3 2 3 6 3 2 3 6 3
6 5 6 3 6 5 6 3 6 5 6 3 6 5 6 3 0 0 6 3 6
3 2 3 6 3 2 3 6 3 2 3 6 3 2 3 6 0 0 3 6 3
2 1 2 5 2 1 2 5 2 1 2 5 2 1 2 5 2 1 2 5 2
3 2 3 6 3 2 3 6 3 2 3 6 3 2 3 6 3 2 3 6 3
6 5 6 3 6 5 6 3 6 5 6 3 6 5 6 3 6 5 6 3 6
3 2 3 6 3 2 3 6 3 2 3 6 3 2 3 6 3 2 3 6 3
Output:
3 2 3 6 3 2 3 6 3 2 3 6 3 2 3 6 3 2 3 6 3
2 1 2 5 2 1 2 5 2 1 2 5 2 1 2 5 2 1 2 5 2
3 2 3 6 3 2 3 6 3 2 3 6 3 2 3 6 3 2 3 6 3
6 5 6 3 6 5 6 3 6 5 6 3 6 5 6 3 6 5 6 3 6
3 2 3 6 3 2 3 6 3 2 3 6 3 2 3 6 3 2 3 6 3
2 1 2 5 2 1 2 5 2 1 2 5 2 1 2 5 2 1 2 5 2
3 2 3 6 3 2 3 6 3 2 3 6 3 2 3 6 3 2 3 6 3
6 5 6 3 6 5 6 3 6 5 6 3 6 5 6 3 6 5 6 3 6
3 2 3 6 3 2 3 6 3 2 3 6 3 2 3 6 3 2 3 6 3
2 1 2 5 2 1 2 5 2 1 2 5 2 1 2 5 2 1 2 5 2
3 2 3 6 3 2 3 6 3 2 3 6 3 2 3 6 3 2 3 6 3
6 5 6 3 6 5 6 3 6 5 6 3 6 5 6 3 6 5 6 3 6
3 2 3 6 3 2 3 6 3 2 3 6 3 2 3 6 3 2 3 6 3
2 1 2 5 2 1 2 5 2 1 2 5 2 1 2 5 2 1 2 5 2
3 2 3 6 3 2 3 6 3 2 3 6 3 2 3 6 3 2 3 6 3
6 5 6 3 6 5 6 3 6 5 6 3 6 5 6 3 6 5 6 3 6
3 2 3 6 3 2 3 6 3 2 3 6 3 2 3 6 3 2 3 6 3
2 1 2 5 2 1 2 5 2 1 2 5 2 1 2 5 2 1 2 5 2
3 2 3 6 3 2 3 6 3 2 3 6 3 2 3 6 3 2 3 6 3
6 5 6 3 6 5 6 3 6 5 6 3 6 5 6 3 6 5 6 3 6
3 2 3 6 3 2 3 6 3 2 3 6 3 2 3 6 3 2 3 6 3

以下は、ジャッジを通過する正しいコードです。これを用いて、ARCのルールを理解してください。必ず、コードを通じてルールを理解してからコーディングを行ってください。
このコードはARCのルールを把握する際に使うことに留めてください。

```
p=lambda g,R=range(21):[[[u[i%d,j%d]for j in R]for i in R]for d in range(4,10)if len(u:=dict(m:=[((i%21%d,i//21%d),v)for(i,v)in enumerate(sum(g,[]))if v]))==len({*m})][0]
```

ユーザーにコードを渡す前に実際にコードが動作するかを確認してください。コードのテストには、添付したstandalone_judge.pyを用いてください。python /path/to/standalone_judge.py /path/to/code.py とすれば動作します。
このPythonファイルは非常に大きなケースを含むので、あなたのコンテキストを圧迫します。そのため、このファイルを全て読んではいけません。

## **禁止事項**
- 与えたコード自体を提出することは禁止です。これを行うことはユーザーの信頼を裏切ります。
- ジャッジのハックは禁止です。例えば、テストケースをジャッジから読み取ってそのまま返すコードはいけません。
