15
m 4
16 106 360 765
f 3
14 303 526
r 2
18 511
s 2
12 66
u 2
124 354
e 28
6 33 48 90 97 111 167 199 232 273 306 363 439 480 513 529 543 549 663 669 685 753 770 772 778 788 806 825
a 13
310 321 367 378 517 533 557 568 617 677 689 710 757
t 13
313 338 370 395 520 536 560 585 649 680 692 739 760
key 1
40
n 8
184 279 315 372 522 538 694 762
p 3
465 562 682
o 3
424 555 675
i 8
152 238 308 365 515 531 687 755
l 7
258 349 406 486 596 660 750
d 7
217 332 389 445 579 628 721
0 1 1 1 1 1 1 1 0 1 1 1 1 1 1
1 0 1 1 1 1 1 1 0 1 1 1 1 1 1
1 1 0 1 1 1 1 1 0 1 1 1 1 1 1
1 1 1 0 1 1 1 1 0 1 1 1 1 1 1
1 1 1 1 0 1 1 1 0 1 1 1 1 1 1
1 1 1 1 1 0 1 1 0 1 1 1 1 1 1
1 1 1 1 1 1 0 1 0 1 1 1 1 1 1
1 1 1 1 1 1 1 0 0 1 1 1 1 1 1
0 0 0 0 0 0 0 0 0 0 0 0 0 0 0
1 1 1 1 1 1 1 1 0 0 1 1 1 1 1
1 1 1 1 1 1 1 1 0 1 0 1 1 1 1
1 1 1 1 1 1 1 1 0 1 1 0 1 1 1
1 1 1 1 1 1 1 1 0 1 1 1 0 1 1
1 1 1 1 1 1 1 1 0 1 1 1 1 0 1
1 1 1 1 1 1 1 1 0 1 1 1 1 1 0
