12
n 9
94 339 365 387 396 435 465 535 578
t 1
18
d 3
21 125 149
r 12
6 51 73 82 97 154 278 304 316 500 526 544
e 16
28 36 84 99 112 136 156 261 319 341 350 398 420 483 537 547
f 12
30 58 87 287 329 344 372 401 450 509 540 557
i 4
14 102 159 175
g 4
23 104 161 171
l 9
183 281 310 325 335 503 532 553 563
a 3
12 123 147
o 5
231 289 331 511 559
p 5
206 263 321 485 549
0 1 1 1 1 1 1 1 1 1 1 1
1 0 1 1 1 1 1 1 1 1 1 1
1 1 0 1 1 1 1 1 1 1 1 1
1 1 1 0 1 1 1 1 1 1 1 1
1 1 1 1 0 1 1 1 1 1 1 1
1 1 1 1 1 0 1 1 1 1 1 1
1 1 1 1 1 1 0 1 1 1 1 1
1 1 1 1 1 1 1 0 1 1 1 1
1 1 1 1 1 1 1 1 0 1 1 1
1 1 1 1 1 1 1 1 1 0 1 1
1 1 1 1 1 1 1 1 1 1 0 1
1 1 1 1 1 1 1 1 1 1 1 0
