ARCのケースに対して、list[list[int]] -> list[list[int]] のシグネチャを持つ関数`p`をPythonで実装してください。つまり、`def p(g):...` か `p=lambda g:...`というコードが期待されます。
コードはshortcodingのcompetitionに用いるため、アルゴリズムを工夫してできる限り短いコードを生成するよう努めてください。

Example 0:

Input:
3 0 0 5 7 0 6 5 8 0 7
0 0 9 5 0 3 0 5 0 6 0
7 2 0 5 0 0 2 5 0 3 0
5 5 5 5 5 5 5 5 5 5 5
7 0 2 5 8 7 0 5 0 2 3
0 0 6 5 0 0 3 5 0 0 7
3 0 0 5 2 0 0 5 0 6 0
5 5 5 5 5 5 5 5 5 5 5
0 3 4 5 0 2 0 5 2 0 7
7 0 0 5 7 0 3 5 0 0 1
0 0 2 5 0 6 0 5 0 3 0
Output:
0 0 0 5 0 0 0 5 0 3 4
0 0 0 5 0 0 0 5 7 0 0
0 0 0 5 0 0 0 5 0 0 2
5 5 5 5 5 5 5 5 5 5 5
0 0 0 5 0 0 0 5 0 0 0
0 0 0 5 0 0 0 5 0 0 0
0 0 0 5 0 0 0 5 0 0 0
5 5 5 5 5 5 5 5 5 5 5
0 0 0 5 0 0 0 5 0 0 0
0 0 0 5 0 0 0 5 0 0 0
0 0 0 5 0 0 0 5 0 0 0

Example 1:

Input:
3 0 0 5 0 2 0 5 0 6 0
0 0 7 5 0 0 0 5 0 0 9
0 6 0 5 0 1 0 5 0 0 0
5 5 5 5 5 5 5 5 5 5 5
0 3 0 5 0 0 0 5 0 0 0
1 0 9 5 0 0 6 5 0 7 3
0 0 0 5 0 0 0 5 0 0 0
5 5 5 5 5 5 5 5 5 5 5
9 0 0 5 0 9 0 5 0 9 0
0 6 0 5 0 0 4 5 0 0 1
0 0 0 5 7 0 0 5 0 0 0
Output:
0 0 0 5 0 0 0 5 0 0 0
0 0 0 5 0 0 0 5 0 0 0
0 0 0 5 0 0 0 5 0 0 0
5 5 5 5 5 5 5 5 5 5 5
0 0 0 5 0 0 0 5 0 9 0
0 0 0 5 0 0 0 5 0 0 4
0 0 0 5 0 0 0 5 7 0 0
5 5 5 5 5 5 5 5 5 5 5
0 0 0 5 0 0 0 5 0 0 0
0 0 0 5 0 0 0 5 0 0 0
0 0 0 5 0 0 0 5 0 0 0

Example 2:

Input:
0 7 0 5 0 6 0 5 7 0 0
8 3 6 5 0 0 0 5 0 8 0
0 0 0 5 0 3 0 5 0 0 0
5 5 5 5 5 5 5 5 5 5 5
0 8 7 5 0 3 0 5 0 0 7
0 0 0 5 8 0 0 5 0 8 6
0 0 6 5 0 0 0 5 3 0 0
5 5 5 5 5 5 5 5 5 5 5
0 6 0 5 0 8 0 5 0 0 0
8 0 0 5 3 0 0 5 4 0 8
0 7 0 5 0 6 0 5 0 6 7
Output:
0 0 0 5 0 0 0 5 0 0 0
0 0 0 5 0 0 0 5 0 0 0
0 0 0 5 0 0 0 5 0 0 0
5 5 5 5 5 5 5 5 5 5 5
0 0 0 5 0 0 0 5 0 0 0
4 0 8 5 0 0 0 5 0 0 0
0 6 7 5 0 0 0 5 0 0 0
5 5 5 5 5 5 5 5 5 5 5
0 0 0 5 0 0 0 5 0 0 0
0 0 0 5 0 0 0 5 0 0 0
0 0 0 5 0 0 0 5 0 0 0

Example 3:

Input:
3 0 0 5 0 1 0 5 0 0 2
0 2 0 5 0 3 0 5 0 6 0
0 0 0 5 0 0 0 5 0 0 0
5 5 5 5 5 5 5 5 5 5 5
0 1 0 5 0 0 0 5 0 3 0
7 0 6 5 2 0 7 5 0 7 0
0 0 0 5 0 0 0 5 0 6 0
5 5 5 5 5 5 5 5 5 5 5
7 0 0 5 0 4 0 5 0 0 3
0 0 0 5 0 7 0 5 2 0 0
0 3 0 5 0 3 0 5 0 0 6
Output:
0 0 0 5 0 4 0 5 0 0 0
0 0 0 5 0 7 0 5 0 0 0
0 0 0 5 0 3 0 5 0 0 0
5 5 5 5 5 5 5 5 5 5 5
0 0 0 5 0 0 0 5 0 0 0
0 0 0 5 0 0 0 5 0 0 0
0 0 0 5 0 0 0 5 0 0 0
5 5 5 5 5 5 5 5 5 5 5
0 0 0 5 0 0 0 5 0 0 0
0 0 0 5 0 0 0 5 0 0 0
0 0 0 5 0 0 0 5 0 0 0

Example 4:

Input:
2 0 3 5 2 0 0 5 0 3 0
7 6 0 5 0 7 0 5 6 7 0
0 0 0 5 6 0 3 5 0 0 2
5 5 5 5 5 5 5 5 5 5 5
7 0 0 5 0 0 0 5 6 0 4
0 6 0 5 0 2 7 5 0 2 0
6 0 2 5 0 3 0 5 0 7 0
5 5 5 5 5 5 5 5 5 5 5
7 0 0 5 0 6 0 5 2 3 0
0 0 6 5 0 2 0 5 0 0 0
2 0 0 5 0 7 0 5 0 6 7
Output:
0 0 0 5 0 0 0 5 6 0 4
0 0 0 5 0 0 0 5 0 2 0
0 0 0 5 0 0 0 5 0 7 0
5 5 5 5 5 5 5 5 5 5 5
0 0 0 5 0 0 0 5 0 0 0
0 0 0 5 0 0 0 5 0 0 0
0 0 0 5 0 0 0 5 0 0 0
5 5 5 5 5 5 5 5 5 5 5
0 0 0 5 0 0 0 5 0 0 0
0 0 0 5 0 0 0 5 0 0 0
0 0 0 5 0 0 0 5 0 0 0

Example 5:

Input:
0 1 0 5 0 0 0 5 0 0 0
0 2 0 5 0 0 0 5 1 0 0
0 3 6 5 1 0 9 5 6 0 0
5 5 5 5 5 5 5 5 5 5 5
9 2 0 5 9 0 0 5 0 0 0
0 0 0 5 8 0 0 5 0 9 7
0 0 0 5 0 0 0 5 0 1 0
5 5 5 5 5 5 5 5 5 5 5
8 2 0 5 0 4 0 5 0 0 0
7 0 0 5 2 6 9 5 9 1 6
0 0 1 5 0 0 0 5 0 8 0
Output:
0 0 0 5 0 4 0 5 0 0 0
0 0 0 5 2 6 9 5 0 0 0
0 0 0 5 0 0 0 5 0 0 0
5 5 5 5 5 5 5 5 5 5 5
0 0 0 5 0 0 0 5 0 0 0
0 0 0 5 0 0 0 5 0 0 0
0 0 0 5 0 0 0 5 0 0 0
5 5 5 5 5 5 5 5 5 5 5
0 0 0 5 0 0 0 5 0 0 0
0 0 0 5 0 0 0 5 0 0 0
0 0 0 5 0 0 0 5 0 0 0

Example 6:

Input:
0 7 0 5 0 0 0 5 1 3 0
0 0 2 5 0 9 0 5 0 0 0
0 0 0 5 8 6 7 5 0 0 0
5 5 5 5 5 5 5 5 5 5 5
8 0 0 5 0 0 0 5 0 1 0
0 0 0 5 9 0 3 5 0 0 7
0 9 0 5 0 8 0 5 0 0 4
5 5 5 5 5 5 5 5 5 5 5
0 3 0 5 0 0 0 5 0 0 0
7 8 0 5 0 0 6 5 0 0 0
0 0 9 5 0 0 9 5 9 1 0
Output:
0 0 0 5 0 0 0 5 0 0 0
0 0 0 5 0 0 0 5 0 0 0
0 0 0 5 0 0 0 5 0 0 0
5 5 5 5 5 5 5 5 5 5 5
0 0 0 5 0 0 0 5 0 0 0
0 0 0 5 0 0 0 5 0 0 0
0 0 0 5 0 0 0 5 0 0 0
5 5 5 5 5 5 5 5 5 5 5
0 0 0 5 0 0 0 5 0 1 0
0 0 0 5 0 0 0 5 0 0 7
0 0 0 5 0 0 0 5 0 0 4

Example 7:

Input:
0 8 0 5 0 0 3 5 0 0 0
0 0 0 5 7 0 0 5 0 8 0
0 1 0 5 4 0 0 5 0 0 7
5 5 5 5 5 5 5 5 5 5 5
0 0 0 5 0 7 0 5 0 0 0
0 3 1 5 0 2 0 5 0 0 0
0 0 0 5 8 0 3 5 6 2 0
5 5 5 5 5 5 5 5 5 5 5
0 0 0 5 0 0 0 5 0 0 0
0 2 9 5 0 0 3 5 0 6 0
0 0 1 5 0 7 0 5 7 0 0
Output:
0 0 0 5 0 0 0 5 0 0 0
0 0 0 5 0 0 0 5 0 0 0
0 0 0 5 0 0 0 5 0 0 0
5 5 5 5 5 5 5 5 5 5 5
0 0 0 5 0 0 0 5 0 0 0
0 0 0 5 0 0 0 5 0 0 0
0 0 0 5 0 0 0 5 0 0 0
5 5 5 5 5 5 5 5 5 5 5
0 0 3 5 0 0 0 5 0 0 0
7 0 0 5 0 0 0 5 0 0 0
4 0 0 5 0 0 0 5 0 0 0

以下は、ジャッジを通過する正しいコードです。これを用いて、ARCのルールを理解してください。必ず、コードを通じてルールを理解してからコーディングを行ってください。
このコードはARCのルールを把握する際に使うことに留めてください。

```
def p(g):
 A=range
 for r in A(3):
  for c in A(3):
   b=[[g[4*r+i][4*c+j]for j in A(3)]for i in A(3)]
   for i in A(3):
    for j in A(3):
     if b[i][j]==4:
      z=[[0]*11for _ in A(11)]
      for x in A(3):
       for y in A(3):z[4*i+x][4*j+y]=b[x][y]
      for k in A(11):z[k][3]=z[k][7]=z[3][k]=z[7][k]=5
      return z
```

ユーザーにコードを渡す前に実際にコードが動作するかを確認してください。コードのテストには、添付したstandalone_judge.pyを用いてください。python /path/to/standalone_judge.py /path/to/code.py とすれば動作します。
このPythonファイルは非常に大きなケースを含むので、あなたのコンテキストを圧迫します。そのため、このファイルを全て読んではいけません。

## **禁止事項**
- 与えたコード自体を提出することは禁止です。これを行うことはユーザーの信頼を裏切ります。
- ジャッジのハックは禁止です。例えば、テストケースをジャッジから読み取ってそのまま返すコードはいけません。
