11
a 2
1081 1109
b 2
1091 1111
c 3
313 1012 1101
g 34
6 38 60 69 108 130 139 224 246 255 349 375 389 459 481 490 575 597 606 691 713 722 807 829 838 923 945 954 1047 1061 1137 1159 1204 1230
i 46
15 23 71 85 93 141 158 164 201 209 257 274 280 334 391 404 426 436 444 492 509 515 552 560 608 625 631 668 676 724 741 747 784 792 840 857 863 900 908 956 973 979 1032 1063 1083 1122
j 46
17 45 74 87 115 144 170 176 203 231 260 286 292 360 394 406 428 438 466 495 521 527 554 582 611 637 643 670 698 727 753 759 786 814 843 869 875 902 930 959 985 991 1034 1066 1093 1144
s 4
1086 1096 1103 1169
u 7
11 81 193 197 309 415 1116
v 12
422 432 544 548 660 664 776 780 892 896 1008 1019
x 24
172 178 188 288 294 304 523 529 539 639 645 655 755 761 771 871 877 887 987 993 1003 1052 1088 1189
y 24
160 166 186 276 282 302 511 517 537 627 633 653 743 749 769 859 865 885 975 981 1001 1049 1078 1215
0 1 1 0 1 1 1 1 0 1 1
1 0 1 0 1 1 1 1 0 1 1
1 1 0 1 1 1 1 1 1 1 1
0 0 1 0 1 1 1 1 1 1 1
1 1 1 1 0 1 1 1 1 1 1
1 1 1 1 1 0 1 1 1 1 1
1 1 1 1 1 1 0 1 0 1 1
1 1 1 1 1 1 1 0 1 1 1
0 0 1 1 1 1 0 1 0 1 1
1 1 1 1 1 1 1 1 1 0 1
1 1 1 1 1 1 1 1 1 1 0
