12
t 4
196 913 1004 1029
a 11
331 466 556 603 693 740 830 884 941 1015 1040
p 3
15 114 254
n 7
37 184 389 524 661 798 1051
i 24
6 83 105 117 153 175 187 223 245 257 358 380 392 493 515 527 630 652 664 767 789 801 999 1061
l 28
60 68 119 130 138 189 200 208 259 275 335 343 394 410 470 478 529 545 607 615 666 682 744 752 803 819 899 1002
u 28
62 90 122 132 160 192 202 230 262 279 337 365 397 414 472 500 532 549 609 637 669 686 746 774 806 823 901 1027
e 12
277 292 412 427 547 564 684 701 821 838 954 1023
f 12
281 312 416 447 551 584 688 721 825 858 978 1048
d 5
877 965 989 1013 1038
r 4
56 286 906 923
y 6
126 421 558 695 832 933
0 1 1 1 1 1 1 1 1 1 1 1
1 0 1 1 1 1 1 1 1 1 1 1
1 1 0 1 1 1 1 1 1 1 1 1
1 1 1 0 1 1 1 1 1 1 1 1
1 1 1 1 0 1 1 1 1 1 1 1
1 1 1 1 1 0 1 1 1 1 1 1
1 1 1 1 1 1 0 1 1 1 1 1
1 1 1 1 1 1 1 0 1 1 1 1
1 1 1 1 1 1 1 1 0 1 1 1
1 1 1 1 1 1 1 1 1 0 1 1
1 1 1 1 1 1 1 1 1 1 0 1
1 1 1 1 1 1 1 1 1 1 1 0
