13
_ 1
14
a 2
11 326
b 2
16 138
c 6
18 51 70 95 114 140
g 19
6 33 58 77 102 126 165 191 218 246 308 317 349 373 397 421 434 447 467
i 4
150 310 332 449
j 4
176 313 404 454
k 5
260 334 382 438 451
key 1
40
l 5
284 358 406 443 456
s 5
120 266 270 290 294
x 4
231 322 356 441
y 4
203 319 380 436
0 1 1 1 1 1 1 1 0 1 1 1 1
1 0 1 1 1 1 1 1 0 1 1 1 1
1 1 0 1 1 1 1 1 0 1 1 1 1
1 1 1 0 1 1 1 1 0 1 1 1 1
1 1 1 1 0 1 1 1 0 1 1 1 1
1 1 1 1 1 0 1 1 0 1 1 1 1
1 1 1 1 1 1 0 1 0 1 1 1 1
1 1 1 1 1 1 1 0 0 1 1 1 1
0 0 0 0 0 0 0 0 0 0 0 0 0
1 1 1 1 1 1 1 1 0 0 1 1 1
1 1 1 1 1 1 1 1 0 1 0 1 1
1 1 1 1 1 1 1 1 0 1 1 0 1
1 1 1 1 1 1 1 1 0 1 1 1 0
