13
u 1
14
f 2
11 326
o 2
16 138
n 6
18 51 70 95 114 140
e 19
6 33 58 77 102 126 165 191 218 246 308 317 349 373 397 421 434 447 467
i 4
150 310 332 449
l 4
176 313 404 454
a 5
260 334 382 438 451
key 1
40
r 5
284 358 406 443 456
d 5
120 266 270 290 294
g 4
231 322 356 441
s 4
203 319 380 436
0 1 1 1 1 1 1 1 0 1 1 1 1
1 0 1 1 1 1 1 1 0 1 1 1 1
1 1 0 1 1 1 1 1 0 1 1 1 1
1 1 1 0 1 1 1 1 0 1 1 1 1
1 1 1 1 0 1 1 1 0 1 1 1 1
1 1 1 1 1 0 1 1 0 1 1 1 1
1 1 1 1 1 1 0 1 0 1 1 1 1
1 1 1 1 1 1 1 0 0 1 1 1 1
0 0 0 0 0 0 0 0 0 0 0 0 0
1 1 1 1 1 1 1 1 0 0 1 1 1
1 1 1 1 1 1 1 1 0 1 0 1 1
1 1 1 1 1 1 1 1 0 1 1 0 1
1 1 1 1 1 1 1 1 0 1 1 1 0
