13
_ 1
14
a 2
11 321
b 2
16 137
c 6
18 51 70 95 114 139
g 17
6 33 58 77 102 125 164 190 217 245 303 312 337 355 365 378 398
i 4
149 305 329 380
j 4
175 308 340 385
k 5
259 331 349 369 382
key 1
40
l 5
281 342 360 374 387
s 5
119 264 268 286 290
x 4
230 317 358 372
y 4
202 314 347 367
0 1 1 1 1 1 1 1 0 1 1 1 1
1 0 1 1 1 1 1 1 0 1 1 1 1
1 1 0 1 1 1 1 1 0 1 1 1 1
1 1 1 0 1 1 1 1 0 1 1 1 1
1 1 1 1 0 1 1 1 0 1 1 1 1
1 1 1 1 1 0 1 1 0 1 1 1 1
1 1 1 1 1 1 0 1 0 1 1 1 1
1 1 1 1 1 1 1 0 0 1 1 1 1
0 0 0 0 0 0 0 0 0 0 0 0 0
1 1 1 1 1 1 1 1 0 0 1 1 1
1 1 1 1 1 1 1 1 0 1 0 1 1
1 1 1 1 1 1 1 1 0 1 1 0 1
1 1 1 1 1 1 1 1 0 1 1 1 0
