13
m 1
14
i 2
11 321
t 2
16 137
r 6
18 51 70 95 114 139
e 19
6 33 58 77 102 125 164 190 217 245 303 312 344 368 392 416 420 433 453
n 4
149 305 327 435
d 4
175 308 399 440
u 5
259 329 377 424 437
key 1
40
s 5
281 353 401 429 442
f 5
119 264 268 286 290
a 4
230 317 351 427
o 4
202 314 375 422
0 1 1 1 1 1 1 1 0 1 1 1 1
1 0 1 1 1 1 1 1 0 1 1 1 1
1 1 0 1 1 1 1 1 0 1 1 1 1
1 1 1 0 1 1 1 1 0 1 1 1 1
1 1 1 1 0 1 1 1 0 1 1 1 1
1 1 1 1 1 0 1 1 0 1 1 1 1
1 1 1 1 1 1 0 1 0 1 1 1 1
1 1 1 1 1 1 1 0 0 1 1 1 1
0 0 0 0 0 0 0 0 0 0 0 0 0
1 1 1 1 1 1 1 1 0 0 1 1 1
1 1 1 1 1 1 1 1 0 1 0 1 1
1 1 1 1 1 1 1 1 0 1 1 0 1
1 1 1 1 1 1 1 1 0 1 1 1 0
