ARCのケースに対して、list[list[int]] -> list[list[int]] のシグネチャを持つ関数`p`をPythonで実装してください。つまり、`def p(g):...` か `p=lambda g:...`というコードが期待されます。
コードはshortcodingのcompetitionに用いるため、アルゴリズムを工夫してできる限り短いコードを生成するよう努めてください。

Example 0:

Input:
0 0 0 0 0 0 0 0 0 0 0 0 0 0 0 0
0 8 0 0 8 0 0 0 0 0 0 0 0 0 0 0
0 0 8 0 8 0 0 0 0 0 0 0 0 0 0 0
0 8 8 8 8 0 0 0 0 0 0 0 0 0 0 0
0 0 8 0 8 0 0 0 0 0 0 0 0 0 0 0
0 0 0 0 0 0 0 0 0 0 0 0 0 0 0 0
0 0 0 0 0 0 0 0 0 0 0 0 0 0 0 0
0 0 0 0 0 0 0 4 4 4 4 0 0 0 0 0
0 0 0 0 0 0 2 0 0 0 0 1 0 0 0 0
0 0 0 0 0 0 2 0 0 0 0 1 0 0 0 0
0 0 0 0 0 0 2 0 0 0 0 1 0 0 0 0
0 0 0 0 0 0 2 0 0 0 0 1 0 0 0 0
0 0 0 0 0 0 0 3 3 3 3 0 0 0 0 0
0 0 0 0 0 0 0 0 0 0 0 0 0 0 0 0
0 0 0 0 0 0 0 0 0 0 0 0 0 0 0 0
Output:
0 4 4 4 4 0
2 8 0 0 8 1
2 0 8 0 1 1
2 2 8 8 1 1
2 0 3 0 8 1
0 3 3 3 3 0

Example 1:

Input:
0 0 0 0 0 0 0 0 0 0 0 0 0 0 0 0
0 0 0 0 0 0 0 0 0 0 0 0 0 0 0 0
0 0 0 0 0 0 0 0 0 8 0 0 0 0 0 0
0 0 0 0 0 0 0 0 8 8 8 0 0 0 0 0
0 0 0 0 0 0 0 0 0 8 8 0 0 0 0 0
0 0 0 0 0 0 0 0 0 0 0 0 0 0 0 0
0 0 3 3 3 0 0 0 0 0 0 0 0 0 0 0
0 6 0 0 0 4 0 0 0 0 0 0 0 0 0 0
0 6 0 0 0 4 0 0 0 0 0 0 0 0 0 0
0 6 0 0 0 4 0 0 0 0 0 0 0 0 0 0
0 0 2 2 2 0 0 0 0 0 0 0 0 0 0 0
0 0 0 0 0 0 0 0 0 0 0 0 0 0 0 0
0 0 0 0 0 0 0 0 0 0 0 0 0 0 0 0
0 0 0 0 0 0 0 0 0 0 0 0 0 0 0 0
Output:
0 3 3 3 0
6 0 3 0 4
6 6 8 4 4
6 0 2 8 4
0 2 2 2 0

Example 2:

Input:
0 0 0 0 0 0 0 0 0 0 0 0 0 0 0
0 0 0 7 7 7 7 0 0 0 0 0 0 0 0
0 0 4 0 0 0 0 6 0 0 0 0 0 0 0
0 0 4 0 0 0 0 6 0 0 0 0 0 0 0
0 0 4 0 0 0 0 6 0 0 0 0 0 0 0
0 0 4 0 0 0 0 6 0 0 0 0 0 0 0
0 0 0 1 1 1 1 0 0 0 0 0 0 0 0
0 0 0 0 0 0 0 0 0 0 0 0 0 0 0
0 0 0 0 0 0 0 0 0 0 0 0 0 0 0
0 0 0 0 0 0 8 8 0 8 0 0 0 0 0
0 0 0 0 0 0 0 8 8 0 0 0 0 0 0
0 0 0 0 0 0 0 8 0 8 0 0 0 0 0
0 0 0 0 0 0 8 8 0 8 0 0 0 0 0
0 0 0 0 0 0 0 0 0 0 0 0 0 0 0
0 0 0 0 0 0 0 0 0 0 0 0 0 0 0
Output:
0 7 7 7 7 0
4 8 7 0 8 6
4 0 8 8 0 6
4 0 8 0 6 6
4 8 1 0 8 6
0 1 1 1 1 0

Example 3:

Input:
0 0 0 0 0 0 1 1 1 1 1 0 0 0 0 0
0 0 0 0 0 2 0 0 0 0 0 4 0 0 0 0
0 0 0 0 0 2 0 0 0 0 0 4 0 0 0 0
0 0 0 0 0 2 0 0 0 0 0 4 0 0 0 0
0 0 0 0 0 2 0 0 0 0 0 4 0 0 0 0
0 0 0 0 0 2 0 0 0 0 0 4 0 0 0 0
0 0 0 0 0 0 3 3 3 3 3 0 0 0 0 0
0 0 0 0 0 0 0 0 0 0 0 0 0 0 0 0
0 0 0 0 0 0 0 0 0 0 0 0 0 0 0 0
0 0 8 8 0 8 8 0 0 0 0 0 0 0 0 0
0 0 8 0 8 8 0 0 0 0 0 0 0 0 0 0
0 0 0 8 8 8 8 0 0 0 0 0 0 0 0 0
0 0 0 0 8 0 0 0 0 0 0 0 0 0 0 0
0 0 8 8 0 8 8 0 0 0 0 0 0 0 0 0
0 0 0 0 0 0 0 0 0 0 0 0 0 0 0 0
0 0 0 0 0 0 0 0 0 0 0 0 0 0 0 0
Output:
0 1 1 1 1 1 0
2 8 1 0 1 8 4
2 2 0 1 8 0 4
2 0 2 8 4 4 4
2 0 0 3 0 0 4
2 8 3 0 3 8 4
0 3 3 3 3 3 0

Example 4:

Input:
0 0 0 0 0 0 0 0 0 0 0 0 0 0 0 0
0 0 0 0 0 0 0 0 0 0 0 0 0 0 0 0
0 0 9 9 9 9 9 0 0 0 0 0 0 0 0 0
0 1 0 0 0 0 0 2 0 0 0 0 0 0 0 0
0 1 0 0 0 0 0 2 0 0 0 0 0 0 0 0
0 1 0 0 0 0 0 2 0 0 0 0 0 0 0 0
0 1 0 0 0 0 0 2 0 0 0 0 0 0 0 0
0 1 0 0 0 0 0 2 0 0 0 0 0 0 0 0
0 0 5 5 5 5 5 0 0 0 0 0 0 0 0 0
0 0 0 0 0 0 0 8 0 0 8 0 0 0 0 0
0 0 0 0 0 0 0 0 0 0 8 8 0 0 0 0
0 0 0 0 0 0 0 8 0 8 0 8 0 0 0 0
0 0 0 0 0 0 0 0 8 8 8 0 0 0 0 0
0 0 0 0 0 0 0 8 0 0 8 8 0 0 0 0
Output:
0 9 9 9 9 9 0
1 8 0 0 9 0 2
1 0 0 0 8 2 2
1 1 0 8 0 2 2
1 0 8 5 8 0 2
1 8 0 0 5 8 2
0 5 5 5 5 5 0

Example 5:

Input:
0 0 0 0 0 0 0 0 0 0 0 0 0 0
0 0 0 0 0 0 0 0 8 8 0 0 0 0
0 0 0 0 0 0 0 8 0 0 8 0 0 0
0 0 0 0 0 0 8 8 0 0 0 0 0 0
0 0 0 0 0 0 8 0 0 0 0 0 0 0
0 0 0 0 0 0 0 0 8 0 8 0 0 0
0 0 0 0 0 0 0 0 0 0 0 0 0 0
0 0 0 0 0 0 0 0 0 0 0 0 0 0
0 0 0 0 0 0 0 0 2 2 2 2 2 0
0 0 0 0 0 0 0 6 0 0 0 0 0 9
0 0 0 0 0 0 0 6 0 0 0 0 0 9
0 0 0 0 0 0 0 6 0 0 0 0 0 9
0 0 0 0 0 0 0 6 0 0 0 0 0 9
0 0 0 0 0 0 0 6 0 0 0 0 0 9
0 0 0 0 0 0 0 0 5 5 5 5 5 0
Output:
0 2 2 2 2 2 0
6 0 0 2 2 0 9
6 0 8 0 0 9 9
6 6 6 0 0 0 9
6 6 0 0 0 0 9
6 0 0 5 0 8 9
0 5 5 5 5 5 0

Example 6:

Input:
0 0 0 0 0 0 0 0 0 0 0 0 0 0
0 0 0 0 0 0 0 0 0 0 0 0 0 0
0 0 0 0 0 0 0 0 0 0 0 0 0 0
0 0 0 1 1 1 0 0 0 0 0 0 0 0
0 0 4 0 0 0 6 0 0 0 0 0 0 0
0 0 4 0 0 0 6 0 0 0 0 0 0 0
0 0 4 0 0 0 6 0 0 8 0 0 0 0
0 0 0 3 3 3 0 0 8 0 8 0 0 0
0 0 0 0 0 0 0 0 0 0 8 0 0 0
0 0 0 0 0 0 0 0 0 0 0 0 0 0
0 0 0 0 0 0 0 0 0 0 0 0 0 0
0 0 0 0 0 0 0 0 0 0 0 0 0 0
0 0 0 0 0 0 0 0 0 0 0 0 0 0
0 0 0 0 0 0 0 0 0 0 0 0 0 0
0 0 0 0 0 0 0 0 0 0 0 0 0 0
Output:
0 1 1 1 0
4 0 1 0 6
4 4 0 6 6
4 0 0 8 6
0 3 3 3 0

Example 7:

Input:
0 0 0 0 0 0 0 0 8 8 0 0 0 0 0
0 0 0 0 0 0 0 8 8 0 0 0 0 0 0
0 0 0 0 0 0 0 0 0 8 0 8 0 0 0
0 0 0 0 0 0 0 8 0 0 8 8 0 0 0
0 0 0 0 0 0 0 0 0 8 8 0 0 0 0
0 0 0 0 0 0 0 0 0 0 0 0 0 0 0
0 0 0 0 0 0 0 0 0 0 0 0 0 0 0
0 0 0 0 0 1 1 1 1 1 0 0 0 0 0
0 0 0 0 6 0 0 0 0 0 3 0 0 0 0
0 0 0 0 6 0 0 0 0 0 3 0 0 0 0
0 0 0 0 6 0 0 0 0 0 3 0 0 0 0
0 0 0 0 6 0 0 0 0 0 3 0 0 0 0
0 0 0 0 6 0 0 0 0 0 3 0 0 0 0
0 0 0 0 0 7 7 7 7 7 0 0 0 0 0
Output:
0 1 1 1 1 1 0
6 0 1 1 0 0 3
6 6 8 0 0 0 3
6 0 0 8 0 3 3
6 6 0 0 8 3 3
6 0 0 7 7 0 3
0 7 7 7 7 7 0

以下は、ジャッジを通過する正しいコードです。これを用いて、ARCのルールを理解してください。必ず、コードを通じてルールを理解してからコーディングを行ってください。
このコードはARCのルールを把握する際に使うことに留めてください。

```
R=range
def p(g):
 h=len(g);w=h*len(g[0]);s=[i for i in R(w)if g[i%h][i//h]==8];y,x=min(i%h for i in s),min(i//h for i in s)
 for k in R(w):
  if(i:=k%h)<h-1and len({g[i+1][j:=k//h],g[i][j],g[i][j+1]})>2:
   m=g[i].index(0,j+1)-j-1;o=[g[i+l][j:j+m+2]for l in R(m+2)]
   for c in R(m*m):
    if g[y+(u:=c%m)][x+(v:=c//m)]:o[u+1][v+1]=(u+v==m-1or u-v==0)and 8or[o[t:=u-v>0][1-t],o[-2+t][-1-t]][u+v>=m]
   return o
```

ユーザーにコードを渡す前に実際にコードが動作するかを確認してください。コードのテストには、添付したstandalone_judge.pyを用いてください。python /path/to/standalone_judge.py /path/to/code.py とすれば動作します。
このPythonファイルは非常に大きなケースを含むので、あなたのコンテキストを圧迫します。そのため、このファイルを全て読んではいけません。

## **禁止事項**
- 与えたコード自体を提出することは禁止です。これを行うことはユーザーの信頼を裏切ります。
- ジャッジのハックは禁止です。例えば、テストケースをジャッジから読み取ってそのまま返すコードはいけません。
