12
A 6
0 41 187 207 261 294
B 5
129 243 269 313 320
C 2
127 236
_ 1
36
c 3
19 77 86
d 3
105 227 256
g 8
14 25 49 62 97 303 315 332
i 3
289 305 317
l 10
131 146 155 166 174 202 220 263 277 296
r 11
133 148 153 168 176 182 209 222 265 275 298
s 2
75 92
t 4
65 144 164 193
0 1 1 1 1 1 1 1 1 1 0 1
1 0 1 1 1 1 1 1 1 1 0 1
1 1 0 1 1 1 1 1 1 1 0 1
1 1 1 0 1 1 1 1 1 1 0 1
1 1 1 1 0 1 1 1 1 1 1 1
1 1 1 1 1 0 1 1 1 1 0 1
1 1 1 1 1 1 0 1 1 1 1 1
1 1 1 1 1 1 1 0 1 1 0 1
1 1 1 1 1 1 1 1 0 1 0 1
1 1 1 1 1 1 1 1 1 0 0 1
0 0 0 0 1 0 1 0 0 0 0 0
1 1 1 1 1 1 1 1 1 1 0 0
