ARCのケースに対して、list[list[int]] -> list[list[int]] のシグネチャを持つ関数`p`をPythonで実装してください。つまり、`def p(g):...` か `p=lambda g:...`というコードが期待されます。
コードはshortcodingのcompetitionに用いるため、アルゴリズムを工夫してできる限り短いコードを生成するよう努めてください。

Example 0:

Input:
1 8 8 7 7 8
1 1 7 7 1 8
7 1 1 7 7 8
Output:
1 8 8 5 5 8
1 1 5 5 1 8
5 1 1 5 5 8

Example 1:

Input:
7 7 7 1
1 8 1 7
7 1 1 7
Output:
5 5 5 1
1 8 1 5
5 1 1 5

Example 2:

Input:
1 8 1 7 1
7 8 8 1 1
7 1 8 8 7
Output:
1 8 1 5 1
5 8 8 1 1
5 1 8 8 5

Example 3:

Input:
1 7 7 1 7
8 1 7 7 7
8 7 1 7 8
Output:
1 5 5 1 5
8 1 5 5 5
8 5 1 5 8

Example 4:

Input:
1 8 7 1 8 1
7 7 8 1 1 7
7 1 1 1 1 7
Output:
1 8 5 1 8 1
5 5 8 1 1 5
5 1 1 1 1 5

Example 5:

Input:
7 8 8 8
1 1 8 8
8 7 8 8
Output:
5 8 8 8
1 1 8 8
8 5 8 8

Example 6:

Input:
7 1 1 8
7 7 8 1
7 1 7 8
Output:
5 1 1 8
5 5 8 1
5 1 5 8

Example 7:

Input:
1 8 1 7 7
7 1 8 1 1
7 8 8 7 8
Output:
1 8 1 5 5
5 1 8 1 1
5 8 8 5 8

以下は、ジャッジを通過する正しいコードです。これを用いて、ARCのルールを理解してください。必ず、コードを通じてルールを理解してからコーディングを行ってください。
このコードはARCのルールを把握する際に使うことに留めてください。

```
p=lambda g:[[x&13for x in r]for r in g]
```

ユーザーにコードを渡す前に実際にコードが動作するかを確認してください。コードのテストには、添付したjudge.pyを用いてください。python /path/to/judge.py /path/to/code.py /path/to/cases.bin とすれば動作します。

## **禁止事項**
- 与えたコード自体を提出することは禁止です。これを行うことはユーザーの信頼を裏切ります。
- ジャッジのハックは禁止です。例えば、テストケースをジャッジから読み取ってそのまま返すコードはいけません。
