ARCのケースに対して、list[list[int]] -> list[list[int]] のシグネチャを持つ関数`p`をPythonで実装してください。つまり、`def p(g):...` か `p=lambda g:...`というコードが期待されます。
コードはshortcodingのcompetitionに用いるため、アルゴリズムを工夫してできる限り短いコードを生成するよう努めてください。

Example 0:

Input:
6 1 0
3 0 0
0 0 0
Output:
6 1 0 0 0 0
3 6 1 0 0 0
0 3 6 1 0 0
0 0 3 6 1 0
0 0 0 3 6 1
0 0 0 0 3 6

Example 1:

Input:
0 4 0
0 8 0
2 0 0
Output:
0 4 0 0 0 0
0 8 4 0 0 0
2 0 8 4 0 0
0 2 0 8 4 0
0 0 2 0 8 4
0 0 0 2 0 8

Example 2:

Input:
0 0 6
1 3 0
0 0 0
Output:
0 0 6 0 0 0
1 3 0 6 0 0
0 1 3 0 6 0
0 0 1 3 0 6
0 0 0 1 3 0
0 0 0 0 1 3

Example 3:

Input:
0 0 3
0 0 0
0 4 9
Output:
0 0 3 0 0 0
0 0 0 3 0 0
0 4 9 0 3 0
0 0 4 9 0 3
0 0 0 4 9 0
0 0 0 0 4 9

Example 4:

Input:
0 7 0
4 0 0
0 0 2
Output:
0 7 0 0 0 0
4 0 7 0 0 0
0 4 2 7 0 0
0 0 4 2 7 0
0 0 0 4 2 7
0 0 0 0 4 2

Example 5:

Input:
0 8 0
0 4 0
1 0 0
Output:
0 8 0 0 0 0
0 4 8 0 0 0
1 0 4 8 0 0
0 1 0 4 8 0
0 0 1 0 4 8
0 0 0 1 0 4

Example 6:

Input:
5 3 0
0 0 0
0 6 0
Output:
5 3 0 0 0 0
0 5 3 0 0 0
0 6 5 3 0 0
0 0 6 5 3 0
0 0 0 6 5 3
0 0 0 0 6 5

Example 7:

Input:
0 0 5
0 0 4
0 0 8
Output:
0 0 5 0 0 0
0 0 4 5 0 0
0 0 8 4 5 0
0 0 0 8 4 5
0 0 0 0 8 4
0 0 0 0 0 8

以下は、ジャッジを通過する正しいコードです。これを用いて、ARCのルールを理解してください。必ず、コードを通じてルールを理解してからコーディングを行ってください。
このコードはARCのルールを把握する際に使うことに留めてください。

```
def p(g):h=len(g);n=h*2;return[[sum(g[r-k][c-k]if 0<=r-k<h and 0<=c-k<h else 0for k in range(n))for c in range(n)]for r in range(n)]
```

ユーザーにコードを渡す前に実際にコードが動作するかを確認してください。コードのテストには、添付したstandalone_judge.pyを用いてください。python /path/to/standalone_judge.py /path/to/code.py とすれば動作します。
このPythonファイルは非常に大きなケースを含むので、あなたのコンテキストを圧迫します。そのため、このファイルを全て読んではいけません。

## **禁止事項**
- 与えたコード自体を提出することは禁止です。これを行うことはユーザーの信頼を裏切ります。
- ジャッジのハックは禁止です。例えば、テストケースをジャッジから読み取ってそのまま返すコードはいけません。
