ARCのケースに対して、list[list[int]] -> list[list[int]] のシグネチャを持つ関数`p`をPythonで実装してください。つまり、`def p(g):...` か `p=lambda g:...`というコードが期待されます。
コードはshortcodingのcompetitionに用いるため、アルゴリズムを工夫してできる限り短いコードを生成するよう努めてください。

Example 0:

Input:
3 2 0
0 0 0
0 5 0
Output:
8 0 0
0 0 0
0 5 0

Example 1:

Input:
5 0 0 0 0 0
0 0 3 2 0 0
0 0 0 0 0 0
0 3 0 0 0 2
0 2 0 0 0 0
5 0 0 3 0 0
0 0 0 0 0 0
Output:
5 0 0 0 0 0
0 0 8 0 0 0
0 0 0 0 0 0
0 8 0 0 0 2
0 0 0 0 0 0
5 0 0 3 0 0
0 0 0 0 0 0

Example 2:

Input:
0 0 0 0 0 2 0
3 0 0 0 0 0 3
5 0 2 3 0 0 0
0 0 0 0 0 0 0
0 0 0 0 0 2 0
3 2 0 0 0 3 0
0 0 0 5 0 0 0
Output:
0 0 0 0 0 2 0
3 0 0 0 0 0 3
5 0 0 8 0 0 0
0 0 0 0 0 0 0
0 0 0 0 0 0 0
8 0 0 0 0 8 0
0 0 0 5 0 0 0

Example 3:

Input:
0 0 0 0 2 0 0 0 5
0 2 0 0 0 0 3 2 0
0 3 0 0 0 0 0 0 0
0 0 0 0 5 0 0 0 2
5 0 0 2 0 0 0 0 0
0 0 0 0 0 0 0 3 0
5 3 0 0 0 5 0 2 0
Output:
0 0 0 0 2 0 0 0 5
0 0 0 0 0 0 8 0 0
0 8 0 0 0 0 0 0 0
0 0 0 0 5 0 0 0 2
5 0 0 2 0 0 0 0 0
0 0 0 0 0 0 0 8 0
5 3 0 0 0 5 0 0 0

Example 4:

Input:
0 0 0 0
0 0 0 2
0 0 0 0
0 0 0 0
5 0 2 3
0 0 0 5
0 0 0 0
0 0 0 0
0 0 0 0
0 0 0 0
Output:
0 0 0 0
0 0 0 2
0 0 0 0
0 0 0 0
5 0 0 8
0 0 0 5
0 0 0 0
0 0 0 0
0 0 0 0
0 0 0 0

Example 5:

Input:
0 0 0 0
0 0 0 0
0 0 0 2
2 0 0 0
0 0 0 0
0 0 0 0
0 0 0 0
0 2 3 0
Output:
0 0 0 0
0 0 0 0
0 0 0 2
2 0 0 0
0 0 0 0
0 0 0 0
0 0 0 0
0 0 8 0

Example 6:

Input:
0 0 0 0
3 0 0 0
2 0 0 0
0 0 0 0
0 0 0 0
0 0 0 0
0 0 0 0
0 0 0 0
0 0 0 0
0 0 0 0
Output:
0 0 0 0
8 0 0 0
0 0 0 0
0 0 0 0
0 0 0 0
0 0 0 0
0 0 0 0
0 0 0 0
0 0 0 0
0 0 0 0

Example 7:

Input:
0 0 0 0 5 0 0 0
0 0 0 0 0 0 3 2
0 0 0 0 0 0 0 0
0 0 0 0 0 0 0 0
0 0 0 0 0 3 2 0
Output:
0 0 0 0 5 0 0 0
0 0 0 0 0 0 8 0
0 0 0 0 0 0 0 0
0 0 0 0 0 0 0 0
0 0 0 0 0 8 0 0

以下は、ジャッジを通過する正しいコードです。これを用いて、ARCのルールを理解してください。必ず、コードを通じてルールを理解してからコーディングを行ってください。
このコードはARCのルールを把握する際に使うことに留めてください。

```
def p(j,A=enumerate):
 for(c,C)in A(j):
  for(k,D)in A(C):
   for(l,B)in(c+1,k),(c-1,k),(c,k+1),(c,k-1):
    if D==2and 0<=l<len(j)and 0<=B<len(C)and j[l][B]==3:j[c][k]=0;j[l][B]=8
 return j
```

ユーザーにコードを渡す前に実際にコードが動作するかを確認してください。コードのテストには、添付したstandalone_judge.pyを用いてください。python /path/to/standalone_judge.py /path/to/code.py とすれば動作します。
このPythonファイルは非常に大きなケースを含むので、あなたのコンテキストを圧迫します。そのため、このファイルを全て読んではいけません。

## **禁止事項**
- 与えたコード自体を提出することは禁止です。これを行うことはユーザーの信頼を裏切ります。
- ジャッジのハックは禁止です。例えば、テストケースをジャッジから読み取ってそのまま返すコードはいけません。
