14
A 4
32 55 91 151
_ 2
44 95
c 2
48 305
g 7
6 19 26 38 223 297 315
h 3
11 177 267
i 9
66 74 108 117 128 134 166 225 249
j 3
187 228 279
k 5
46 110 121 255 285
l 3
97 260 289
t 3
209 252 282
v 5
63 68 76 136 156
w 9
13 119 123 198 258 263 287 291 295
x 2
276 302
y 2
246 299
0 1 1 1 1 1 1 1 1 1 1 1 1 1
1 0 1 1 1 1 1 1 1 1 0 1 1 1
1 1 0 1 1 1 1 1 1 1 0 1 1 1
1 1 1 0 1 1 1 1 1 1 0 1 1 1
1 1 1 1 0 1 1 1 1 1 0 1 1 1
1 1 1 1 1 0 1 1 1 1 1 1 1 1
1 1 1 1 1 1 0 1 1 1 0 1 1 1
1 1 1 1 1 1 1 0 1 1 1 1 1 1
1 1 1 1 1 1 1 1 0 1 0 1 1 1
1 1 1 1 1 1 1 1 1 0 0 1 1 1
1 0 0 0 0 1 0 1 0 0 0 1 0 0
1 1 1 1 1 1 1 1 1 1 1 0 1 1
1 1 1 1 1 1 1 1 1 1 0 1 0 1
1 1 1 1 1 1 1 1 1 1 0 1 1 0
