ARCのケースに対して、list[list[int]] -> list[list[int]] のシグネチャを持つ関数`p`をPythonで実装してください。つまり、`def p(g):...` か `p=lambda g:...`というコードが期待されます。
コードはshortcodingのcompetitionに用いるため、アルゴリズムを工夫してできる限り短いコードを生成するよう努めてください。

Example 0:

Input:
2 2 2 2 2 2 2 2 2 2 2 2
8 0 0 0 2 2 0 2 2 2 2 2
8 0 0 0 0 2 0 0 2 2 0 2
8 0 0 0 0 0 0 0 0 0 0 2
8 0 0 0 0 0 0 0 0 0 0 2
8 0 0 0 0 0 0 0 0 0 0 2
8 0 0 0 0 0 0 0 0 0 0 2
8 0 0 0 0 0 0 0 0 0 0 8
8 0 0 0 0 0 0 0 0 0 0 8
8 8 0 0 0 0 8 8 0 0 0 8
8 8 8 0 0 8 8 8 0 0 8 8
8 8 8 8 8 8 8 8 8 8 8 8
Output:
2 2 2 2 2 2 2 2 2 2 2 2
8 0 0 3 2 2 0 2 2 2 2 2
8 0 0 3 0 2 0 0 2 2 0 2
8 3 3 3 3 3 3 3 3 3 3 2
8 3 3 3 3 3 3 3 3 3 3 2
8 3 3 3 3 3 3 3 3 3 3 2
8 3 3 3 3 3 3 3 3 3 3 2
8 3 3 3 3 3 3 3 3 3 3 8
8 3 3 3 3 3 3 3 3 3 3 8
8 8 0 3 0 0 8 8 0 0 0 8
8 8 8 3 0 8 8 8 0 0 8 8
8 8 8 8 8 8 8 8 8 8 8 8

Example 1:

Input:
8 8 8 8 8 8 8 8 8 8 8 8
2 0 0 0 0 0 8 8 8 8 8 8
2 2 0 0 0 0 0 8 8 0 0 8
2 0 0 0 0 0 0 8 0 0 0 8
2 0 0 0 0 0 0 0 0 0 0 8
2 2 2 0 0 0 0 0 0 0 0 8
2 2 0 0 0 0 0 0 0 0 0 8
2 2 0 0 0 0 0 0 0 0 0 8
2 0 0 0 0 0 0 0 0 0 0 8
2 0 0 0 0 0 0 0 0 0 2 2
2 2 0 2 0 0 2 0 0 2 2 2
2 2 2 2 2 2 2 2 2 2 2 2
Output:
8 8 8 8 8 8 8 8 8 8 8 8
2 0 0 0 3 3 8 8 8 8 8 8
2 2 0 0 3 3 0 8 8 0 0 8
2 0 0 0 3 3 0 8 0 0 0 8
2 3 3 3 3 3 3 3 3 3 3 8
2 2 2 0 3 3 0 0 0 0 0 8
2 2 0 0 3 3 0 0 0 0 0 8
2 2 0 0 3 3 0 0 0 0 0 8
2 3 3 3 3 3 3 3 3 3 3 8
2 0 0 0 3 3 0 0 0 0 2 2
2 2 0 2 3 3 2 0 0 2 2 2
2 2 2 2 2 2 2 2 2 2 2 2

Example 2:

Input:
8 8 8 8 8 8 8 8 8 2
8 8 8 0 8 8 0 8 0 2
8 8 0 0 8 0 0 0 0 2
8 8 0 0 0 0 0 0 2 2
8 0 0 0 0 0 0 0 2 2
8 0 0 0 0 0 0 0 0 2
8 0 0 0 0 0 0 0 0 2
8 0 0 0 0 0 2 2 0 2
8 2 0 0 0 2 2 2 2 2
8 2 2 2 2 2 2 2 2 2
Output:
8 8 8 8 8 8 8 8 8 2
8 8 8 3 8 8 0 8 0 2
8 8 0 3 8 0 0 0 0 2
8 8 0 3 0 0 0 0 2 2
8 0 0 3 0 0 0 0 2 2
8 3 3 3 3 3 3 3 3 2
8 3 3 3 3 3 3 3 3 2
8 0 0 3 0 0 2 2 0 2
8 2 0 3 0 2 2 2 2 2
8 2 2 2 2 2 2 2 2 2

Example 3:

Input:
8 8 8 8 8 8 8 8 8 8 8 8 8 8
8 8 8 8 0 0 8 8 8 0 0 8 2 2
8 8 8 0 0 0 0 0 0 0 0 0 0 2
8 0 0 0 0 0 0 0 0 0 0 0 0 2
8 8 8 0 0 0 0 0 0 0 0 0 2 2
8 8 0 0 0 0 0 0 0 0 0 2 2 2
8 0 0 0 0 0 0 0 0 0 0 0 0 2
8 8 0 0 0 0 0 0 0 0 0 0 0 2
8 8 0 0 0 0 0 0 0 0 0 0 0 2
8 8 0 0 0 0 0 0 0 0 0 0 0 2
8 0 0 0 0 0 0 0 0 0 0 0 0 2
8 8 0 0 0 0 0 0 0 0 0 0 2 2
8 8 0 2 0 2 2 0 0 0 0 2 2 2
8 2 2 2 2 2 2 2 2 2 2 2 2 2
Output:
8 8 8 8 8 8 8 8 8 8 8 8 8 8
8 8 8 8 3 0 8 8 8 3 3 8 2 2
8 8 8 0 3 0 0 0 0 3 3 0 0 2
8 3 3 3 3 3 3 3 3 3 3 3 3 2
8 8 8 0 3 0 0 0 0 3 3 0 2 2
8 8 0 0 3 0 0 0 0 3 3 2 2 2
8 3 3 3 3 3 3 3 3 3 3 3 3 2
8 8 0 0 3 0 0 0 0 3 3 0 0 2
8 8 0 0 3 0 0 0 0 3 3 0 0 2
8 8 0 0 3 0 0 0 0 3 3 0 0 2
8 3 3 3 3 3 3 3 3 3 3 3 3 2
8 8 0 0 3 0 0 0 0 3 3 0 2 2
8 8 0 2 3 2 2 0 0 3 3 2 2 2
8 2 2 2 2 2 2 2 2 2 2 2 2 2

Example 4:

Input:
8 8 8 8 8 8 8 8 8 8 8 8 8 8
8 8 8 0 8 0 8 0 8 0 8 0 8 8
8 8 8 0 8 0 0 0 0 0 0 0 0 2
8 8 0 0 0 0 0 0 0 0 0 0 2 2
8 8 8 0 0 0 0 0 0 0 0 2 2 2
8 0 0 0 0 0 0 0 0 0 0 0 0 2
8 8 0 0 0 0 0 0 0 0 0 0 0 2
8 0 0 0 0 0 0 0 0 0 0 2 2 2
8 0 0 0 0 0 0 0 0 0 0 2 2 2
8 0 0 0 0 0 0 0 0 0 0 0 0 2
8 0 0 0 0 0 0 0 0 0 0 0 0 2
8 0 0 8 2 0 0 0 0 0 0 0 2 2
8 0 8 8 2 0 0 0 0 0 0 0 2 2
8 8 8 8 2 2 2 2 2 2 2 2 2 2
Output:
8 8 8 8 8 8 8 8 8 8 8 8 8 8
8 8 8 0 8 3 8 3 8 3 8 0 8 8
8 8 8 0 8 3 0 3 0 3 0 0 0 2
8 8 0 0 0 3 0 3 0 3 0 0 2 2
8 8 8 0 0 3 0 3 0 3 0 2 2 2
8 3 3 3 3 3 3 3 3 3 3 3 3 2
8 8 0 0 0 3 0 3 0 3 0 0 0 2
8 0 0 0 0 3 0 3 0 3 0 2 2 2
8 0 0 0 0 3 0 3 0 3 0 2 2 2
8 3 3 3 3 3 3 3 3 3 3 3 3 2
8 3 3 3 3 3 3 3 3 3 3 3 3 2
8 0 0 8 2 3 0 3 0 3 0 0 2 2
8 0 8 8 2 3 0 3 0 3 0 0 2 2
8 8 8 8 2 2 2 2 2 2 2 2 2 2

Example 5:

Input:
8 8 8 8 8 8 8 8 8 8
8 8 8 8 0 8 8 0 8 8
8 0 8 8 0 8 8 2 8 8
8 8 8 0 0 0 0 2 2 2
8 8 0 0 0 0 0 2 2 2
8 8 0 0 0 0 0 0 0 2
8 0 0 0 0 0 0 0 0 2
8 8 0 2 0 0 2 0 2 2
8 2 2 2 0 2 2 0 2 2
2 2 2 2 2 2 2 2 2 2
Output:
8 8 8 8 8 8 8 8 8 8
8 8 8 8 3 8 8 0 8 8
8 0 8 8 3 8 8 2 8 8
8 8 8 0 3 0 0 2 2 2
8 8 0 0 3 0 0 2 2 2
8 8 0 0 3 0 0 0 0 2
8 3 3 3 3 3 3 3 3 2
8 8 0 2 3 0 2 0 2 2
8 2 2 2 3 2 2 0 2 2
2 2 2 2 2 2 2 2 2 2

Example 6:

Input:
8 8 8 8 8 8 8 8 8 8 8 8
8 8 0 8 8 0 8 0 0 0 8 2
8 8 0 0 8 0 8 0 0 0 8 2
8 0 0 0 0 0 0 0 0 0 2 2
8 8 0 0 0 0 0 0 0 0 0 2
8 0 0 0 0 0 0 0 0 0 0 2
8 0 0 0 0 0 0 0 0 0 0 2
8 8 0 0 0 0 0 0 0 0 2 2
8 0 0 0 0 0 0 0 0 0 2 2
8 8 0 2 2 0 0 0 2 0 0 2
8 8 8 2 2 0 2 0 2 2 0 2
8 8 8 2 2 2 2 2 2 2 2 2
Output:
8 8 8 8 8 8 8 8 8 8 8 8
8 8 0 8 8 3 8 3 0 0 8 2
8 8 0 0 8 3 8 3 0 0 8 2
8 0 0 0 0 3 0 3 0 0 2 2
8 8 0 0 0 3 0 3 0 0 0 2
8 3 3 3 3 3 3 3 3 3 3 2
8 3 3 3 3 3 3 3 3 3 3 2
8 8 0 0 0 3 0 3 0 0 2 2
8 0 0 0 0 3 0 3 0 0 2 2
8 8 0 2 2 3 0 3 2 0 0 2
8 8 8 2 2 3 2 3 2 2 0 2
8 8 8 2 2 2 2 2 2 2 2 2

Example 7:

Input:
8 8 2 2 2 2 2 2 2 2 2 2 2 2
8 0 0 2 0 2 2 2 2 2 2 2 2 2
8 0 0 2 0 0 0 2 2 2 2 0 0 2
8 0 0 0 0 0 0 0 0 0 0 0 0 2
8 0 0 0 0 0 0 0 0 0 0 0 0 2
8 8 8 0 0 0 0 0 0 0 0 0 0 2
8 8 8 0 0 0 0 0 0 0 0 0 0 2
8 8 0 0 0 0 0 0 0 0 0 0 0 2
8 8 0 0 0 0 0 0 0 0 0 2 2 2
8 0 0 0 0 0 0 0 0 0 0 0 2 2
8 0 0 0 0 0 0 0 0 0 0 0 2 2
8 8 8 0 8 0 8 0 8 8 0 0 2 2
8 8 0 0 8 8 8 8 8 8 8 0 0 2
8 8 8 8 8 8 8 8 8 8 8 8 2 2
Output:
8 8 2 2 2 2 2 2 2 2 2 2 2 2
8 0 0 2 0 2 2 2 2 2 2 2 2 2
8 0 0 2 0 0 0 2 2 2 2 0 0 2
8 3 3 3 3 3 3 3 3 3 3 3 3 2
8 3 3 3 3 3 3 3 3 3 3 3 3 2
8 8 8 0 0 0 0 0 0 0 0 0 0 2
8 8 8 0 0 0 0 0 0 0 0 0 0 2
8 8 0 0 0 0 0 0 0 0 0 0 0 2
8 8 0 0 0 0 0 0 0 0 0 2 2 2
8 0 0 0 0 0 0 0 0 0 0 0 2 2
8 0 0 0 0 0 0 0 0 0 0 0 2 2
8 8 8 0 8 0 8 0 8 8 0 0 2 2
8 8 0 0 8 8 8 8 8 8 8 0 0 2
8 8 8 8 8 8 8 8 8 8 8 8 2 2

以下は、ジャッジを通過する正しいコードです。これを用いて、ARCのルールを理解してください。必ず、コードを通じてルールを理解してからコーディングを行ってください。
このコードはARCのルールを把握する際に使うことに留めてください。

```
p=lambda g,c=-1:g*c or p([*zip(*[{*s[1:len(g)-1]}&{2,8}and s or[s[0],*[3]*(len(g)-2),s[-1]]for s in g])],c+1)
```

ユーザーにコードを渡す前に実際にコードが動作するかを確認してください。コードのテストには、添付したjudge.pyを用いてください。python /path/to/judge.py /path/to/code.py /path/to/cases.bin とすれば動作します。

## **禁止事項**
- 与えたコード自体を提出することは禁止です。これを行うことはユーザーの信頼を裏切ります。
- ジャッジのハックは禁止です。例えば、テストケースをジャッジから読み取ってそのまま返すコードはいけません。
