ARCのケースに対して、list[list[int]] -> list[list[int]] のシグネチャを持つ関数`p`をPythonで実装してください。つまり、`def p(g):...` か `p=lambda g:...`というコードが期待されます。
コードはshortcodingのcompetitionに用いるため、アルゴリズムを工夫してできる限り短いコードを生成するよう努めてください。

Example 0:

Input:
0 0 0 0 4 0 0 0 0 0 0 0 4
0 0 0 0 0 0 0 0 0 0 0 0 0
2 2 2 2 2 2 2 0 0 0 0 0 0
2 0 0 0 0 0 2 0 0 0 2 2 2
2 4 0 0 0 0 2 0 0 0 2 0 2
2 0 0 0 0 0 2 0 0 0 2 0 2
2 0 0 0 4 0 2 0 0 0 2 2 2
2 0 0 0 0 0 2 0 0 0 0 0 0
2 2 2 2 2 2 2 0 0 0 0 0 0
0 0 0 0 4 0 0 0 0 0 4 0 0
0 0 0 0 0 0 0 0 0 4 0 0 0
0 0 0 0 0 0 0 0 0 0 0 0 0
0 0 0 0 4 0 0 0 0 0 0 4 0
Output:
4 4 4 4 4 4 4
4 0 0 0 0 0 4
4 4 0 0 0 0 4
4 0 0 0 0 0 4
4 0 0 0 4 0 4
4 0 0 0 0 0 4
4 4 4 4 4 4 4

Example 1:

Input:
0 0 0 0 0 0 0 0 0 0 0 0 0 3 0 0
0 0 0 0 3 0 0 0 0 0 0 0 0 0 0 0
0 0 0 3 0 0 0 0 1 1 1 1 1 1 1 0
0 0 0 0 0 0 0 0 1 0 0 3 0 0 1 0
0 3 0 0 0 3 0 0 1 0 0 0 0 0 1 0
0 0 0 0 0 0 3 0 1 3 0 3 0 0 1 0
0 0 0 0 0 0 0 0 1 0 0 0 0 0 1 0
0 1 1 1 1 1 1 0 1 1 1 1 1 1 1 0
0 1 0 0 0 0 1 0 0 0 0 0 0 0 0 0
0 1 0 0 0 3 1 0 0 0 0 0 0 0 0 0
0 1 0 0 0 0 1 0 0 0 0 0 0 0 0 0
3 1 1 1 1 1 1 0 0 0 0 3 0 0 0 0
3 0 0 0 0 0 0 3 0 0 3 3 0 0 0 0
Output:
3 3 3 3 3 3 3
3 0 0 3 0 0 3
3 0 0 0 0 0 3
3 3 0 3 0 0 3
3 0 0 0 0 0 3
3 3 3 3 3 3 3

Example 2:

Input:
0 0 0 0 0 0 0 0 2 0 0 0 0 0 0 0
0 3 3 3 3 3 3 3 0 0 2 0 0 0 0 0
0 3 0 2 0 2 0 3 0 0 0 0 0 0 0 0
0 3 0 0 0 0 0 3 0 0 3 3 3 3 0 0
0 3 0 0 0 0 0 3 2 0 3 0 2 3 0 0
0 3 0 2 0 0 0 3 0 0 3 0 0 3 0 0
0 3 0 0 0 0 2 3 0 0 3 0 0 3 0 0
0 3 3 3 3 3 3 3 0 0 3 3 3 3 0 0
0 0 0 0 0 0 0 0 0 0 0 0 0 0 0 0
0 0 0 0 0 0 0 0 0 0 0 0 2 0 0 0
0 0 0 3 3 3 0 2 0 0 0 0 0 0 0 2
0 0 0 3 0 3 0 0 0 0 0 0 0 0 0 0
0 0 0 3 0 3 0 0 0 0 0 2 0 0 0 0
0 0 2 3 3 3 0 0 0 0 0 0 0 0 0 0
0 0 0 0 0 0 0 0 2 0 0 0 0 0 0 0
Output:
2 2 2 2 2 2 2
2 0 2 0 2 0 2
2 0 0 0 0 0 2
2 0 0 0 0 0 2
2 0 2 0 0 0 2
2 0 0 0 0 2 2
2 2 2 2 2 2 2

Example 3:

Input:
0 0 0 0 0 0 0 0 0 0 0 0 0 0 8 0 0
0 0 0 0 1 1 1 1 1 1 1 1 0 0 0 0 0
1 1 1 0 1 0 8 0 8 0 0 1 8 0 0 0 0
1 0 1 0 1 0 0 0 0 0 0 1 8 0 8 0 0
1 1 1 0 1 0 0 0 0 0 0 1 0 0 8 0 0
0 0 0 0 1 0 0 0 0 0 0 1 0 0 0 0 0
0 0 0 0 1 0 8 0 0 0 0 1 0 0 0 0 8
0 0 0 0 1 0 0 0 0 8 0 1 0 0 0 0 0
0 0 0 0 1 1 1 1 1 1 1 1 0 8 0 0 0
0 8 0 0 0 0 0 0 0 0 0 0 0 0 0 0 0
0 0 0 0 0 8 0 0 0 0 0 0 0 0 0 0 0
0 8 0 0 0 0 0 0 0 0 1 1 1 1 1 1 0
0 0 0 0 0 0 0 0 0 0 1 0 0 0 0 1 0
0 0 0 0 0 8 0 0 0 0 1 8 0 8 0 1 0
0 0 0 8 8 0 0 8 0 0 1 0 0 0 0 1 0
0 0 0 0 0 0 0 0 0 0 1 1 1 1 1 1 0
0 0 0 0 0 0 0 0 8 8 0 0 0 0 0 0 8
Output:
8 8 8 8 8 8 8 8
8 0 8 0 8 0 0 8
8 0 0 0 0 0 0 8
8 0 0 0 0 0 0 8
8 0 0 0 0 0 0 8
8 0 8 0 0 0 0 8
8 0 0 0 0 8 0 8
8 8 8 8 8 8 8 8

Example 4:

Input:
0 0 0 0 0 0 0 0 3 3 3 3 3 0 1 0
0 0 0 0 0 0 0 0 3 1 0 0 3 1 0 0
0 0 0 0 0 0 0 0 3 0 0 1 3 0 0 0
0 0 0 0 0 0 0 0 3 1 0 0 3 0 0 0
0 0 0 0 1 0 1 0 3 0 0 1 3 0 0 1
0 0 0 0 0 0 0 0 3 0 0 0 3 0 0 0
0 0 0 0 0 0 0 0 3 3 3 3 3 0 0 0
0 0 3 3 3 3 1 0 1 1 0 0 0 0 0 0
0 0 3 0 0 3 1 3 3 3 0 0 0 0 0 0
0 0 3 1 0 3 0 3 1 3 0 0 0 0 0 0
0 0 3 0 1 3 0 3 3 3 0 0 0 0 0 0
0 0 3 3 3 3 0 0 0 0 0 0 0 0 0 0
Output:
1 1 1 1 1
1 1 0 0 1
1 0 0 1 1
1 1 0 0 1
1 0 0 1 1
1 0 0 0 1
1 1 1 1 1

Example 5:

Input:
0 0 0 0 0 0 0 0 0 0 0 0
0 0 0 0 0 0 0 0 0 0 0 0
4 4 4 4 4 0 0 0 0 0 0 0
4 0 0 0 4 0 4 4 4 4 4 4
4 0 0 0 4 0 4 0 0 0 0 4
4 0 0 0 4 7 4 0 0 7 0 4
4 0 0 0 4 0 4 7 7 0 0 4
4 4 4 4 4 0 4 0 0 0 0 4
0 0 0 0 7 0 4 0 0 7 0 4
0 0 0 0 0 0 4 4 4 4 4 4
0 7 0 0 0 0 7 0 0 0 0 0
0 0 0 0 0 0 0 0 0 0 0 0
0 0 0 0 0 0 0 0 7 0 0 0
0 0 0 0 7 0 0 0 0 0 0 0
Output:
7 7 7 7 7 7
7 0 0 0 0 7
7 0 0 7 0 7
7 7 7 0 0 7
7 0 0 0 0 7
7 0 0 7 0 7
7 7 7 7 7 7

Example 6:

Input:
0 0 0 0 0 0 0 0 0 0 0 0
6 6 0 6 0 0 0 0 0 0 0 0
0 0 0 0 0 0 0 0 0 0 0 0
0 6 6 0 0 0 0 0 0 0 0 0
0 1 1 1 1 1 1 1 0 0 0 0
0 1 0 6 0 0 0 1 0 0 0 0
0 1 1 1 1 1 1 1 0 0 0 0
0 6 0 0 0 0 0 0 0 0 0 6
6 0 0 0 0 0 0 0 0 0 0 0
0 0 0 0 0 0 0 0 0 0 0 6
0 1 1 1 1 1 1 1 1 0 0 0
0 1 6 0 0 0 0 0 1 0 0 0
0 1 0 6 6 0 0 0 1 0 0 0
0 1 1 1 1 1 1 1 1 6 0 0
0 6 0 0 0 0 0 0 0 0 0 6
Output:
6 6 6 6 6 6 6 6
6 6 0 0 0 0 0 6
6 0 6 6 0 0 0 6
6 6 6 6 6 6 6 6

Example 7:

Input:
0 0 0 0 0 0 0 0 0 0 0 0 0 0
0 0 1 1 1 1 1 1 1 0 0 0 0 0
0 0 1 0 6 0 0 0 1 0 0 0 0 0
6 0 1 0 0 6 0 0 1 0 0 0 0 0
0 0 1 6 0 6 0 0 1 0 0 0 0 0
0 6 1 1 1 1 1 1 1 0 0 0 6 0
0 0 0 0 0 0 0 0 0 0 0 6 6 0
0 0 0 0 0 0 1 1 1 1 0 0 0 0
0 0 6 0 0 0 1 6 6 1 0 0 0 0
0 0 6 0 0 0 1 6 0 1 0 6 0 0
0 0 0 0 0 0 1 1 1 1 0 0 0 0
0 0 0 0 0 6 0 0 0 0 0 0 0 0
0 0 0 0 0 0 6 0 0 0 0 0 0 0
0 0 0 0 0 0 0 0 0 0 0 0 0 0
0 0 0 0 0 0 0 0 0 0 0 0 0 0
0 0 0 0 0 0 0 0 0 0 0 0 0 6
0 0 0 0 0 0 0 0 0 0 6 0 0 0
0 0 0 0 0 0 0 0 0 0 0 0 0 0
Output:
6 6 6 6 6 6 6
6 0 6 0 0 0 6
6 0 0 6 0 0 6
6 6 0 6 0 0 6
6 6 6 6 6 6 6

以下は、ジャッジを通過する正しいコードです。これを用いて、ARCのルールを理解してください。必ず、コードを通じてルールを理解してからコーディングを行ってください。
このコードはARCのルールを把握する際に使うことに留めてください。

```
p=lambda g:[[v and sum({*sum(g,[])})-t[0]for v in t]for t in max((m,s)for(m,s)in(((r-l)*(d-u),[t[l:r]for t in g[u:d]])for d in range(len(g)+1)for u in range(d)for r in range(len(g[u])+1)for l in range(r))if 0<min(s[-1]+s[0]+[min(t[0],t[-1])for t in s]))[1]]
```

ユーザーにコードを渡す前に実際にコードが動作するかを確認してください。コードのテストには、添付したjudge.pyを用いてください。python /path/to/judge.py /path/to/code.py /path/to/cases.bin とすれば動作します。

## **禁止事項**
- 与えたコード自体を提出することは禁止です。これを行うことはユーザーの信頼を裏切ります。
- ジャッジのハックは禁止です。例えば、テストケースをジャッジから読み取ってそのまま返すコードはいけません。
