ARCのケースに対して、list[list[int]] -> list[list[int]] のシグネチャを持つ関数`p`をPythonで実装してください。つまり、`def p(g):...` か `p=lambda g:...`というコードが期待されます。
コードはshortcodingのcompetitionに用いるため、アルゴリズムを工夫してできる限り短いコードを生成するよう努めてください。

Example 0:

Input:
1 1 1 0 0 0 0 0 0 0
1 0 1 0 0 0 0 1 0 0
1 1 1 0 0 0 1 1 1 0
0 0 0 0 0 0 0 1 0 0
0 1 0 0 0 0 0 0 0 0
1 1 1 0 0 0 0 0 0 0
0 1 0 1 1 1 0 0 0 0
0 0 0 1 0 1 0 0 1 1
0 0 0 1 1 1 0 0 0 0
0 0 0 0 0 0 0 0 0 0
Output:
0 2 0 0 0 0 0 0 0 0
2 2 2 0 0 0 0 1 0 0
0 2 0 0 0 0 1 1 1 0
0 0 0 0 0 0 0 1 0 0
0 1 0 0 0 0 0 0 0 0
1 1 1 0 0 0 0 0 0 0
0 1 0 0 2 0 0 0 0 0
0 0 0 2 2 2 0 0 1 1
0 0 0 0 2 0 0 0 0 0
0 0 0 0 0 0 0 0 0 0

Example 1:

Input:
0 0 0 0 1 1 1 0 0 0
1 1 0 0 1 0 1 0 0 0
1 1 0 0 1 1 1 0 0 0
0 0 0 0 0 0 0 0 1 0
0 0 0 0 0 0 0 1 1 1
0 1 1 1 0 0 0 0 1 0
0 1 0 1 0 0 0 0 0 0
0 1 1 1 0 0 1 0 0 0
0 0 0 0 0 0 1 1 1 0
0 0 0 0 0 0 0 0 0 0
Output:
0 0 0 0 0 2 0 0 0 0
1 1 0 0 2 2 2 0 0 0
1 1 0 0 0 2 0 0 0 0
0 0 0 0 0 0 0 0 1 0
0 0 0 0 0 0 0 1 1 1
0 0 2 0 0 0 0 0 1 0
0 2 2 2 0 0 0 0 0 0
0 0 2 0 0 0 1 0 0 0
0 0 0 0 0 0 1 1 1 0
0 0 0 0 0 0 0 0 0 0

Example 2:

Input:
0 0 0 0 0 0 0 0 1 0
0 0 0 0 0 0 0 1 1 1
0 1 1 1 0 0 0 0 1 0
0 1 0 1 0 0 0 0 0 0
0 1 1 1 0 0 0 0 0 0
0 0 0 0 0 0 0 0 0 0
0 0 0 0 0 0 1 1 0 0
0 1 1 1 0 0 0 0 0 0
0 1 0 1 0 0 0 0 1 1
0 1 1 1 0 0 0 0 1 1
Output:
0 0 0 0 0 0 0 0 1 0
0 0 0 0 0 0 0 1 1 1
0 0 2 0 0 0 0 0 1 0
0 2 2 2 0 0 0 0 0 0
0 0 2 0 0 0 0 0 0 0
0 0 0 0 0 0 0 0 0 0
0 0 0 0 0 0 1 1 0 0
0 0 2 0 0 0 0 0 0 0
0 2 2 2 0 0 0 0 1 1
0 0 2 0 0 0 0 0 1 1

Example 3:

Input:
1 0 0 0 0 0 1 1 1 0
1 1 1 0 0 0 1 0 1 0
0 0 0 0 0 0 1 1 1 0
0 0 0 0 0 0 0 0 0 0
0 0 0 1 1 0 0 0 0 0
0 0 0 1 1 0 0 1 1 1
0 0 0 0 0 0 0 1 0 1
0 0 0 1 1 1 0 1 1 1
0 0 0 1 0 1 0 0 0 0
0 0 0 1 1 1 0 0 0 0
Output:
1 0 0 0 0 0 0 2 0 0
1 1 1 0 0 0 2 2 2 0
0 0 0 0 0 0 0 2 0 0
0 0 0 0 0 0 0 0 0 0
0 0 0 1 1 0 0 0 0 0
0 0 0 1 1 0 0 0 2 0
0 0 0 0 0 0 0 2 2 2
0 0 0 0 2 0 0 0 2 0
0 0 0 2 2 2 0 0 0 0
0 0 0 0 2 0 0 0 0 0

Example 4:

Input:
0 0 0 0 0 0 0 0 0 0
0 0 0 1 1 1 0 1 1 1
0 0 0 1 0 1 0 1 0 1
1 1 0 1 1 1 0 1 1 1
1 1 0 0 0 0 0 0 0 0
0 0 0 0 0 0 0 0 0 0
0 1 1 1 0 0 0 0 0 0
0 1 0 1 0 0 0 0 1 1
0 1 1 1 0 0 0 0 0 0
0 0 0 0 0 0 0 0 0 0
Output:
0 0 0 0 0 0 0 0 0 0
0 0 0 0 2 0 0 0 2 0
0 0 0 2 2 2 0 2 2 2
1 1 0 0 2 0 0 0 2 0
1 1 0 0 0 0 0 0 0 0
0 0 0 0 0 0 0 0 0 0
0 0 2 0 0 0 0 0 0 0
0 2 2 2 0 0 0 0 1 1
0 0 2 0 0 0 0 0 0 0
0 0 0 0 0 0 0 0 0 0

Example 5:

Input:
0 0 0 0 0 0 0 0 1 0
0 1 0 0 0 0 0 1 1 1
0 1 1 1 0 0 0 0 1 0
0 0 0 0 0 0 0 0 0 0
0 0 0 0 0 0 1 1 0 0
0 0 0 0 0 0 1 1 0 0
0 0 0 0 0 0 0 0 0 0
0 0 0 0 1 1 1 0 0 0
0 0 0 0 1 0 1 0 0 0
0 0 0 0 1 1 1 0 1 1
Output:
0 0 0 0 0 0 0 0 1 0
0 1 0 0 0 0 0 1 1 1
0 1 1 1 0 0 0 0 1 0
0 0 0 0 0 0 0 0 0 0
0 0 0 0 0 0 1 1 0 0
0 0 0 0 0 0 1 1 0 0
0 0 0 0 0 0 0 0 0 0
0 0 0 0 0 2 0 0 0 0
0 0 0 0 2 2 2 0 0 0
0 0 0 0 0 2 0 0 1 1

Example 6:

Input:
0 0 0 0 0 0 0 0 0 0
0 0 0 0 0 0 0 0 1 1
0 1 1 0 0 0 0 0 1 1
0 0 0 0 0 1 0 0 0 0
1 1 1 0 0 1 1 1 0 0
1 0 1 0 0 0 0 0 0 0
1 1 1 0 0 0 1 1 0 0
0 0 0 0 0 0 1 1 0 0
0 0 0 0 0 0 0 0 0 0
0 0 0 0 0 0 0 0 0 0
Output:
0 0 0 0 0 0 0 0 0 0
0 0 0 0 0 0 0 0 1 1
0 1 1 0 0 0 0 0 1 1
0 0 0 0 0 1 0 0 0 0
0 2 0 0 0 1 1 1 0 0
2 2 2 0 0 0 0 0 0 0
0 2 0 0 0 0 1 1 0 0
0 0 0 0 0 0 1 1 0 0
0 0 0 0 0 0 0 0 0 0
0 0 0 0 0 0 0 0 0 0

Example 7:

Input:
0 0 0 0 0 0 0 0 0 0
0 0 0 0 1 0 0 0 0 0
0 0 0 0 1 1 1 0 1 1
0 1 1 1 0 0 0 0 0 0
0 1 0 1 0 0 0 0 0 0
0 1 1 1 0 0 0 0 0 0
0 0 0 0 0 0 0 0 0 0
1 1 0 0 1 0 0 0 0 0
1 1 0 0 1 1 1 0 0 0
0 0 0 0 0 0 0 0 0 0
Output:
0 0 0 0 0 0 0 0 0 0
0 0 0 0 1 0 0 0 0 0
0 0 0 0 1 1 1 0 1 1
0 0 2 0 0 0 0 0 0 0
0 2 2 2 0 0 0 0 0 0
0 0 2 0 0 0 0 0 0 0
0 0 0 0 0 0 0 0 0 0
1 1 0 0 1 0 0 0 0 0
1 1 0 0 1 1 1 0 0 0
0 0 0 0 0 0 0 0 0 0

以下は、ジャッジを通過する正しいコードです。これを用いて、ARCのルールを理解してください。必ず、コードを通じてルールを理解してからコーディングを行ってください。
このコードはARCのルールを把握する際に使うことに留めてください。

```
def p(g):
 c=[r[:]for r in g]
 for i in range(len(g)-2):
  for j in range(len(g[0])-2):
   if g[i][j:j+3]==[1,1,1]and g[i+1][j:j+3]==[1,0,1]and g[i+2][j:j+3]==[1,1,1]:
    for(u,v)in(0,1),(1,0),(1,1),(1,2),(2,1):c[i+u][j+v]=2
    for(u,v)in(0,0),(0,2),(2,0),(2,2):c[i+u][j+v]=0
 return c
```

ユーザーにコードを渡す前に実際にコードが動作するかを確認してください。コードのテストには、添付したstandalone_judge.pyを用いてください。python /path/to/standalone_judge.py /path/to/code.py とすれば動作します。
このPythonファイルは非常に大きなケースを含むので、あなたのコンテキストを圧迫します。そのため、このファイルを全て読んではいけません。

## **禁止事項**
- 与えたコード自体を提出することは禁止です。これを行うことはユーザーの信頼を裏切ります。
- ジャッジのハックは禁止です。例えば、テストケースをジャッジから読み取ってそのまま返すコードはいけません。
