ARCのケースに対して、list[list[int]] -> list[list[int]] のシグネチャを持つ関数`p`をPythonで実装してください。つまり、`def p(g):...` か `p=lambda g:...`というコードが期待されます。
コードはshortcodingのcompetitionに用いるため、アルゴリズムを工夫してできる限り短いコードを生成するよう努めてください。

Example 0:

Input:
1 0 0 0 1 1 1 1 0 1 1 0 1 0 1 0 1 1 1
1 0 1 0 1 1 1 1 0 0 1 1 1 1 1 1 0 1 1
1 1 1 1 0 0 1 1 0 1 0 0 0 1 0 1 0 1 0
1 0 1 1 1 1 1 1 0 1 1 1 1 1 1 1 1 1 1
1 0 1 1 0 1 1 1 0 1 1 1 1 1 1 1 1 1 1
1 1 0 1 0 1 1 0 0 0 0 1 0 1 1 0 0 0 1
1 0 0 1 1 0 1 0 0 1 1 1 1 1 1 1 0 1 0
1 1 0 0 1 1 1 1 0 1 0 1 1 1 0 1 1 1 1
0 0 0 0 0 0 0 0 0 0 0 0 0 0 0 0 0 0 0
1 1 1 0 0 1 1 1 0 1 0 0 1 1 1 1 1 1 1
1 1 0 0 1 1 0 0 0 1 1 0 0 0 1 0 1 0 1
1 0 1 0 1 0 0 1 0 1 1 1 1 0 0 1 1 1 1
Output:
1 0 0 0 1 1 1 1 2 1 1 0 1 0 1 0 1 1 1
1 0 1 0 1 1 1 1 2 0 1 1 1 1 1 1 0 1 1
1 1 1 1 0 0 1 1 2 1 0 0 0 1 0 1 0 1 0
1 0 1 1 1 1 1 1 2 1 1 1 1 1 1 1 1 1 1
1 0 1 1 0 1 1 1 2 1 1 1 1 1 1 1 1 1 1
1 1 0 1 0 1 1 0 2 0 0 1 0 1 1 0 0 0 1
1 0 0 1 1 0 1 0 2 1 1 1 1 1 1 1 0 1 0
1 1 0 0 1 1 1 1 2 1 0 1 1 1 0 1 1 1 1
2 2 2 2 2 2 2 2 2 2 2 2 2 2 2 2 2 2 2
1 1 1 0 0 1 1 1 2 1 0 0 1 1 1 1 1 1 1
1 1 0 0 1 1 0 0 2 1 1 0 0 0 1 0 1 0 1
1 0 1 0 1 0 0 1 2 1 1 1 1 0 0 1 1 1 1

Example 1:

Input:
8 8 8 8 0 8 8 8 8 8 0 0 8 8
0 8 0 0 0 0 8 8 8 8 0 8 8 8
8 8 0 8 0 8 8 8 8 8 0 0 8 8
8 0 8 8 0 8 8 0 0 8 0 8 8 0
8 8 8 8 0 8 8 0 0 0 0 8 8 8
8 8 8 0 0 8 8 0 8 0 0 8 8 8
8 0 8 8 0 8 8 8 8 8 0 0 0 8
8 8 0 0 0 8 0 0 8 8 0 0 8 8
8 0 0 8 0 8 8 8 0 8 0 8 8 8
8 8 0 8 0 8 8 8 8 8 0 0 8 0
0 8 0 8 0 0 0 0 0 0 0 8 0 8
8 8 8 8 0 8 8 8 8 8 0 0 8 0
Output:
8 8 8 8 2 8 8 8 8 8 2 0 8 8
0 8 0 0 2 0 8 8 8 8 2 8 8 8
8 8 0 8 2 8 8 8 8 8 2 0 8 8
8 0 8 8 2 8 8 0 0 8 2 8 8 0
8 8 8 8 2 8 8 0 0 0 2 8 8 8
8 8 8 0 2 8 8 0 8 0 2 8 8 8
8 0 8 8 2 8 8 8 8 8 2 0 0 8
8 8 0 0 2 8 0 0 8 8 2 0 8 8
8 0 0 8 2 8 8 8 0 8 2 8 8 8
8 8 0 8 2 8 8 8 8 8 2 0 8 0
0 8 0 8 2 0 0 0 0 0 2 8 0 8
8 8 8 8 2 8 8 8 8 8 2 0 8 0

Example 2:

Input:
3 0 3 3 3 3 3 0 3 3 3 0 3 0 3
3 0 3 0 3 3 3 0 3 0 3 0 0 3 0
0 0 0 0 0 0 0 0 0 0 0 0 0 0 0
3 0 0 3 0 0 3 3 0 3 0 3 3 0 0
3 0 3 3 3 3 3 3 3 3 0 3 3 3 3
3 0 3 3 3 3 3 3 0 0 3 3 0 3 3
0 0 3 0 3 0 3 0 3 0 0 3 3 3 0
3 0 0 3 3 3 0 0 3 0 3 3 0 0 3
3 0 3 3 3 3 3 0 3 3 3 3 3 0 3
3 0 0 3 3 0 3 3 3 3 3 3 3 3 0
3 0 3 3 3 3 3 3 0 3 3 3 0 3 3
3 0 3 3 3 0 3 0 0 3 0 3 3 3 0
0 0 0 0 0 0 0 0 0 0 0 0 0 0 0
3 0 3 0 0 3 0 3 3 0 3 3 3 3 0
3 0 0 3 0 3 3 0 3 0 3 3 0 0 3
3 0 0 3 3 3 3 3 0 3 3 0 0 3 3
0 0 3 3 0 3 3 0 0 3 0 3 0 3 0
Output:
3 2 3 3 3 3 3 0 3 3 3 0 3 0 3
3 2 3 0 3 3 3 0 3 0 3 0 0 3 0
2 2 2 2 2 2 2 2 2 2 2 2 2 2 2
3 2 0 3 0 0 3 3 0 3 0 3 3 0 0
3 2 3 3 3 3 3 3 3 3 0 3 3 3 3
3 2 3 3 3 3 3 3 0 0 3 3 0 3 3
0 2 3 0 3 0 3 0 3 0 0 3 3 3 0
3 2 0 3 3 3 0 0 3 0 3 3 0 0 3
3 2 3 3 3 3 3 0 3 3 3 3 3 0 3
3 2 0 3 3 0 3 3 3 3 3 3 3 3 0
3 2 3 3 3 3 3 3 0 3 3 3 0 3 3
3 2 3 3 3 0 3 0 0 3 0 3 3 3 0
2 2 2 2 2 2 2 2 2 2 2 2 2 2 2
3 2 3 0 0 3 0 3 3 0 3 3 3 3 0
3 2 0 3 0 3 3 0 3 0 3 3 0 0 3
3 2 0 3 3 3 3 3 0 3 3 0 0 3 3
0 2 3 3 0 3 3 0 0 3 0 3 0 3 0

Example 3:

Input:
4 0 4 0 4 4 0 0 4 4 4 4 0 4 4 4 4 4 0 4 4 0 4 0 0
4 4 4 0 0 4 0 4 4 0 4 4 4 4 4 4 0 4 4 4 4 0 4 0 0
0 0 0 0 0 0 0 0 0 0 0 0 0 0 0 0 0 0 0 0 0 0 0 0 0
4 0 4 4 4 0 0 4 4 4 4 4 0 4 4 4 4 4 4 4 4 0 4 4 0
4 4 0 4 4 4 0 0 0 0 4 4 4 4 0 4 4 4 0 4 4 0 4 4 4
4 4 4 0 4 4 0 4 4 4 4 4 4 4 4 4 4 0 4 0 4 0 4 0 4
4 0 0 4 0 4 0 4 4 4 4 4 4 0 4 0 4 4 4 0 4 0 4 4 4
4 4 4 4 4 0 0 4 0 4 0 0 4 4 0 0 4 4 4 0 0 0 0 4 0
0 4 4 0 4 4 0 4 4 0 4 4 0 4 4 0 0 4 0 4 0 0 4 0 4
4 4 4 0 4 4 0 0 4 4 4 4 4 0 0 4 0 4 4 4 0 0 4 4 4
4 0 4 4 4 0 0 4 0 4 4 0 4 4 0 4 4 0 4 4 0 0 0 0 4
4 4 0 4 0 0 0 4 4 4 0 4 4 4 4 4 4 0 4 4 4 0 4 4 4
0 0 0 0 0 0 0 0 0 0 0 0 0 0 0 0 0 0 0 0 0 0 0 0 0
0 4 4 0 0 0 0 0 4 4 4 4 0 4 4 0 0 4 4 4 4 0 0 4 4
4 4 4 4 4 4 0 4 4 4 4 0 4 0 4 4 0 4 4 4 4 0 4 4 4
4 4 4 4 4 0 0 4 0 4 0 0 4 4 4 4 4 4 4 4 0 0 4 0 4
0 4 4 4 4 4 0 4 4 4 4 4 0 4 0 4 4 0 4 4 4 0 4 4 0
0 4 4 4 4 0 0 4 4 4 0 4 0 4 0 4 4 4 4 4 4 0 0 4 4
4 4 4 0 4 4 0 0 4 0 4 4 4 4 4 4 4 4 4 4 4 0 0 0 0
4 4 0 4 4 4 0 4 4 0 4 4 4 0 4 4 4 0 4 4 0 0 0 4 4
0 0 0 0 0 0 0 0 0 0 0 0 0 0 0 0 0 0 0 0 0 0 0 0 0
4 4 4 4 0 4 0 4 0 4 4 4 0 0 0 0 4 0 4 4 4 0 4 4 4
0 4 4 4 4 4 0 4 0 4 0 4 4 0 4 4 0 4 4 0 4 0 4 4 4
4 4 4 4 4 4 0 4 4 0 0 0 0 4 4 4 0 0 4 4 4 0 4 4 0
4 0 4 0 4 4 0 4 0 0 0 4 4 4 4 4 0 4 0 4 4 0 0 4 0
4 4 0 4 0 4 0 0 4 0 4 4 0 4 4 0 0 0 4 0 4 0 4 4 4
4 0 0 4 4 4 0 4 0 4 4 4 4 4 0 4 4 4 4 0 0 0 4 4 4
Output:
4 0 4 0 4 4 2 0 4 4 4 4 0 4 4 4 4 4 0 4 4 2 4 0 0
4 4 4 0 0 4 2 4 4 0 4 4 4 4 4 4 0 4 4 4 4 2 4 0 0
2 2 2 2 2 2 2 2 2 2 2 2 2 2 2 2 2 2 2 2 2 2 2 2 2
4 0 4 4 4 0 2 4 4 4 4 4 0 4 4 4 4 4 4 4 4 2 4 4 0
4 4 0 4 4 4 2 0 0 0 4 4 4 4 0 4 4 4 0 4 4 2 4 4 4
4 4 4 0 4 4 2 4 4 4 4 4 4 4 4 4 4 0 4 0 4 2 4 0 4
4 0 0 4 0 4 2 4 4 4 4 4 4 0 4 0 4 4 4 0 4 2 4 4 4
4 4 4 4 4 0 2 4 0 4 0 0 4 4 0 0 4 4 4 0 0 2 0 4 0
0 4 4 0 4 4 2 4 4 0 4 4 0 4 4 0 0 4 0 4 0 2 4 0 4
4 4 4 0 4 4 2 0 4 4 4 4 4 0 0 4 0 4 4 4 0 2 4 4 4
4 0 4 4 4 0 2 4 0 4 4 0 4 4 0 4 4 0 4 4 0 2 0 0 4
4 4 0 4 0 0 2 4 4 4 0 4 4 4 4 4 4 0 4 4 4 2 4 4 4
2 2 2 2 2 2 2 2 2 2 2 2 2 2 2 2 2 2 2 2 2 2 2 2 2
0 4 4 0 0 0 2 0 4 4 4 4 0 4 4 0 0 4 4 4 4 2 0 4 4
4 4 4 4 4 4 2 4 4 4 4 0 4 0 4 4 0 4 4 4 4 2 4 4 4
4 4 4 4 4 0 2 4 0 4 0 0 4 4 4 4 4 4 4 4 0 2 4 0 4
0 4 4 4 4 4 2 4 4 4 4 4 0 4 0 4 4 0 4 4 4 2 4 4 0
0 4 4 4 4 0 2 4 4 4 0 4 0 4 0 4 4 4 4 4 4 2 0 4 4
4 4 4 0 4 4 2 0 4 0 4 4 4 4 4 4 4 4 4 4 4 2 0 0 0
4 4 0 4 4 4 2 4 4 0 4 4 4 0 4 4 4 0 4 4 0 2 0 4 4
2 2 2 2 2 2 2 2 2 2 2 2 2 2 2 2 2 2 2 2 2 2 2 2 2
4 4 4 4 0 4 2 4 0 4 4 4 0 0 0 0 4 0 4 4 4 2 4 4 4
0 4 4 4 4 4 2 4 0 4 0 4 4 0 4 4 0 4 4 0 4 2 4 4 4
4 4 4 4 4 4 2 4 4 0 0 0 0 4 4 4 0 0 4 4 4 2 4 4 0
4 0 4 0 4 4 2 4 0 0 0 4 4 4 4 4 0 4 0 4 4 2 0 4 0
4 4 0 4 0 4 2 0 4 0 4 4 0 4 4 0 0 0 4 0 4 2 4 4 4
4 0 0 4 4 4 2 4 0 4 4 4 4 4 0 4 4 4 4 0 0 2 4 4 4

Example 4:

Input:
0 5 5 0 0 0 5 5 0 5 0 5 0 0 5 0 5 5 0 0 5 5 5 5 0 5 0
0 0 0 0 0 0 0 0 0 0 0 0 0 0 0 0 0 0 0 0 0 0 0 0 0 0 0
5 0 5 5 5 5 5 5 5 5 5 5 5 0 5 5 0 5 5 0 5 5 5 5 0 5 5
0 0 0 0 0 0 0 0 0 0 0 0 0 0 0 0 0 0 0 0 0 0 0 0 0 0 0
5 0 0 5 5 5 5 5 5 5 5 5 5 0 5 5 5 5 5 0 0 5 5 5 5 5 5
5 5 0 5 5 5 5 5 5 5 5 0 5 0 5 5 5 5 5 0 5 5 5 0 5 5 5
5 0 5 5 5 5 5 5 0 0 5 5 5 0 0 0 5 0 5 0 5 5 5 5 5 5 5
0 5 5 5 5 5 5 5 5 5 5 5 0 0 0 5 5 5 5 0 0 5 5 5 5 0 0
5 0 0 5 5 5 5 5 0 5 0 5 5 0 0 5 5 5 5 0 5 5 5 0 5 0 5
0 0 0 0 0 0 0 0 0 0 0 0 0 0 0 0 0 0 0 0 0 0 0 0 0 0 0
5 5 5 0 5 5 5 0 5 5 5 0 5 0 5 5 5 5 5 0 5 0 5 5 5 5 0
0 5 5 0 5 5 5 5 5 0 5 0 5 0 5 5 5 5 5 0 5 0 5 0 5 5 5
Output:
0 5 5 0 0 0 5 5 0 5 0 5 0 2 5 0 5 5 0 2 5 5 5 5 0 5 0
2 2 2 2 2 2 2 2 2 2 2 2 2 2 2 2 2 2 2 2 2 2 2 2 2 2 2
5 0 5 5 5 5 5 5 5 5 5 5 5 2 5 5 0 5 5 2 5 5 5 5 0 5 5
2 2 2 2 2 2 2 2 2 2 2 2 2 2 2 2 2 2 2 2 2 2 2 2 2 2 2
5 0 0 5 5 5 5 5 5 5 5 5 5 2 5 5 5 5 5 2 0 5 5 5 5 5 5
5 5 0 5 5 5 5 5 5 5 5 0 5 2 5 5 5 5 5 2 5 5 5 0 5 5 5
5 0 5 5 5 5 5 5 0 0 5 5 5 2 0 0 5 0 5 2 5 5 5 5 5 5 5
0 5 5 5 5 5 5 5 5 5 5 5 0 2 0 5 5 5 5 2 0 5 5 5 5 0 0
5 0 0 5 5 5 5 5 0 5 0 5 5 2 0 5 5 5 5 2 5 5 5 0 5 0 5
2 2 2 2 2 2 2 2 2 2 2 2 2 2 2 2 2 2 2 2 2 2 2 2 2 2 2
5 5 5 0 5 5 5 0 5 5 5 0 5 2 5 5 5 5 5 2 5 0 5 5 5 5 0
0 5 5 0 5 5 5 5 5 0 5 0 5 2 5 5 5 5 5 2 5 0 5 0 5 5 5

Example 5:

Input:
8 8 8 0 8 8 8 0 8 8 0 8 8
8 8 0 8 8 8 8 8 8 8 0 8 8
8 0 8 8 8 8 0 8 8 8 0 8 0
8 8 8 8 8 8 8 8 8 0 0 0 0
8 8 8 8 8 0 0 8 8 8 0 0 8
0 0 8 8 8 8 8 8 8 8 0 8 8
0 8 8 8 8 8 0 8 8 8 0 8 8
8 8 8 0 8 8 8 8 8 8 0 8 0
8 8 8 8 8 8 8 8 8 8 0 0 8
8 8 0 8 8 8 0 8 8 8 0 8 8
8 8 8 0 8 8 8 0 8 8 0 8 0
8 0 8 8 8 8 8 8 0 8 0 8 8
8 8 8 8 8 8 8 0 8 8 0 8 8
8 8 0 8 8 8 0 0 0 8 0 8 8
8 0 8 8 8 8 8 8 0 0 0 8 8
8 0 8 8 0 0 0 8 8 0 0 8 0
8 0 8 8 8 8 0 8 8 8 0 0 0
0 0 0 8 8 8 8 8 8 0 0 0 8
8 8 8 8 8 0 0 8 8 8 0 0 8
8 0 8 8 8 0 8 8 8 8 0 0 8
Output:
8 8 8 0 8 8 8 0 8 8 2 8 8
8 8 0 8 8 8 8 8 8 8 2 8 8
8 0 8 8 8 8 0 8 8 8 2 8 0
8 8 8 8 8 8 8 8 8 0 2 0 0
8 8 8 8 8 0 0 8 8 8 2 0 8
0 0 8 8 8 8 8 8 8 8 2 8 8
0 8 8 8 8 8 0 8 8 8 2 8 8
8 8 8 0 8 8 8 8 8 8 2 8 0
8 8 8 8 8 8 8 8 8 8 2 0 8
8 8 0 8 8 8 0 8 8 8 2 8 8
8 8 8 0 8 8 8 0 8 8 2 8 0
8 0 8 8 8 8 8 8 0 8 2 8 8
8 8 8 8 8 8 8 0 8 8 2 8 8
8 8 0 8 8 8 0 0 0 8 2 8 8
8 0 8 8 8 8 8 8 0 0 2 8 8
8 0 8 8 0 0 0 8 8 0 2 8 0
8 0 8 8 8 8 0 8 8 8 2 0 0
0 0 0 8 8 8 8 8 8 0 2 0 8
8 8 8 8 8 0 0 8 8 8 2 0 8
8 0 8 8 8 0 8 8 8 8 2 0 8

Example 6:

Input:
0 4 4 4 4 4 4 0 4 0 4 4 0 4 4 0 0 4 4 4 4
4 4 4 4 4 4 0 4 4 0 4 4 0 4 4 4 4 4 4 4 4
0 4 4 4 4 4 4 4 4 0 4 4 0 4 0 0 4 4 4 4 4
4 4 4 4 4 4 4 4 4 0 4 4 0 0 4 0 4 4 4 0 0
4 4 4 4 4 0 0 4 4 0 0 4 0 4 4 4 4 4 4 4 4
4 4 4 0 0 4 4 4 4 0 0 4 0 4 4 4 4 0 0 4 4
4 0 4 4 4 4 4 4 4 0 0 4 0 4 4 0 4 0 4 4 0
4 4 0 4 4 4 4 4 4 0 4 4 0 4 0 4 4 4 4 4 4
0 4 4 4 4 4 4 0 4 0 0 4 0 4 4 4 4 4 0 4 0
4 0 0 4 4 4 4 4 4 0 4 0 0 4 4 4 4 4 4 4 4
0 4 4 4 4 4 4 4 0 0 4 4 0 4 0 0 4 4 4 4 0
4 4 4 0 4 0 4 4 4 0 4 4 0 4 4 4 4 4 4 4 0
4 0 4 4 4 0 4 4 4 0 0 4 0 4 4 4 4 0 0 0 0
4 4 4 4 4 4 4 4 4 0 4 4 0 4 0 0 0 0 0 4 4
4 0 4 0 0 0 4 4 4 0 0 4 0 4 0 4 4 4 4 4 4
Output:
0 4 4 4 4 4 4 0 4 2 4 4 2 4 4 0 0 4 4 4 4
4 4 4 4 4 4 0 4 4 2 4 4 2 4 4 4 4 4 4 4 4
0 4 4 4 4 4 4 4 4 2 4 4 2 4 0 0 4 4 4 4 4
4 4 4 4 4 4 4 4 4 2 4 4 2 0 4 0 4 4 4 0 0
4 4 4 4 4 0 0 4 4 2 0 4 2 4 4 4 4 4 4 4 4
4 4 4 0 0 4 4 4 4 2 0 4 2 4 4 4 4 0 0 4 4
4 0 4 4 4 4 4 4 4 2 0 4 2 4 4 0 4 0 4 4 0
4 4 0 4 4 4 4 4 4 2 4 4 2 4 0 4 4 4 4 4 4
0 4 4 4 4 4 4 0 4 2 0 4 2 4 4 4 4 4 0 4 0
4 0 0 4 4 4 4 4 4 2 4 0 2 4 4 4 4 4 4 4 4
0 4 4 4 4 4 4 4 0 2 4 4 2 4 0 0 4 4 4 4 0
4 4 4 0 4 0 4 4 4 2 4 4 2 4 4 4 4 4 4 4 0
4 0 4 4 4 0 4 4 4 2 0 4 2 4 4 4 4 0 0 0 0
4 4 4 4 4 4 4 4 4 2 4 4 2 4 0 0 0 0 0 4 4
4 0 4 0 0 0 4 4 4 2 0 4 2 4 0 4 4 4 4 4 4

Example 7:

Input:
7 7 7 7 7 0 7 7 0 7 0 7 7 7 0 7 7 0 7 0 7 7 7 7 7
7 7 0 0 0 0 7 7 7 7 0 7 7 7 7 0 7 0 7 0 7 0 7 7 7
7 7 7 7 0 0 7 0 7 7 0 7 7 7 7 7 7 0 0 7 0 7 7 7 7
7 7 7 7 7 0 0 7 7 7 0 0 7 7 7 7 7 0 7 0 7 7 7 0 7
7 7 0 7 0 0 7 7 7 7 0 0 7 7 7 7 7 0 7 7 0 7 0 7 7
7 7 7 7 7 0 7 7 7 7 0 7 7 7 7 7 7 0 7 7 0 7 7 7 7
0 0 0 0 0 0 0 0 0 0 0 0 0 0 0 0 0 0 0 0 0 0 0 0 0
7 7 7 0 7 0 0 7 0 0 0 7 0 7 7 7 7 0 7 7 0 7 0 0 7
0 7 7 7 7 0 0 7 7 7 0 7 7 7 7 7 7 0 7 0 7 7 0 7 7
7 7 0 7 7 0 7 7 7 7 0 7 7 0 7 0 7 0 7 7 7 7 7 7 7
7 7 7 7 7 0 7 7 7 7 0 7 7 7 0 7 0 0 0 0 7 7 7 7 7
7 7 0 7 7 0 7 7 0 7 0 0 0 7 7 7 0 0 7 7 7 7 7 0 7
7 0 7 0 7 0 0 0 7 7 0 7 7 7 7 7 7 0 7 7 7 7 7 7 7
0 7 7 7 0 0 0 0 7 0 0 7 7 7 0 7 7 0 7 7 7 7 7 7 0
7 7 7 0 7 0 7 7 7 0 0 7 7 7 7 7 7 0 7 7 7 0 7 7 7
7 7 7 7 7 0 7 7 7 0 0 7 0 0 7 7 0 0 7 0 7 7 7 7 7
7 7 7 7 7 0 7 7 0 7 0 7 7 0 7 7 0 0 7 7 7 7 7 7 7
7 7 7 7 7 0 7 7 0 7 0 7 7 7 7 7 0 0 7 7 0 7 7 7 7
0 7 7 7 7 0 7 7 0 7 0 0 0 7 7 7 7 0 7 0 7 7 0 7 7
0 0 7 7 7 0 0 7 7 7 0 0 7 7 7 7 7 0 7 7 7 7 7 7 7
7 7 7 7 0 0 7 7 0 7 0 7 7 7 0 7 0 0 7 7 0 7 7 7 7
7 7 7 0 7 0 7 7 0 7 0 7 7 0 7 7 0 0 7 0 7 7 7 7 7
7 7 7 0 7 0 7 7 7 7 0 7 7 7 0 7 7 0 7 7 0 7 7 7 7
7 7 7 7 7 0 7 7 7 7 0 0 0 7 7 7 0 0 7 7 7 7 7 7 0
7 0 0 0 7 0 0 7 7 7 0 0 7 7 0 0 0 0 7 7 0 7 7 7 7
Output:
7 7 7 7 7 2 7 7 0 7 2 7 7 7 0 7 7 2 7 0 7 7 7 7 7
7 7 0 0 0 2 7 7 7 7 2 7 7 7 7 0 7 2 7 0 7 0 7 7 7
7 7 7 7 0 2 7 0 7 7 2 7 7 7 7 7 7 2 0 7 0 7 7 7 7
7 7 7 7 7 2 0 7 7 7 2 0 7 7 7 7 7 2 7 0 7 7 7 0 7
7 7 0 7 0 2 7 7 7 7 2 0 7 7 7 7 7 2 7 7 0 7 0 7 7
7 7 7 7 7 2 7 7 7 7 2 7 7 7 7 7 7 2 7 7 0 7 7 7 7
2 2 2 2 2 2 2 2 2 2 2 2 2 2 2 2 2 2 2 2 2 2 2 2 2
7 7 7 0 7 2 0 7 0 0 2 7 0 7 7 7 7 2 7 7 0 7 0 0 7
0 7 7 7 7 2 0 7 7 7 2 7 7 7 7 7 7 2 7 0 7 7 0 7 7
7 7 0 7 7 2 7 7 7 7 2 7 7 0 7 0 7 2 7 7 7 7 7 7 7
7 7 7 7 7 2 7 7 7 7 2 7 7 7 0 7 0 2 0 0 7 7 7 7 7
7 7 0 7 7 2 7 7 0 7 2 0 0 7 7 7 0 2 7 7 7 7 7 0 7
7 0 7 0 7 2 0 0 7 7 2 7 7 7 7 7 7 2 7 7 7 7 7 7 7
0 7 7 7 0 2 0 0 7 0 2 7 7 7 0 7 7 2 7 7 7 7 7 7 0
7 7 7 0 7 2 7 7 7 0 2 7 7 7 7 7 7 2 7 7 7 0 7 7 7
7 7 7 7 7 2 7 7 7 0 2 7 0 0 7 7 0 2 7 0 7 7 7 7 7
7 7 7 7 7 2 7 7 0 7 2 7 7 0 7 7 0 2 7 7 7 7 7 7 7
7 7 7 7 7 2 7 7 0 7 2 7 7 7 7 7 0 2 7 7 0 7 7 7 7
0 7 7 7 7 2 7 7 0 7 2 0 0 7 7 7 7 2 7 0 7 7 0 7 7
0 0 7 7 7 2 0 7 7 7 2 0 7 7 7 7 7 2 7 7 7 7 7 7 7
7 7 7 7 0 2 7 7 0 7 2 7 7 7 0 7 0 2 7 7 0 7 7 7 7
7 7 7 0 7 2 7 7 0 7 2 7 7 0 7 7 0 2 7 0 7 7 7 7 7
7 7 7 0 7 2 7 7 7 7 2 7 7 7 0 7 7 2 7 7 0 7 7 7 7
7 7 7 7 7 2 7 7 7 7 2 0 0 7 7 7 0 2 7 7 7 7 7 7 0
7 0 0 0 7 2 0 7 7 7 2 0 7 7 0 0 0 2 7 7 0 7 7 7 7

以下は、ジャッジを通過する正しいコードです。これを用いて、ARCのルールを理解してください。必ず、コードを通じてルールを理解してからコーディングを行ってください。
このコードはARCのルールを把握する際に使うことに留めてください。

```
p=lambda g:[[v+2-2*any(s)*any(t)for(t,v)in zip(zip(*g),s)]for s in g]
```

ユーザーにコードを渡す前に実際にコードが動作するかを確認してください。コードのテストには、添付したjudge.pyを用いてください。python /path/to/judge.py /path/to/code.py /path/to/cases.bin とすれば動作します。

## **禁止事項**
- 与えたコード自体を提出することは禁止です。これを行うことはユーザーの信頼を裏切ります。
- ジャッジのハックは禁止です。例えば、テストケースをジャッジから読み取ってそのまま返すコードはいけません。
