ARCのケースに対して、list[list[int]] -> list[list[int]] のシグネチャを持つ関数`p`をPythonで実装してください。つまり、`def p(g):...` か `p=lambda g:...`というコードが期待されます。
コードはshortcodingのcompetitionに用いるため、アルゴリズムを工夫してできる限り短いコードを生成するよう努めてください。

Example 0:

Input:
4 4 4 4 4 4 4 4 4 4 4 4
4 2 2 2 2 2 2 2 2 2 2 4
4 2 1 1 1 1 1 1 1 1 2 4
4 2 1 3 3 3 3 3 3 1 2 4
4 2 1 3 5 5 5 5 3 1 2 4
4 2 1 3 5 8 8 5 3 1 2 4
4 2 1 3 5 8 8 5 3 1 2 4
4 2 1 3 5 5 5 5 3 1 2 4
4 2 1 3 3 3 3 3 3 1 2 4
4 2 1 1 1 1 1 1 1 1 2 4
4 2 2 2 2 2 2 2 2 2 2 4
4 4 4 4 4 4 4 4 4 4 4 4
Output:
8 8 8 8 8 8 8 8 8 8 8 8
8 5 5 5 5 5 5 5 5 5 5 8
8 5 3 3 3 3 3 3 3 3 5 8
8 5 3 1 1 1 1 1 1 3 5 8
8 5 3 1 2 2 2 2 1 3 5 8
8 5 3 1 2 4 4 2 1 3 5 8
8 5 3 1 2 4 4 2 1 3 5 8
8 5 3 1 2 2 2 2 1 3 5 8
8 5 3 1 1 1 1 1 1 3 5 8
8 5 3 3 3 3 3 3 3 3 5 8
8 5 5 5 5 5 5 5 5 5 5 8
8 8 8 8 8 8 8 8 8 8 8 8

Example 1:

Input:
2 2 2 2 2 2
2 1 1 1 1 2
2 1 6 6 1 2
2 1 6 6 1 2
2 1 1 1 1 2
2 2 2 2 2 2
Output:
6 6 6 6 6 6
6 1 1 1 1 6
6 1 2 2 1 6
6 1 2 2 1 6
6 1 1 1 1 6
6 6 6 6 6 6

Example 2:

Input:
8 8 8 8 8 8 8 8
8 1 1 1 1 1 1 8
8 1 2 2 2 2 1 8
8 1 2 4 4 2 1 8
8 1 2 4 4 2 1 8
8 1 2 2 2 2 1 8
8 1 1 1 1 1 1 8
8 8 8 8 8 8 8 8
Output:
4 4 4 4 4 4 4 4
4 2 2 2 2 2 2 4
4 2 1 1 1 1 2 4
4 2 1 8 8 1 2 4
4 2 1 8 8 1 2 4
4 2 1 1 1 1 2 4
4 2 2 2 2 2 2 4
4 4 4 4 4 4 4 4

Example 3:

Input:
7 7 7 7 7 7 7 7 7 7
7 2 2 2 2 2 2 2 2 7
7 2 4 4 4 4 4 4 2 7
7 2 4 1 1 1 1 4 2 7
7 2 4 1 3 3 1 4 2 7
7 2 4 1 3 3 1 4 2 7
7 2 4 1 1 1 1 4 2 7
7 2 4 4 4 4 4 4 2 7
7 2 2 2 2 2 2 2 2 7
7 7 7 7 7 7 7 7 7 7
Output:
3 3 3 3 3 3 3 3 3 3
3 1 1 1 1 1 1 1 1 3
3 1 4 4 4 4 4 4 1 3
3 1 4 2 2 2 2 4 1 3
3 1 4 2 7 7 2 4 1 3
3 1 4 2 7 7 2 4 1 3
3 1 4 2 2 2 2 4 1 3
3 1 4 4 4 4 4 4 1 3
3 1 1 1 1 1 1 1 1 3
3 3 3 3 3 3 3 3 3 3

Example 4:

Input:
8 8 8 8 8 8 8 8 8 8 8 8 8 8
8 2 2 2 2 2 2 2 2 2 2 2 2 8
8 2 4 4 4 4 4 4 4 4 4 4 2 8
8 2 4 3 3 3 3 3 3 3 3 4 2 8
8 2 4 3 7 7 7 7 7 7 3 4 2 8
8 2 4 3 7 6 6 6 6 7 3 4 2 8
8 2 4 3 7 6 5 5 6 7 3 4 2 8
8 2 4 3 7 6 5 5 6 7 3 4 2 8
8 2 4 3 7 6 6 6 6 7 3 4 2 8
8 2 4 3 7 7 7 7 7 7 3 4 2 8
8 2 4 3 3 3 3 3 3 3 3 4 2 8
8 2 4 4 4 4 4 4 4 4 4 4 2 8
8 2 2 2 2 2 2 2 2 2 2 2 2 8
8 8 8 8 8 8 8 8 8 8 8 8 8 8
Output:
5 5 5 5 5 5 5 5 5 5 5 5 5 5
5 6 6 6 6 6 6 6 6 6 6 6 6 5
5 6 7 7 7 7 7 7 7 7 7 7 6 5
5 6 7 3 3 3 3 3 3 3 3 7 6 5
5 6 7 3 4 4 4 4 4 4 3 7 6 5
5 6 7 3 4 2 2 2 2 4 3 7 6 5
5 6 7 3 4 2 8 8 2 4 3 7 6 5
5 6 7 3 4 2 8 8 2 4 3 7 6 5
5 6 7 3 4 2 2 2 2 4 3 7 6 5
5 6 7 3 4 4 4 4 4 4 3 7 6 5
5 6 7 3 3 3 3 3 3 3 3 7 6 5
5 6 7 7 7 7 7 7 7 7 7 7 6 5
5 6 6 6 6 6 6 6 6 6 6 6 6 5
5 5 5 5 5 5 5 5 5 5 5 5 5 5

Example 5:

Input:
2 2 2 2 2 2 2 2 2 2 2 2 2 2
2 8 8 8 8 8 8 8 8 8 8 8 8 2
2 8 9 9 9 9 9 9 9 9 9 9 8 2
2 8 9 5 5 5 5 5 5 5 5 9 8 2
2 8 9 5 1 1 1 1 1 1 5 9 8 2
2 8 9 5 1 3 3 3 3 1 5 9 8 2
2 8 9 5 1 3 7 7 3 1 5 9 8 2
2 8 9 5 1 3 7 7 3 1 5 9 8 2
2 8 9 5 1 3 3 3 3 1 5 9 8 2
2 8 9 5 1 1 1 1 1 1 5 9 8 2
2 8 9 5 5 5 5 5 5 5 5 9 8 2
2 8 9 9 9 9 9 9 9 9 9 9 8 2
2 8 8 8 8 8 8 8 8 8 8 8 8 2
2 2 2 2 2 2 2 2 2 2 2 2 2 2
Output:
7 7 7 7 7 7 7 7 7 7 7 7 7 7
7 3 3 3 3 3 3 3 3 3 3 3 3 7
7 3 1 1 1 1 1 1 1 1 1 1 3 7
7 3 1 5 5 5 5 5 5 5 5 1 3 7
7 3 1 5 9 9 9 9 9 9 5 1 3 7
7 3 1 5 9 8 8 8 8 9 5 1 3 7
7 3 1 5 9 8 2 2 8 9 5 1 3 7
7 3 1 5 9 8 2 2 8 9 5 1 3 7
7 3 1 5 9 8 8 8 8 9 5 1 3 7
7 3 1 5 9 9 9 9 9 9 5 1 3 7
7 3 1 5 5 5 5 5 5 5 5 1 3 7
7 3 1 1 1 1 1 1 1 1 1 1 3 7
7 3 3 3 3 3 3 3 3 3 3 3 3 7
7 7 7 7 7 7 7 7 7 7 7 7 7 7

Example 6:

Input:
6 6 6 6 6 6
6 2 2 2 2 6
6 2 8 8 2 6
6 2 8 8 2 6
6 2 2 2 2 6
6 6 6 6 6 6
Output:
8 8 8 8 8 8
8 2 2 2 2 8
8 2 6 6 2 8
8 2 6 6 2 8
8 2 2 2 2 8
8 8 8 8 8 8

Example 7:

Input:
8 8 8 8 8 8
8 2 2 2 2 8
8 2 1 1 2 8
8 2 1 1 2 8
8 2 2 2 2 8
8 8 8 8 8 8
Output:
1 1 1 1 1 1
1 2 2 2 2 1
1 2 8 8 2 1
1 2 8 8 2 1
1 2 2 2 2 1
1 1 1 1 1 1

以下は、ジャッジを通過する正しいコードです。これを用いて、ARCのルールを理解してください。必ず、コードを通じてルールを理解してからコーディングを行ってください。
このコードはARCのルールを把握する際に使うことに留めてください。

```
def p(g):
 n=len(g);a=[g[i][i]for i in range((n+1)//2)]
 for i in range(n):
  for j in range(n):g[i][j]=a[-1-min(i,j,n-1-i,n-1-j)]
 return g
```

ユーザーにコードを渡す前に実際にコードが動作するかを確認してください。コードのテストには、添付したstandalone_judge.pyを用いてください。python /path/to/standalone_judge.py /path/to/code.py とすれば動作します。
このPythonファイルは非常に大きなケースを含むので、あなたのコンテキストを圧迫します。そのため、このファイルを全て読んではいけません。

## **禁止事項**
- 与えたコード自体を提出することは禁止です。これを行うことはユーザーの信頼を裏切ります。
- ジャッジのハックは禁止です。例えば、テストケースをジャッジから読み取ってそのまま返すコードはいけません。
