ARCのケースに対して、list[list[int]] -> list[list[int]] のシグネチャを持つ関数`p`をPythonで実装してください。つまり、`def p(g):...` か `p=lambda g:...`というコードが期待されます。
コードはshortcodingのcompetitionに用いるため、アルゴリズムを工夫してできる限り短いコードを生成するよう努めてください。

Example 0:

Input:
4 4 4 4 4 4 4 2 2 2 2 2 2 2 8 8
4 4 4 4 4 4 4 4 2 2 2 2 8 8 8 8
4 4 4 4 4 4 4 4 2 2 2 2 8 8 8 8
4 4 4 4 4 4 4 2 2 2 2 2 8 8 8 8
4 4 4 4 4 4 2 2 2 2 2 2 2 8 8 8
4 4 4 4 4 4 2 2 2 2 2 2 8 8 8 8
4 4 4 4 4 4 4 2 2 2 2 2 8 8 8 8
4 4 4 4 4 4 4 2 2 2 2 2 2 8 8 8
4 4 4 4 4 2 2 2 2 2 2 2 2 2 8 8
4 4 4 4 4 2 2 2 2 2 2 2 2 2 8 8
4 4 4 4 2 2 2 2 2 2 2 2 2 8 8 8
4 4 4 4 2 2 2 2 2 2 2 2 8 8 8 8
4 4 4 4 4 2 2 2 2 2 2 2 8 8 8 8
4 4 4 4 4 4 2 2 2 2 2 2 2 8 8 8
Output:
4 2 8

Example 1:

Input:
2 2 2 2 2 2 2
2 2 2 2 2 2 2
2 2 2 2 2 2 2
2 8 8 8 2 2 8
8 8 8 8 8 8 8
8 8 8 8 8 8 8
8 8 8 5 5 8 8
5 8 5 5 5 5 5
5 5 5 5 5 5 5
Output:
2
8
5

Example 2:

Input:
6 6 6 6 6 6 6 6 6
6 6 4 4 6 6 6 6 6
6 4 4 4 6 4 6 4 4
4 4 4 4 4 4 4 4 4
4 4 4 4 4 4 4 4 4
4 4 4 4 4 4 4 4 4
4 2 2 4 4 4 2 2 4
2 2 2 2 2 2 2 2 2
2 3 2 2 2 2 2 3 3
3 3 3 3 3 3 3 3 3
3 3 3 3 3 3 3 3 3
Output:
6
4
2
3

Example 3:

Input:
3 3 3 3 2 2 2 2 2 1 1 1 8 8
3 3 3 2 2 2 2 2 1 1 1 8 8 8
3 3 3 3 3 2 2 1 1 1 8 8 8 8
3 3 3 3 3 2 2 1 1 1 1 8 8 8
3 3 3 3 2 2 2 2 2 1 1 1 8 8
3 3 3 3 3 2 2 2 2 1 1 1 1 8
3 3 3 2 2 2 2 2 1 1 1 1 8 8
3 3 3 3 2 2 2 2 1 1 1 8 8 8
3 3 3 3 2 2 2 2 1 1 1 1 8 8
3 3 3 2 2 2 2 2 2 1 1 1 8 8
3 3 3 2 2 2 2 2 2 1 1 8 8 8
3 3 3 3 2 2 2 2 1 1 1 1 8 8
3 3 3 3 3 2 2 2 1 1 1 1 8 8
3 3 3 3 3 3 2 2 2 1 1 1 8 8
Output:
3 2 1 8

Example 4:

Input:
8 8 8 8 8 8 8 8 8
8 8 8 3 3 3 8 3 8
8 8 8 3 3 3 3 3 3
8 8 3 3 3 3 3 3 3
3 8 3 3 3 3 3 3 3
3 3 3 3 3 3 3 3 3
3 3 3 3 3 3 3 3 3
3 3 3 3 3 3 3 3 3
3 3 3 3 3 3 3 3 3
3 5 3 3 5 5 5 5 5
3 5 3 3 5 5 5 5 5
5 5 5 5 5 5 5 5 5
5 5 5 5 5 5 5 5 5
5 5 5 5 5 5 5 5 5
5 5 5 5 5 5 5 5 5
Output:
8
3
5

Example 5:

Input:
6 6 6 6 6 6 6 6 6 6 6 6 6 6 6 6
6 6 6 6 6 6 6 6 6 6 6 6 6 6 6 6
6 6 6 6 6 6 6 6 6 6 6 6 6 6 6 6
6 6 6 6 6 6 6 6 6 6 6 6 6 6 6 6
6 6 6 6 6 6 6 6 6 6 6 6 6 6 6 6
6 6 6 6 6 6 6 2 2 2 6 2 6 6 2 6
6 6 6 6 2 6 2 2 2 2 2 2 2 2 2 2
6 6 6 6 2 6 2 2 2 2 2 2 2 2 2 2
2 6 6 2 2 2 2 2 2 2 2 2 2 2 2 2
2 2 2 2 2 2 2 2 2 2 2 2 2 2 2 2
2 2 2 2 2 2 2 2 2 2 2 2 2 2 2 2
2 2 2 2 2 2 2 2 2 2 2 2 2 2 2 2
2 2 2 2 2 2 2 2 2 2 2 2 2 2 2 2
2 2 2 2 2 2 2 2 2 2 2 2 2 2 2 2
2 2 2 2 2 2 2 2 2 2 2 2 2 2 2 2
2 2 2 2 2 2 8 2 2 2 2 2 2 2 2 2
8 8 2 2 2 2 8 2 2 2 2 2 2 2 2 2
8 8 8 2 8 8 8 8 2 2 2 2 2 2 2 8
8 8 8 2 8 8 8 8 2 2 2 2 8 2 2 8
8 8 8 8 8 8 8 8 8 8 8 8 8 8 8 8
8 8 8 8 8 8 8 8 8 8 8 8 8 8 8 8
8 8 8 8 8 8 8 8 8 8 8 8 8 8 8 8
8 8 8 8 8 8 8 8 8 8 8 8 8 8 8 8
8 8 8 8 8 8 8 8 8 8 8 8 8 8 8 8
Output:
6
2
8

Example 6:

Input:
8 8 8 8 8 8 8 2 2 2 2 1 1 1 1
8 8 8 8 8 8 2 2 2 2 2 1 1 1 1
8 8 8 8 8 8 2 2 2 2 2 1 1 1 1
8 8 8 8 8 8 2 2 2 2 2 1 1 1 1
8 8 8 8 8 8 8 2 2 2 2 2 1 1 1
8 8 8 8 8 2 2 2 2 2 2 2 2 1 1
8 8 8 8 8 2 2 2 2 2 2 2 2 1 1
8 8 8 8 8 2 2 2 2 2 2 2 1 1 1
8 8 8 2 2 2 2 2 2 2 2 2 2 1 1
8 8 8 2 2 2 2 2 2 2 2 2 2 1 1
8 8 8 2 2 2 2 2 2 2 2 2 2 1 1
8 8 8 8 2 2 2 2 2 2 2 2 2 1 1
8 8 8 8 8 8 2 2 2 2 2 1 1 1 1
Output:
8 2 1

Example 7:

Input:
3 3 3 3 3 3 3 3 3 3 3 3 3
3 3 3 3 3 3 3 3 3 3 3 3 3
3 3 3 3 3 3 3 3 3 3 3 3 3
1 3 3 3 3 3 3 3 1 1 1 3 3
1 3 3 3 3 1 3 3 1 1 1 1 3
1 1 3 3 3 1 3 1 1 1 1 1 3
1 1 1 1 1 1 1 1 1 1 1 1 1
1 1 1 1 1 1 1 1 1 1 1 1 1
1 1 1 1 1 1 1 1 1 1 1 1 1
1 9 1 1 1 1 1 1 1 1 1 1 1
9 9 9 1 1 1 1 1 1 1 1 1 1
9 9 9 1 1 1 9 1 9 1 1 1 1
9 9 9 9 1 1 9 9 9 9 1 1 9
9 9 9 9 9 9 9 9 9 9 9 9 9
9 9 9 9 9 9 9 9 9 9 9 9 9
9 9 9 9 9 9 9 7 9 9 9 9 9
9 9 9 9 9 9 9 7 7 9 9 9 9
9 7 9 9 9 7 7 7 7 9 9 9 9
7 7 9 7 7 7 7 7 7 7 9 9 7
7 7 7 7 7 7 7 7 7 7 7 7 7
7 7 7 7 7 7 7 7 7 7 7 7 7
Output:
3
1
9
7

以下は、ジャッジを通過する正しいコードです。これを用いて、ARCのルールを理解してください。必ず、コードを通じてルールを理解してからコーディングを行ってください。
このコードはARCのルールを把握する際に使うことに留めてください。

```
p=lambda g:[A for r in g if(A:=[(g:=[c]+g)[0]for c in r if(c in g)-1])]
```

ユーザーにコードを渡す前に実際にコードが動作するかを確認してください。コードのテストには、添付したjudge.pyを用いてください。python /path/to/judge.py /path/to/code.py /path/to/cases.bin とすれば動作します。

## **禁止事項**
- 与えたコード自体を提出することは禁止です。これを行うことはユーザーの信頼を裏切ります。
- ジャッジのハックは禁止です。例えば、テストケースをジャッジから読み取ってそのまま返すコードはいけません。
