ARCのケースに対して、list[list[int]] -> list[list[int]] のシグネチャを持つ関数`p`をPythonで実装してください。つまり、`def p(g):...` か `p=lambda g:...`というコードが期待されます。
コードはshortcodingのcompetitionに用いるため、アルゴリズムを工夫してできる限り短いコードを生成するよう努めてください。

Example 0:

Input:
0 0 0 0 0 0 0 0 0 0 0 0 0
0 0 0 0 0 0 0 0 0 0 0 0 0
2 2 2 0 0 0 0 0 0 0 0 0 0
2 3 2 3 0 3 0 3 0 3 0 3 0
2 2 2 0 0 0 0 0 0 0 0 0 0
0 0 0 0 0 0 0 0 0 0 0 0 0
0 0 0 0 0 0 0 0 0 0 0 0 0
Output:
0 0 0 0 0 0 0 0 0 0 0 0 0
0 0 0 0 0 0 0 0 0 0 0 0 0
0 0 2 2 2 0 0 0 0 0 0 0 0
0 3 2 3 2 3 0 3 0 3 0 3 0
0 0 2 2 2 0 0 0 0 0 0 0 0
0 0 0 0 0 0 0 0 0 0 0 0 0
0 0 0 0 0 0 0 0 0 0 0 0 0

Example 1:

Input:
0 0 0 0 3 0 0
0 0 0 0 0 0 0
0 0 0 0 3 0 0
0 0 0 2 2 2 0
0 0 0 2 3 2 0
0 0 0 2 2 2 0
0 0 0 0 3 0 0
0 0 0 0 0 0 0
0 0 0 0 3 0 0
0 0 0 0 0 0 0
0 0 0 0 3 0 0
0 0 0 0 0 0 0
0 0 0 0 3 0 0
Output:
0 0 0 0 3 0 0
0 0 0 0 0 0 0
0 0 0 0 3 0 0
0 0 0 0 0 0 0
0 0 0 0 3 0 0
0 0 0 2 2 2 0
0 0 0 2 3 2 0
0 0 0 2 2 2 0
0 0 0 0 3 0 0
0 0 0 0 0 0 0
0 0 0 0 3 0 0
0 0 0 0 0 0 0
0 0 0 0 3 0 0

Example 2:

Input:
0 0 3 0 0 0 0
0 2 2 2 0 0 0
0 2 3 2 0 0 0
0 2 2 2 0 0 0
0 0 3 0 0 0 0
0 0 0 0 0 0 0
0 0 3 0 0 0 0
Output:
0 0 3 0 0 0 0
0 0 0 0 0 0 0
0 0 3 0 0 0 0
0 2 2 2 0 0 0
0 2 3 2 0 0 0
0 2 2 2 0 0 0
0 0 3 0 0 0 0

Example 3:

Input:
0 0 0 0 0 0 0 0 0 0 0 0 0 0 0 0 0
0 0 0 0 0 0 0 0 0 0 0 0 0 0 0 0 0
0 0 0 0 0 0 0 0 0 0 0 0 0 0 0 0 0
0 0 0 0 0 0 0 2 2 2 0 0 0 0 0 0 0
3 0 3 0 3 0 3 2 3 2 3 0 3 0 3 0 3
0 0 0 0 0 0 0 2 2 2 0 0 0 0 0 0 0
0 0 0 0 0 0 0 0 0 0 0 0 0 0 0 0 0
Output:
0 0 0 0 0 0 0 0 0 0 0 0 0 0 0 0 0
0 0 0 0 0 0 0 0 0 0 0 0 0 0 0 0 0
0 0 0 0 0 0 0 0 0 0 0 0 0 0 0 0 0
0 0 0 0 0 0 0 0 0 2 2 2 0 0 0 0 0
3 0 3 0 3 0 3 0 3 2 3 2 3 0 3 0 3
0 0 0 0 0 0 0 0 0 2 2 2 0 0 0 0 0
0 0 0 0 0 0 0 0 0 0 0 0 0 0 0 0 0

Example 4:

Input:
0 0 0 0 0 0 0 0 0 0 0 0 0 0 0
0 0 0 0 0 0 0 0 0 0 0 0 0 0 0
0 0 0 0 0 0 0 0 0 0 0 0 0 0 0
0 0 0 0 0 0 0 0 0 0 0 0 0 0 0
0 0 0 0 0 0 0 0 0 0 0 0 0 0 0
0 0 2 2 2 0 0 0 0 0 0 0 0 0 0
0 3 2 3 2 3 0 3 0 3 0 3 0 3 0
0 0 2 2 2 0 0 0 0 0 0 0 0 0 0
Output:
0 0 0 0 0 0 0 0 0 0 0 0 0 0 0
0 0 0 0 0 0 0 0 0 0 0 0 0 0 0
0 0 0 0 0 0 0 0 0 0 0 0 0 0 0
0 0 0 0 0 0 0 0 0 0 0 0 0 0 0
0 0 0 0 0 0 0 0 0 0 0 0 0 0 0
0 0 0 0 2 2 2 0 0 0 0 0 0 0 0
0 3 0 3 2 3 2 3 0 3 0 3 0 3 0
0 0 0 0 2 2 2 0 0 0 0 0 0 0 0

Example 5:

Input:
0 0 0 0 0 3 0 0
0 0 0 0 2 2 2 0
0 0 0 0 2 3 2 0
0 0 0 0 2 2 2 0
0 0 0 0 0 3 0 0
0 0 0 0 0 0 0 0
0 0 0 0 0 3 0 0
0 0 0 0 0 0 0 0
Output:
0 0 0 0 0 3 0 0
0 0 0 0 0 0 0 0
0 0 0 0 0 3 0 0
0 0 0 0 2 2 2 0
0 0 0 0 2 3 2 0
0 0 0 0 2 2 2 0
0 0 0 0 0 3 0 0
0 0 0 0 0 0 0 0

Example 6:

Input:
0 3 0 0 0 0 0 0
2 2 2 0 0 0 0 0
2 3 2 0 0 0 0 0
2 2 2 0 0 0 0 0
0 3 0 0 0 0 0 0
0 0 0 0 0 0 0 0
0 3 0 0 0 0 0 0
0 0 0 0 0 0 0 0
Output:
0 3 0 0 0 0 0 0
0 0 0 0 0 0 0 0
0 3 0 0 0 0 0 0
2 2 2 0 0 0 0 0
2 3 2 0 0 0 0 0
2 2 2 0 0 0 0 0
0 3 0 0 0 0 0 0
0 0 0 0 0 0 0 0

Example 7:

Input:
0 0 0 0 0 0 3 0
0 0 0 0 0 0 0 0
0 0 0 0 0 0 3 0
0 0 0 0 0 2 2 2
0 0 0 0 0 2 3 2
0 0 0 0 0 2 2 2
0 0 0 0 0 0 3 0
0 0 0 0 0 0 0 0
0 0 0 0 0 0 3 0
0 0 0 0 0 0 0 0
0 0 0 0 0 0 3 0
0 0 0 0 0 0 0 0
Output:
0 0 0 0 0 0 3 0
0 0 0 0 0 0 0 0
0 0 0 0 0 0 3 0
0 0 0 0 0 0 0 0
0 0 0 0 0 0 3 0
0 0 0 0 0 2 2 2
0 0 0 0 0 2 3 2
0 0 0 0 0 2 2 2
0 0 0 0 0 0 3 0
0 0 0 0 0 0 0 0
0 0 0 0 0 0 3 0
0 0 0 0 0 0 0 0

以下は、ジャッジを通過する正しいコードです。これを用いて、ARCのルールを理解してください。必ず、コードを通じてルールを理解してからコーディングを行ってください。
このコードはARCのルールを把握する際に使うことに留めてください。

```
def p(g):
 r,c=next((i,j)for i in range(len(g))for j in range(len(g[0]))if g[i][j]==3and all(g[i+A][j+B]==2for A in(-1,0,1)for B in(-1,0,1)if A|B));l=[j for j in range(len(g[0]))if g[r][j]==3and j!=c]
 if l:m=[j for j in l if j>c]or[max(l)];C,D=r,min(m)
 else:l=[i for i in range(len(g))if g[i][c]==3and i!=r];m=[i for i in l if i>r]or[max(l)];C,D=min(m),c
 for A in-1,0,1:
  for B in-1,0,1:
   if A|B:g[r+A][c+B]=0
 for A in-1,0,1:
  for B in-1,0,1:
   if A|B:g[C+A][D+B]=2
 return g
```

ユーザーにコードを渡す前に実際にコードが動作するかを確認してください。コードのテストには、添付したstandalone_judge.pyを用いてください。python /path/to/standalone_judge.py /path/to/code.py とすれば動作します。
このPythonファイルは非常に大きなケースを含むので、あなたのコンテキストを圧迫します。そのため、このファイルを全て読んではいけません。

## **禁止事項**
- 与えたコード自体を提出することは禁止です。これを行うことはユーザーの信頼を裏切ります。
- ジャッジのハックは禁止です。例えば、テストケースをジャッジから読み取ってそのまま返すコードはいけません。
