ARCのケースに対して、list[list[int]] -> list[list[int]] のシグネチャを持つ関数`p`をPythonで実装してください。つまり、`def p(g):...` か `p=lambda g:...`というコードが期待されます。
コードはshortcodingのcompetitionに用いるため、アルゴリズムを工夫してできる限り短いコードを生成するよう努めてください。

Example 0:

Input:
8 1 2 1 4
4 4 2 4 8
3 7 2 4 8
2 7 7 8 7
8 7 7 4 8
Output:
8 7 7 4 8
2 7 7 8 7
3 7 2 4 8
4 4 2 4 8
8 1 2 1 4

Example 1:

Input:
7 3 3 1 2
1 8 2 4 1
2 7 8 7 2
7 7 4 1 8
8 1 7 7 1
Output:
8 1 7 7 1
7 7 4 1 8
2 7 8 7 2
1 8 2 4 1
7 3 3 1 2

Example 2:

Input:
2 7 4 3 4 8 3
2 3 7 1 2 3 3
8 7 4 3 2 2 4
1 1 2 1 4 4 7
2 4 3 1 1 4 1
4 8 7 4 4 8 2
7 3 8 4 3 2 8
Output:
7 3 8 4 3 2 8
4 8 7 4 4 8 2
2 4 3 1 1 4 1
1 1 2 1 4 4 7
8 7 4 3 2 2 4
2 3 7 1 2 3 3
2 7 4 3 4 8 3

Example 3:

Input:
2 8 1 3 2 4 1
4 4 1 1 4 3 4
1 1 1 1 4 7 3
1 1 2 3 8 1 3
4 1 1 1 7 8 4
3 2 8 4 1 8 4
1 4 7 1 2 3 4
Output:
1 4 7 1 2 3 4
3 2 8 4 1 8 4
4 1 1 1 7 8 4
1 1 2 3 8 1 3
1 1 1 1 4 7 3
4 4 1 1 4 3 4
2 8 1 3 2 4 1

Example 4:

Input:
1 8 4 2 7 1 3 4
7 2 1 4 4 1 1 1
2 4 1 4 1 7 1 7
7 1 2 2 1 8 2 8
4 4 3 7 1 7 1 7
2 2 1 2 7 1 1 2
7 3 1 7 4 3 4 7
2 8 3 7 4 7 4 4
Output:
2 8 3 7 4 7 4 4
7 3 1 7 4 3 4 7
2 2 1 2 7 1 1 2
4 4 3 7 1 7 1 7
7 1 2 2 1 8 2 8
2 4 1 4 1 7 1 7
7 2 1 4 4 1 1 1
1 8 4 2 7 1 3 4

Example 5:

Input:
3 7 7 8
1 2 7 7
7 4 7 7
8 4 7 4
Output:
8 4 7 4
7 4 7 7
1 2 7 7
3 7 7 8

Example 6:

Input:
4 1 1 8
3 4 8 2
4 2 3 7
2 3 3 8
Output:
2 3 3 8
4 2 3 7
3 4 8 2
4 1 1 8

Example 7:

Input:
2 8 1 3 3 3
2 8 1 2 3 7
7 3 7 1 7 7
7 7 1 7 2 1
1 3 4 7 2 3
8 2 4 7 8 7
Output:
8 2 4 7 8 7
1 3 4 7 2 3
7 7 1 7 2 1
7 3 7 1 7 7
2 8 1 2 3 7
2 8 1 3 3 3

以下は、ジャッジを通過する正しいコードです。これを用いて、ARCのルールを理解してください。必ず、コードを通じてルールを理解してからコーディングを行ってください。
このコードはARCのルールを把握する際に使うことに留めてください。

```
p=lambda j:j[::-1]
```

ユーザーにコードを渡す前に実際にコードが動作するかを確認してください。コードのテストには、添付したjudge.pyを用いてください。python /path/to/judge.py /path/to/code.py /path/to/cases.bin とすれば動作します。

## **禁止事項**
- 与えたコード自体を提出することは禁止です。これを行うことはユーザーの信頼を裏切ります。
- ジャッジのハックは禁止です。例えば、テストケースをジャッジから読み取ってそのまま返すコードはいけません。
