13
_ 1
187
c 2
164 361
d 3
137 176 343
g 11
6 30 58 74 143 152 253 288 315 464 525
i 2
15 76
j 3
43 81 83
k 9
78 91 319 331 348 367 417 468 478
key 1
148
l 7
324 337 354 386 448 473 484
s 13
211 258 296 334 340 351 357 380 399 430 461 481 487
u 8
71 122 169 329 346 476 495 505
x 3
273 322 471
y 3
238 317 466
0 1 1 1 1 1 1 0 1 1 1 1 1
1 0 1 1 1 1 1 0 1 1 1 1 1
1 1 0 1 1 1 1 0 1 1 1 1 1
1 1 1 0 1 1 1 0 1 1 1 1 1
1 1 1 1 0 1 1 0 1 1 1 1 1
1 1 1 1 1 0 1 0 1 1 1 1 1
1 1 1 1 1 1 0 0 1 1 1 1 1
0 0 0 0 0 0 0 0 0 0 0 0 0
1 1 1 1 1 1 1 0 0 1 1 1 1
1 1 1 1 1 1 1 0 1 0 1 1 1
1 1 1 1 1 1 1 0 1 1 0 1 1
1 1 1 1 1 1 1 0 1 1 1 0 1
1 1 1 1 1 1 1 0 1 1 1 1 0
