14
s 9
210 271 279 304 324 363 377 392 407
g 5
102 200 287 454 457
o 2
229 345
r 6
26 126 154 442 462 491
a 2
98 432
d 13
246 249 254 260 293 313 347 354 365 379 387 402 416
t 6
334 351 358 372 394 409
f 7
275 356 370 384 399 472 474
randrange 5
104 132 157 213 234
e 6
28 46 88 93 203 493
sample 1
175
seed 1
35
n 2
100 434
u 3
173 414 452
0 1 1 1 1 1 1 1 0 1 0 0 1 1
1 0 1 1 1 1 1 1 0 1 0 0 1 1
1 1 0 1 1 1 1 1 0 1 0 0 1 1
1 1 1 0 1 1 1 1 0 1 0 0 1 1
1 1 1 1 0 1 1 1 0 1 0 0 1 1
1 1 1 1 1 0 1 1 0 1 0 0 1 1
1 1 1 1 1 1 0 1 0 1 0 0 1 1
1 1 1 1 1 1 1 0 0 1 0 0 1 1
0 0 0 0 0 0 0 0 0 0 0 0 0 0
1 1 1 1 1 1 1 1 0 0 0 0 1 1
0 0 0 0 0 0 0 0 0 0 0 0 0 0
0 0 0 0 0 0 0 0 0 0 0 0 0 0
1 1 1 1 1 1 1 1 0 1 0 0 0 1
1 1 1 1 1 1 1 1 0 1 0 0 1 0
