11
a 2
1004 1032
b 2
1014 1034
c 3
291 935 1024
g 34
6 38 60 69 108 130 139 213 235 244 327 353 367 437 459 468 542 564 573 647 669 678 752 774 783 857 879 888 970 984 1060 1082 1127 1153
i 39
15 23 71 85 93 141 159 190 198 246 264 312 369 382 404 414 422 470 488 519 527 575 593 624 632 680 698 729 737 785 803 834 842 890 908 955 986 1006 1045
j 39
17 45 74 87 115 144 166 192 220 249 271 338 372 384 406 416 444 473 495 521 549 578 600 626 654 683 705 731 759 788 810 836 864 893 915 957 989 1016 1067
s 4
1009 1019 1026 1092
u 7
11 81 182 186 287 393 1039
v 12
400 410 511 515 616 620 721 725 826 830 931 942
x 17
168 177 273 282 497 506 602 611 707 716 812 821 917 926 975 1011 1112
y 17
161 175 266 280 490 504 595 609 700 714 805 819 910 924 972 1001 1138
0 1 1 0 1 1 1 1 0 1 1
1 0 1 0 1 1 1 1 0 1 1
1 1 0 1 1 1 1 1 1 1 1
0 0 1 0 1 1 1 1 1 1 1
1 1 1 1 0 1 1 1 1 1 1
1 1 1 1 1 0 1 1 1 1 1
1 1 1 1 1 1 0 1 0 1 1
1 1 1 1 1 1 1 0 1 1 1
0 0 1 1 1 1 0 1 0 1 1
1 1 1 1 1 1 1 1 1 0 1
1 1 1 1 1 1 1 1 1 1 0
