13
A 6
0 37 55 107 121 220
c 3
78 132 173
d 3
81 150 182
g 7
14 76 85 233 259 279 295
i 4
32 135 200 204
j 4
50 153 202 206
k 3
215 238 247
t 2
68 208
u 3
19 194 261
v 3
21 196 269
w 3
23 192 198
x 7
90 102 155 184 244 266 284
y 7
87 116 137 175 235 276 281
0 1 1 1 1 1 1 1 1 1 1 1 1
1 0 1 1 1 1 0 0 0 0 0 1 1
1 1 0 1 1 1 0 0 0 0 0 1 1
1 1 1 0 1 1 1 1 1 1 1 1 1
1 1 1 1 0 1 1 1 1 1 1 1 1
1 1 1 1 1 0 1 1 1 1 1 1 1
1 0 0 1 1 1 0 1 1 1 1 1 1
1 0 0 1 1 1 1 0 1 1 1 1 1
1 0 0 1 1 1 1 1 0 1 1 1 1
1 0 0 1 1 1 1 1 1 0 1 1 1
1 0 0 1 1 1 1 1 1 1 0 1 1
1 1 1 1 1 1 1 1 1 1 1 0 1
1 1 1 1 1 1 1 1 1 1 1 1 0
