ARCのケースに対して、list[list[int]] -> list[list[int]] のシグネチャを持つ関数`p`をPythonで実装してください。つまり、`def p(g):...` か `p=lambda g:...`というコードが期待されます。
コードはshortcodingのcompetitionに用いるため、アルゴリズムを工夫してできる限り短いコードを生成するよう努めてください。

Example 0:

Input:
3 8 7
9 3 8
7 9 3
Output:
3 8 7 0 0 0 0 0 0
9 3 8 0 0 0 0 0 0
7 9 3 0 0 0 0 0 0
0 0 0 3 8 7 0 0 0
0 0 0 9 3 8 0 0 0
0 0 0 7 9 3 0 0 0
0 0 0 0 0 0 3 8 7
0 0 0 0 0 0 9 3 8
0 0 0 0 0 0 7 9 3

Example 1:

Input:
8 6 8
3 3 8
8 8 8
Output:
8 6 8 0 0 0 8 6 8
3 3 8 0 0 0 3 3 8
8 8 8 0 0 0 8 8 8
0 0 0 0 0 0 8 6 8
0 0 0 0 0 0 3 3 8
0 0 0 0 0 0 8 8 8
8 6 8 8 6 8 8 6 8
3 3 8 3 3 8 3 3 8
8 8 8 8 8 8 8 8 8

Example 2:

Input:
6 9 9
4 6 8
9 9 8
Output:
0 0 0 6 9 9 6 9 9
0 0 0 4 6 8 4 6 8
0 0 0 9 9 8 9 9 8
0 0 0 0 0 0 0 0 0
0 0 0 0 0 0 0 0 0
0 0 0 0 0 0 0 0 0
6 9 9 6 9 9 0 0 0
4 6 8 4 6 8 0 0 0
9 9 8 9 9 8 0 0 0

Example 3:

Input:
1 1 7
7 4 1
5 1 7
Output:
1 1 7 1 1 7 0 0 0
7 4 1 7 4 1 0 0 0
5 1 7 5 1 7 0 0 0
0 0 0 0 0 0 1 1 7
0 0 0 0 0 0 7 4 1
0 0 0 0 0 0 5 1 7
0 0 0 1 1 7 0 0 0
0 0 0 7 4 1 0 0 0
0 0 0 5 1 7 0 0 0

Example 4:

Input:
8 8 8
3 8 3
8 5 8
Output:
8 8 8 8 8 8 8 8 8
3 8 3 3 8 3 3 8 3
8 5 8 8 5 8 8 5 8
0 0 0 8 8 8 0 0 0
0 0 0 3 8 3 0 0 0
0 0 0 8 5 8 0 0 0
8 8 8 0 0 0 8 8 8
3 8 3 0 0 0 3 8 3
8 5 8 0 0 0 8 5 8

Example 5:

Input:
8 8 8
2 8 8
8 2 8
Output:
8 8 8 8 8 8 8 8 8
2 8 8 2 8 8 2 8 8
8 2 8 8 2 8 8 2 8
0 0 0 8 8 8 8 8 8
0 0 0 2 8 8 2 8 8
0 0 0 8 2 8 8 2 8
8 8 8 0 0 0 8 8 8
2 8 8 0 0 0 2 8 8
8 2 8 0 0 0 8 2 8

Example 6:

Input:
1 2 2
1 8 2
8 2 1
Output:
0 0 0 1 2 2 1 2 2
0 0 0 1 8 2 1 8 2
0 0 0 8 2 1 8 2 1
0 0 0 0 0 0 1 2 2
0 0 0 0 0 0 1 8 2
0 0 0 0 0 0 8 2 1
0 0 0 1 2 2 0 0 0
0 0 0 1 8 2 0 0 0
0 0 0 8 2 1 0 0 0

Example 7:

Input:
3 3 9
7 1 9
1 7 7
Output:
0 0 0 0 0 0 0 0 0
0 0 0 0 0 0 0 0 0
0 0 0 0 0 0 0 0 0
3 3 9 0 0 0 0 0 0
7 1 9 0 0 0 0 0 0
1 7 7 0 0 0 0 0 0
0 0 0 3 3 9 3 3 9
0 0 0 7 1 9 7 1 9
0 0 0 1 7 7 1 7 7

以下は、ジャッジを通過する正しいコードです。これを用いて、ARCのルールを理解してください。必ず、コードを通じてルールを理解してからコーディングを行ってください。
このコードはARCのルールを把握する際に使うことに留めてください。

```
def p(g):s=sum(g,[]);t=max(s,key=s.count);return[[g[i%3][j%3]if g[i//3][j//3]==t else 0for j in range(9)]for i in range(9)]
```

ユーザーにコードを渡す前に実際にコードが動作するかを確認してください。コードのテストには、添付したstandalone_judge.pyを用いてください。python /path/to/standalone_judge.py /path/to/code.py とすれば動作します。
このPythonファイルは非常に大きなケースを含むので、あなたのコンテキストを圧迫します。そのため、このファイルを全て読んではいけません。

## **禁止事項**
- 与えたコード自体を提出することは禁止です。これを行うことはユーザーの信頼を裏切ります。
- ジャッジのハックは禁止です。例えば、テストケースをジャッジから読み取ってそのまま返すコードはいけません。
