ARCのケースに対して、list[list[int]] -> list[list[int]] のシグネチャを持つ関数`p`をPythonで実装してください。つまり、`def p(g):...` か `p=lambda g:...`というコードが期待されます。
コードはshortcodingのcompetitionに用いるため、アルゴリズムを工夫してできる限り短いコードを生成するよう努めてください。

Example 0:

Input:
4 4 4 4 4 4 4 4 0 0 0 0 0
4 4 4 4 4 4 4 4 0 0 0 0 0
4 4 4 6 4 4 4 4 0 0 6 0 0
4 4 4 4 4 4 4 4 0 0 0 0 0
4 4 4 4 4 6 4 4 0 0 0 0 0
4 4 4 4 4 4 4 4 0 0 0 0 0
4 4 4 4 4 4 4 4 0 0 0 0 0
8 8 8 8 8 8 8 8 1 1 1 1 1
8 8 8 8 8 8 8 8 1 1 1 1 1
8 8 8 8 8 8 8 8 1 1 1 1 1
8 8 8 8 8 6 8 8 1 1 1 1 1
8 8 8 8 8 8 8 8 1 1 1 6 1
8 8 6 8 8 8 8 8 1 1 1 1 1
8 8 8 8 8 8 8 8 1 1 1 1 1
8 8 8 8 8 8 8 8 1 1 1 1 1
8 8 8 8 8 6 8 8 1 1 1 1 1
8 8 8 8 8 8 8 8 1 1 1 1 1
Output:
8

Example 1:

Input:
3 3 3 3 3 3 3 2 2 2 2 2 2 2 2
3 3 3 3 3 3 3 2 2 2 1 2 2 1 2
3 3 3 3 3 3 3 2 2 2 2 2 2 2 2
3 3 3 3 3 3 3 2 2 1 2 2 2 2 2
3 3 1 3 3 3 3 2 2 2 2 2 2 2 2
3 3 3 3 3 3 3 2 2 2 2 2 2 2 2
3 3 3 3 3 3 3 2 2 2 2 1 2 2 2
3 3 3 3 3 3 3 2 2 2 2 2 2 2 2
3 3 3 3 3 3 3 2 2 2 2 2 2 2 2
8 8 8 8 8 8 8 8 8 8 8 8 8 8 8
8 8 8 8 8 8 8 8 8 8 8 8 8 8 8
8 8 8 8 8 8 8 8 8 8 8 8 8 8 8
8 8 8 8 8 8 8 8 8 8 8 1 8 8 8
8 8 8 8 8 8 1 8 8 8 8 8 8 8 8
8 8 8 8 8 8 8 8 8 8 8 8 8 8 8
8 8 8 8 8 8 8 8 8 8 8 8 8 8 8
Output:
2

Example 2:

Input:
1 1 1 1 1 1 1 5 5 5 5 5 5 5 5 5 5
1 4 1 1 1 1 1 5 5 5 5 5 5 5 5 5 5
1 1 1 1 1 1 1 5 5 5 5 5 5 5 5 5 5
1 1 1 4 1 1 1 5 5 5 5 5 5 5 5 5 5
1 1 1 1 1 1 1 5 5 5 5 5 5 5 5 5 5
1 1 1 1 1 1 1 5 5 5 5 4 5 5 5 5 5
1 1 4 1 1 1 1 5 5 5 5 5 5 5 5 5 5
1 1 1 1 1 1 1 5 5 5 5 5 5 5 5 5 5
0 0 0 0 0 0 0 6 6 6 6 6 6 6 6 6 6
0 0 0 0 0 0 0 6 6 6 6 6 4 6 6 6 6
0 0 0 0 0 0 0 6 6 6 6 6 6 6 6 6 6
0 0 0 0 0 0 0 6 6 6 4 6 6 6 6 4 6
0 0 0 0 0 0 0 6 6 6 6 6 6 6 6 6 6
0 0 0 0 0 0 0 6 6 6 6 6 6 6 6 6 6
0 0 0 0 0 0 0 6 6 6 6 6 6 4 6 6 6
0 0 0 0 0 0 0 6 6 6 6 6 6 6 6 6 6
Output:
6

Example 3:

Input:
1 1 1 1 1 1 1 8 8 8 8 8 8 8 8 8 8 8 8
1 1 1 1 1 1 1 8 8 8 8 8 8 8 8 8 8 8 8
1 1 1 1 1 1 1 8 8 8 8 8 8 8 8 8 8 8 8
1 1 1 1 1 1 1 8 8 8 8 8 8 8 8 8 8 8 8
1 1 1 1 1 1 1 8 8 8 8 2 8 8 8 8 8 8 8
1 1 1 1 1 1 1 8 8 8 8 8 8 8 8 8 8 8 8
1 1 1 1 1 1 1 8 8 8 8 8 8 8 8 8 8 8 8
1 1 1 1 1 1 1 8 8 8 8 8 8 8 8 8 8 8 8
1 1 1 1 1 1 1 8 8 8 8 8 8 8 8 8 8 8 8
1 1 1 1 1 1 1 4 4 4 4 4 4 4 4 4 4 4 4
1 1 1 1 1 1 1 4 4 4 4 4 4 4 4 4 4 4 4
1 1 1 1 1 1 1 4 4 4 4 4 4 4 4 4 4 4 4
1 1 1 1 1 1 1 4 4 4 4 4 4 4 4 4 4 4 4
1 1 1 1 1 1 1 4 4 2 4 4 4 4 4 4 4 4 4
1 1 1 1 1 1 1 4 4 4 4 4 2 4 4 4 4 4 4
1 1 1 1 1 1 1 4 4 4 4 4 4 4 4 4 4 4 4
Output:
4

Example 4:

Input:
3 3 3 3 3 3 3 3 3 3 3 3 3 3 3 3 3 3 3
3 3 3 3 3 3 3 4 3 3 3 3 3 3 3 3 3 3 3
3 3 3 3 3 3 3 3 3 3 3 3 3 3 3 3 3 3 3
3 3 3 3 3 3 3 3 3 3 3 3 3 3 3 3 3 3 3
2 2 2 2 2 2 2 2 2 8 8 8 8 8 8 8 8 8 8
2 4 2 2 2 2 2 4 2 8 8 8 8 8 8 8 8 8 8
2 2 2 2 2 2 2 2 2 8 8 8 8 8 8 8 8 8 8
2 2 2 2 4 2 2 2 2 8 8 8 8 8 8 8 8 8 8
2 2 4 2 2 2 2 2 2 8 8 8 8 8 8 8 8 8 8
2 2 2 2 2 2 4 2 2 8 8 8 8 8 4 8 8 8 8
2 2 2 2 2 2 2 2 2 8 8 8 8 8 8 8 8 8 8
2 2 2 2 2 2 2 2 2 8 8 8 4 8 8 8 8 8 8
1 1 1 1 1 1 1 1 1 8 8 8 8 8 8 8 8 8 8
1 1 1 1 1 1 1 1 1 8 8 8 8 8 8 8 8 8 8
1 1 1 1 1 1 1 1 1 8 8 8 8 8 4 8 8 8 8
1 1 1 1 4 1 1 1 1 8 8 8 8 8 8 8 8 8 8
1 4 1 1 1 1 1 1 1 8 8 8 8 8 8 8 8 8 8
1 1 1 1 1 1 1 1 1 8 8 8 8 8 8 8 8 8 8
Output:
2

Example 5:

Input:
2 2 2 2 2 5 2 2 2 8 8 8 8 8
2 2 2 5 2 2 5 2 2 8 8 8 8 8
2 2 2 2 2 2 2 2 2 8 8 8 8 8
2 2 2 2 2 2 2 2 2 8 8 8 8 8
2 2 2 2 2 2 2 2 2 8 8 8 8 8
2 2 2 2 2 2 5 2 2 8 8 8 8 8
2 2 2 2 2 2 2 2 2 8 8 8 8 8
2 2 2 2 2 2 2 2 2 8 8 8 8 8
2 2 2 2 2 2 2 2 2 8 8 8 8 8
2 2 2 2 2 2 2 2 2 8 8 8 8 5
0 0 0 0 0 0 0 0 0 9 9 9 5 9
0 0 0 0 0 0 0 0 0 9 5 9 9 9
0 0 0 0 0 0 0 0 0 9 9 9 5 9
0 0 0 0 0 0 0 0 0 9 9 9 9 9
0 0 0 0 0 0 0 0 0 9 9 9 9 5
0 0 0 0 0 0 0 0 0 9 5 9 9 9
0 0 0 0 0 0 0 0 0 9 9 9 9 9
0 0 0 0 0 0 0 0 0 9 9 9 9 9
Output:
9

Example 6:

Input:
9 1 1 1 1 3 3 3 3 3 3 9
9 1 9 1 1 3 3 3 3 3 3 3
1 1 1 1 1 3 3 3 3 9 3 3
1 1 1 1 1 3 3 3 3 3 3 3
1 1 1 1 1 3 3 3 3 3 3 3
1 1 1 1 1 3 3 3 3 3 3 3
1 1 1 1 1 3 3 3 3 3 3 3
1 1 1 1 9 3 3 3 9 3 3 3
1 1 1 1 1 3 3 3 3 3 3 3
9 6 6 6 6 7 7 7 7 7 7 7
6 6 6 6 6 7 7 7 7 7 7 7
6 6 6 6 6 7 7 7 7 7 7 7
6 6 6 6 6 7 7 7 7 7 7 7
9 6 6 6 6 7 7 7 7 7 7 7
6 6 6 9 6 7 7 7 7 7 7 7
6 9 6 6 6 7 7 7 7 7 7 7
6 6 6 6 6 7 7 7 7 7 7 7
6 6 6 9 6 7 7 7 7 7 7 7
Output:
6

Example 7:

Input:
5 5 5 5 5 6 6 6 6 4 6 6 6
5 5 5 5 4 6 6 6 6 6 6 6 6
5 5 5 5 5 6 6 6 4 6 4 6 6
5 5 5 5 5 6 6 6 6 6 6 6 6
5 4 5 5 5 6 6 6 6 6 6 6 4
2 2 4 2 2 3 3 3 3 3 3 3 3
2 2 2 2 2 3 3 3 3 3 3 3 3
2 2 2 2 2 4 3 3 3 3 3 3 3
2 2 2 2 2 3 3 3 4 3 3 3 3
2 2 2 2 2 4 3 3 3 3 3 3 3
Output:
6

以下は、ジャッジを通過する正しいコードです。これを用いて、ARCのルールを理解してください。必ず、コードを通じてルールを理解してからコーディングを行ってください。
このコードはARCのルールを把握する際に使うことに留めてください。

```
def p(g):
 A,*B=sorted({*sum(g,t:=[])},key=sum(g,[]).count)
 for c in B:l,*_,r=sorted(j for i in range(len(g))for j in range(len(g[0]))if g[i][j]==c);u,*_,d=sorted(i for i in range(len(g))for j in range(len(g[0]))if g[i][j]==c);t+=[(sum(s[l:r+1].count(A)for s in g[u:d+1]),c)]
 return[[max(t)[1]]]
```

ユーザーにコードを渡す前に実際にコードが動作するかを確認してください。コードのテストには、添付したstandalone_judge.pyを用いてください。python /path/to/standalone_judge.py /path/to/code.py とすれば動作します。
このPythonファイルは非常に大きなケースを含むので、あなたのコンテキストを圧迫します。そのため、このファイルを全て読んではいけません。

## **禁止事項**
- 与えたコード自体を提出することは禁止です。これを行うことはユーザーの信頼を裏切ります。
- ジャッジのハックは禁止です。例えば、テストケースをジャッジから読み取ってそのまま返すコードはいけません。
