ARCのケースに対して、list[list[int]] -> list[list[int]] のシグネチャを持つ関数`p`をPythonで実装してください。つまり、`def p(g):...` か `p=lambda g:...`というコードが期待されます。
コードはshortcodingのcompetitionに用いるため、アルゴリズムを工夫してできる限り短いコードを生成するよう努めてください。

Example 0:

Input:
4 2 2 5 0 0 0 0 0 0 0 0 0
2 6 2 5 0 1 0 0 0 0 0 0 0
6 4 4 5 0 0 0 0 0 0 0 0 0
0 0 0 5 0 0 0 0 0 0 0 0 0
0 0 0 5 0 0 0 0 1 0 0 0 0
0 0 0 5 0 0 0 0 0 0 0 0 0
0 0 0 5 0 0 0 0 0 0 0 0 0
0 0 0 5 0 0 0 0 1 0 0 0 0
0 0 0 5 0 0 0 0 0 0 0 0 0
Output:
4 2 2 5 4 2 2 0 0 0 0 0 0
2 6 2 5 2 6 2 0 0 0 0 0 0
6 4 4 5 6 4 4 0 0 0 0 0 0
0 0 0 5 0 0 0 4 2 2 0 0 0
0 0 0 5 0 0 0 2 6 2 0 0 0
0 0 0 5 0 0 0 6 4 4 0 0 0
0 0 0 5 0 0 0 4 2 2 0 0 0
0 0 0 5 0 0 0 2 6 2 0 0 0
0 0 0 5 0 0 0 6 4 4 0 0 0

Example 1:

Input:
2 7 3 5 0 0 0 0 0 0 0 0 0
2 3 3 5 0 0 0 0 1 0 0 0 0
3 7 7 5 0 0 0 0 0 0 0 0 0
0 0 0 5 0 0 0 0 0 0 0 0 0
0 0 0 5 0 1 0 0 0 0 0 1 0
0 0 0 5 0 0 0 0 0 0 0 0 0
0 0 0 5 0 0 0 0 0 0 0 0 0
0 0 0 5 0 1 0 0 1 0 0 0 0
0 0 0 5 0 0 0 0 0 0 0 0 0
Output:
2 7 3 5 0 0 0 2 7 3 0 0 0
2 3 3 5 0 0 0 2 3 3 0 0 0
3 7 7 5 0 0 0 3 7 7 0 0 0
0 0 0 5 2 7 3 0 0 0 2 7 3
0 0 0 5 2 3 3 0 0 0 2 3 3
0 0 0 5 3 7 7 0 0 0 3 7 7
0 0 0 5 2 7 3 2 7 3 0 0 0
0 0 0 5 2 3 3 2 3 3 0 0 0
0 0 0 5 3 7 7 3 7 7 0 0 0

Example 2:

Input:
3 8 6 5 0 0 0 0 0 0 0 0 0
9 8 2 5 0 1 0 0 0 0 0 1 0
9 9 9 5 0 0 0 0 0 0 0 0 0
0 0 0 5 0 0 0 0 0 0 0 0 0
0 0 0 5 0 0 0 0 1 0 0 0 0
0 0 0 5 0 0 0 0 0 0 0 0 0
0 0 0 5 0 0 0 0 0 0 0 0 0
0 0 0 5 0 0 0 0 1 0 0 1 0
0 0 0 5 0 0 0 0 0 0 0 0 0
Output:
3 8 6 5 3 8 6 0 0 0 3 8 6
9 8 2 5 9 8 2 0 0 0 9 8 2
9 9 9 5 9 9 9 0 0 0 9 9 9
0 0 0 5 0 0 0 3 8 6 0 0 0
0 0 0 5 0 0 0 9 8 2 0 0 0
0 0 0 5 0 0 0 9 9 9 0 0 0
0 0 0 5 0 0 0 3 8 6 3 8 6
0 0 0 5 0 0 0 9 8 2 9 8 2
0 0 0 5 0 0 0 9 9 9 9 9 9

Example 3:

Input:
3 3 9 5 0 0 0 0 0 0 0 0 0
8 4 4 5 0 0 0 0 1 0 0 1 0
8 9 8 5 0 0 0 0 0 0 0 0 0
0 0 0 5 0 0 0 0 0 0 0 0 0
0 0 0 5 0 1 0 0 0 0 0 1 0
0 0 0 5 0 0 0 0 0 0 0 0 0
0 0 0 5 0 0 0 0 0 0 0 0 0
0 0 0 5 0 1 0 0 1 0 0 0 0
0 0 0 5 0 0 0 0 0 0 0 0 0
Output:
3 3 9 5 0 0 0 3 3 9 3 3 9
8 4 4 5 0 0 0 8 4 4 8 4 4
8 9 8 5 0 0 0 8 9 8 8 9 8
0 0 0 5 3 3 9 0 0 0 3 3 9
0 0 0 5 8 4 4 0 0 0 8 4 4
0 0 0 5 8 9 8 0 0 0 8 9 8
0 0 0 5 3 3 9 3 3 9 0 0 0
0 0 0 5 8 4 4 8 4 4 0 0 0
0 0 0 5 8 9 8 8 9 8 0 0 0

Example 4:

Input:
2 6 3 5 0 0 0 0 0 0 0 0 0
4 8 2 5 0 0 0 0 1 0 0 0 0
3 3 2 5 0 0 0 0 0 0 0 0 0
0 0 0 5 0 0 0 0 0 0 0 0 0
0 0 0 5 0 1 0 0 0 0 0 0 0
0 0 0 5 0 0 0 0 0 0 0 0 0
0 0 0 5 0 0 0 0 0 0 0 0 0
0 0 0 5 0 0 0 0 0 0 0 0 0
0 0 0 5 0 0 0 0 0 0 0 0 0
Output:
2 6 3 5 0 0 0 2 6 3 0 0 0
4 8 2 5 0 0 0 4 8 2 0 0 0
3 3 2 5 0 0 0 3 3 2 0 0 0
0 0 0 5 2 6 3 0 0 0 0 0 0
0 0 0 5 4 8 2 0 0 0 0 0 0
0 0 0 5 3 3 2 0 0 0 0 0 0
0 0 0 5 0 0 0 0 0 0 0 0 0
0 0 0 5 0 0 0 0 0 0 0 0 0
0 0 0 5 0 0 0 0 0 0 0 0 0

Example 5:

Input:
8 4 4 5 0 0 0 0 0 0 0 0 0
8 8 8 5 0 1 0 0 1 0 0 0 0
7 8 8 5 0 0 0 0 0 0 0 0 0
0 0 0 5 0 0 0 0 0 0 0 0 0
0 0 0 5 0 1 0 0 1 0 0 1 0
0 0 0 5 0 0 0 0 0 0 0 0 0
0 0 0 5 0 0 0 0 0 0 0 0 0
0 0 0 5 0 0 0 0 1 0 0 1 0
0 0 0 5 0 0 0 0 0 0 0 0 0
Output:
8 4 4 5 8 4 4 8 4 4 0 0 0
8 8 8 5 8 8 8 8 8 8 0 0 0
7 8 8 5 7 8 8 7 8 8 0 0 0
0 0 0 5 8 4 4 8 4 4 8 4 4
0 0 0 5 8 8 8 8 8 8 8 8 8
0 0 0 5 7 8 8 7 8 8 7 8 8
0 0 0 5 0 0 0 8 4 4 8 4 4
0 0 0 5 0 0 0 8 8 8 8 8 8
0 0 0 5 0 0 0 7 8 8 7 8 8

Example 6:

Input:
8 2 2 5 0 0 0 0 0 0 0 0 0
8 6 2 5 0 0 0 0 0 0 0 0 0
6 2 8 5 0 0 0 0 0 0 0 0 0
0 0 0 5 0 0 0 0 0 0 0 0 0
0 0 0 5 0 0 0 0 1 0 0 1 0
0 0 0 5 0 0 0 0 0 0 0 0 0
0 0 0 5 0 0 0 0 0 0 0 0 0
0 0 0 5 0 0 0 0 0 0 0 1 0
0 0 0 5 0 0 0 0 0 0 0 0 0
Output:
8 2 2 5 0 0 0 0 0 0 0 0 0
8 6 2 5 0 0 0 0 0 0 0 0 0
6 2 8 5 0 0 0 0 0 0 0 0 0
0 0 0 5 0 0 0 8 2 2 8 2 2
0 0 0 5 0 0 0 8 6 2 8 6 2
0 0 0 5 0 0 0 6 2 8 6 2 8
0 0 0 5 0 0 0 0 0 0 8 2 2
0 0 0 5 0 0 0 0 0 0 8 6 2
0 0 0 5 0 0 0 0 0 0 6 2 8

Example 7:

Input:
2 2 3 5 0 0 0 0 0 0 0 0 0
9 3 2 5 0 1 0 0 1 0 0 1 0
2 9 9 5 0 0 0 0 0 0 0 0 0
0 0 0 5 0 0 0 0 0 0 0 0 0
0 0 0 5 0 1 0 0 0 0 0 0 0
0 0 0 5 0 0 0 0 0 0 0 0 0
0 0 0 5 0 0 0 0 0 0 0 0 0
0 0 0 5 0 0 0 0 1 0 0 1 0
0 0 0 5 0 0 0 0 0 0 0 0 0
Output:
2 2 3 5 2 2 3 2 2 3 2 2 3
9 3 2 5 9 3 2 9 3 2 9 3 2
2 9 9 5 2 9 9 2 9 9 2 9 9
0 0 0 5 2 2 3 0 0 0 0 0 0
0 0 0 5 9 3 2 0 0 0 0 0 0
0 0 0 5 2 9 9 0 0 0 0 0 0
0 0 0 5 0 0 0 2 2 3 2 2 3
0 0 0 5 0 0 0 9 3 2 9 3 2
0 0 0 5 0 0 0 2 9 9 2 9 9

以下は、ジャッジを通過する正しいコードです。これを用いて、ARCのルールを理解してください。必ず、コードを通じてルールを理解してからコーディングを行ってください。
このコードはARCのルールを把握する際に使うことに留めてください。

```
def p(g):
 q=range;r=[o[:]for o in g];a=[[g[i][j]for j in q(3)]for i in q(3)]
 for i in q(9):
  for j in q(4,13):
   if g[i][j]==1:
    for e in q(-1,2):
     for f in q(-1,2):
      if 0<=i+e<9and 4<=j+f<13:r[i+e][j+f]=a[e+1][f+1]
 return r
```

ユーザーにコードを渡す前に実際にコードが動作するかを確認してください。コードのテストには、添付したstandalone_judge.pyを用いてください。python /path/to/standalone_judge.py /path/to/code.py とすれば動作します。
このPythonファイルは非常に大きなケースを含むので、あなたのコンテキストを圧迫します。そのため、このファイルを全て読んではいけません。

## **禁止事項**
- 与えたコード自体を提出することは禁止です。これを行うことはユーザーの信頼を裏切ります。
- ジャッジのハックは禁止です。例えば、テストケースをジャッジから読み取ってそのまま返すコードはいけません。
