ARCのケースに対して、list[list[int]] -> list[list[int]] のシグネチャを持つ関数`p`をPythonで実装してください。つまり、`def p(g):...` か `p=lambda g:...`というコードが期待されます。
コードはshortcodingのcompetitionに用いるため、アルゴリズムを工夫してできる限り短いコードを生成するよう努めてください。

Example 0:

Input:
1 1 1 1 0 0 1 1 0 0 0 8 8 8 8 8 0 8 8 8
1 1 1 0 1 0 1 1 0 0 0 8 8 8 8 8 8 8 8 8
1 1 0 1 1 1 0 1 0 0 8 8 8 8 8 8 8 8 8 8
1 1 0 1 0 1 1 1 0 0 8 0 8 8 8 8 8 8 8 8
0 1 1 0 1 1 1 1 0 8 0 8 8 0 8 8 8 0 8 8
1 0 1 1 1 1 0 0 0 8 8 8 8 8 8 8 8 8 0 8
1 1 0 1 1 1 1 1 0 8 8 8 0 8 8 8 0 8 0 0
1 1 0 1 1 0 1 1 0 0 8 8 0 8 8 8 0 0 0 8
0 0 0 0 0 0 0 0 0 0 0 0 0 0 0 0 0 0 0 0
6 6 6 6 6 0 6 6 0 1 0 1 1 0 1 1 1 0 0 0
6 6 6 6 6 6 6 0 0 0 1 0 1 1 0 0 1 1 1 0
0 6 0 6 6 6 0 6 0 1 1 0 0 0 1 0 1 1 0 1
6 6 6 0 6 6 6 6 0 1 1 0 1 0 1 1 1 0 1 1
6 0 6 6 0 6 0 6 0 1 1 1 1 0 1 1 0 1 0 1
6 6 6 6 6 0 6 6 0 1 0 1 0 1 1 1 1 1 1 1
6 6 6 6 6 0 6 0 0 1 0 1 0 1 1 1 1 1 1 1
6 6 6 0 6 6 0 6 0 1 1 1 1 1 1 1 0 0 1 1
0 6 6 6 0 0 6 0 0 0 0 1 1 0 1 1 1 1 1 0
6 0 0 0 6 0 6 0 0 1 1 1 1 1 0 1 1 1 1 1
6 6 0 6 0 6 6 6 0 1 0 1 0 1 0 1 1 1 1 0
Output:
1 8
6 1

Example 1:

Input:
4 4 4 4 4 0 0 8 0 8 8 8 0 0 3 3 3 0 0 3 3 3
4 4 4 0 0 4 0 8 8 8 8 8 0 0 3 3 3 3 0 3 3 0
4 4 4 4 0 0 0 8 8 0 0 8 0 0 3 3 3 0 3 0 3 3
4 4 0 0 4 4 0 8 8 8 8 8 8 0 3 3 3 3 0 3 3 3
4 4 4 4 4 4 0 0 8 8 8 8 8 0 3 0 3 0 3 0 3 0
0 0 4 4 4 4 0 8 0 8 0 8 0 0 3 0 3 3 3 3 3 3
4 4 0 4 4 0 0 8 8 8 8 0 8 0 3 0 0 3 3 3 3 0
0 0 0 0 0 0 0 0 0 0 0 0 0 0 0 0 0 0 0 0 0 0
0 1 1 1 1 1 0 2 0 2 2 2 2 0 8 0 8 0 0 8 8 8
1 0 1 1 0 1 0 2 0 2 2 2 0 0 8 8 8 0 0 8 8 8
1 1 1 0 1 0 0 2 0 2 2 2 0 0 8 8 8 8 8 8 8 8
1 1 0 1 0 1 0 2 2 2 2 0 2 0 0 0 8 8 8 0 8 8
1 1 1 0 1 0 0 2 2 0 2 2 0 0 0 8 0 8 8 8 8 0
1 1 1 1 1 1 0 0 2 2 2 0 2 0 8 8 0 0 8 0 8 8
1 1 1 0 0 0 0 2 0 2 2 2 2 0 8 8 0 0 0 8 8 8
1 0 0 1 0 1 0 2 2 0 2 2 0 0 8 0 8 8 0 0 0 8
1 1 1 1 0 1 0 0 2 2 2 0 2 0 0 8 8 0 0 0 8 0
1 1 0 1 1 1 0 2 2 2 0 2 0 0 8 0 8 8 0 0 8 8
Output:
4 8 3
1 2 8

Example 2:

Input:
2 2 2 2 2 0 0 0 0 0 0 7 0 0 7 0 0
2 2 0 0 2 0 2 0 7 0 7 0 7 7 7 7 0
2 2 2 2 0 2 2 0 0 7 7 0 0 7 7 0 7
2 0 2 2 0 2 2 0 0 0 7 7 7 7 7 7 0
2 2 2 0 2 2 2 0 0 7 0 7 7 7 0 0 0
2 0 2 0 2 2 2 0 7 7 0 7 7 0 0 7 7
0 0 0 0 0 0 0 0 0 0 0 0 0 0 0 0 0
0 4 4 4 4 4 0 0 0 8 0 8 8 8 8 8 8
4 0 4 4 0 4 0 0 8 0 8 8 8 8 8 8 8
4 0 0 4 0 4 4 0 0 8 0 8 8 0 8 0 8
4 4 0 0 0 0 4 0 8 8 0 8 8 8 8 8 8
4 4 4 4 0 0 0 0 8 8 8 8 8 8 8 8 0
4 4 4 4 0 4 4 0 8 8 8 8 8 8 8 8 8
4 4 4 4 4 4 0 0 8 8 8 0 0 8 8 8 0
0 4 4 4 0 4 4 0 8 8 0 8 8 8 8 0 8
0 0 0 0 4 4 4 0 0 8 0 0 8 0 8 8 8
0 0 0 0 0 0 0 0 0 0 0 0 0 0 0 0 0
0 1 1 1 1 1 1 0 6 6 0 6 6 0 6 6 6
0 1 1 1 1 1 0 0 6 6 6 0 6 6 6 6 0
1 1 1 1 1 0 1 0 6 6 6 6 0 6 6 6 6
1 0 0 0 1 1 1 0 6 6 6 0 6 6 6 6 6
1 0 1 1 1 0 0 0 6 6 6 6 6 0 0 6 6
1 1 1 1 1 1 1 0 6 6 6 6 6 6 6 6 6
Output:
2 7
4 8
1 6

Example 3:

Input:
3 3 3 0 3 3 3 0 2 2 2 2 2 2 2 0 0 0 4 4 4 4 0 4 4 4 4 4
3 3 3 3 3 3 3 0 2 2 0 2 2 2 2 0 4 0 4 4 4 4 4 4 4 4 4 4
0 3 0 0 3 3 0 0 2 2 0 0 2 2 2 0 4 4 4 4 4 4 4 4 4 4 4 4
3 0 3 3 3 3 3 0 2 0 2 2 2 2 2 0 4 0 0 4 4 4 4 4 4 4 4 4
0 0 0 0 0 0 0 0 0 0 0 0 0 0 0 0 0 0 0 0 0 0 0 0 0 0 0 0
1 1 1 1 1 0 1 0 1 1 0 0 1 1 1 0 8 8 8 0 8 8 8 8 8 0 8 0
1 1 1 0 1 0 1 0 1 1 1 1 0 1 1 0 8 8 8 8 8 8 0 8 0 8 8 0
1 0 1 1 1 1 1 0 1 1 1 1 1 1 1 0 8 8 8 8 8 8 8 0 8 8 8 8
1 1 0 1 1 1 0 0 1 1 1 1 1 0 1 0 8 8 8 0 8 8 8 8 8 8 0 8
0 0 0 1 1 0 1 0 1 0 0 1 1 1 1 0 0 0 8 8 8 0 8 8 0 8 8 8
1 1 1 0 1 1 0 0 0 1 1 1 0 1 1 0 8 8 8 8 8 8 0 8 0 8 8 0
1 1 1 0 0 0 1 0 1 1 1 1 1 0 1 0 8 8 8 8 8 0 0 0 8 8 8 8
1 1 1 1 1 1 1 0 1 1 1 1 1 0 0 0 8 8 8 8 0 8 8 8 8 8 0 8
1 1 1 0 0 1 1 0 0 1 1 1 1 0 1 0 0 8 8 8 8 8 8 8 8 8 8 8
1 0 1 1 0 1 1 0 1 1 1 1 1 1 1 0 8 8 8 8 8 8 8 8 8 0 8 0
1 1 1 0 1 0 1 0 1 1 0 1 1 1 1 0 8 0 8 0 8 8 8 8 8 8 8 8
1 1 1 1 1 1 1 0 0 1 0 1 1 1 1 0 8 8 8 8 8 8 0 8 0 8 8 8
1 0 1 1 1 1 1 0 1 1 1 1 1 0 1 0 8 0 8 8 8 8 8 8 8 8 0 8
0 1 0 1 1 1 1 0 1 1 1 0 1 1 0 0 8 0 8 8 8 8 8 0 8 8 8 8
0 0 0 0 0 0 0 0 0 0 0 0 0 0 0 0 0 0 0 0 0 0 0 0 0 0 0 0
7 7 0 7 7 0 7 0 3 3 0 0 3 3 3 0 2 0 2 2 2 2 0 2 2 0 2 2
7 7 7 0 7 7 7 0 0 3 3 0 3 0 0 0 2 2 2 2 2 0 2 2 2 2 2 0
7 7 7 7 7 7 7 0 3 3 3 3 3 3 3 0 2 2 2 2 2 2 2 2 2 2 2 2
Output:
3 2 4
1 1 8
7 3 2

Example 4:

Input:
3 3 3 3 0 9 9 9 9 9 9 9 9 9
3 0 3 0 0 9 9 9 9 9 0 9 9 9
3 3 3 3 0 9 9 9 9 9 9 9 9 9
3 0 3 3 0 9 9 9 9 9 9 9 9 9
3 3 3 0 0 9 0 9 9 9 9 9 9 9
3 3 3 3 0 9 9 9 9 9 9 9 9 0
3 3 3 3 0 9 9 9 0 9 9 9 9 9
0 3 3 3 0 9 9 9 9 9 0 9 9 9
3 3 3 3 0 9 9 9 9 9 9 9 9 9
0 0 0 0 0 0 0 0 0 0 0 0 0 0
1 1 1 1 0 6 6 6 6 6 6 6 6 6
1 1 1 1 0 6 6 6 6 6 6 6 6 6
1 1 1 1 0 6 6 6 6 6 6 6 6 6
1 1 1 0 0 6 6 6 6 6 6 6 6 6
0 0 0 0 0 0 0 0 0 0 0 0 0 0
7 7 0 0 0 4 4 4 0 4 4 4 4 4
7 7 7 7 0 4 4 4 4 4 4 0 4 0
7 7 7 7 0 4 4 4 4 4 4 4 4 4
Output:
3 9
1 6
7 4

Example 5:

Input:
9 9 9 9 0 9 9 9 9 9 9 0 9 9 9 0 0 9 9 9 0 9 9 0 0 9 9 9
9 9 9 9 9 9 9 9 9 9 9 9 9 9 9 0 9 9 9 9 9 9 9 9 9 9 9 9
9 9 0 9 9 9 9 9 9 9 9 9 9 9 9 0 9 9 9 9 9 9 9 9 9 9 0 9
9 9 9 9 9 9 9 9 9 9 0 9 9 9 0 0 9 0 9 0 9 9 9 0 9 9 9 9
9 9 9 9 9 9 9 9 9 9 9 9 9 9 9 0 9 9 9 9 9 9 9 9 9 9 9 9
9 9 9 9 9 9 9 9 9 0 0 9 9 9 9 0 9 9 9 9 9 9 9 9 9 9 9 9
9 9 9 9 9 9 9 9 9 9 0 9 9 9 9 0 9 9 9 9 9 9 9 9 0 9 9 9
9 9 9 9 9 9 9 9 9 9 9 9 9 9 9 0 9 9 9 0 9 9 9 9 9 9 9 9
9 0 9 0 9 9 9 9 9 9 9 9 9 0 9 0 9 9 9 9 9 9 9 9 9 9 9 9
9 9 9 0 9 9 9 9 9 9 9 9 9 9 9 0 9 9 9 9 9 0 9 9 9 9 9 9
9 9 9 9 9 9 9 9 9 9 9 9 9 9 9 0 9 9 9 9 9 9 9 9 0 9 9 9
0 0 0 0 0 0 0 0 0 0 0 0 0 0 0 0 0 0 0 0 0 0 0 0 0 0 0 0
0 0 2 2 0 2 2 2 2 2 2 2 2 2 2 0 4 4 4 4 4 4 4 4 4 4 4 4
0 2 2 2 2 2 2 2 2 2 2 2 2 2 2 0 4 4 4 4 4 4 4 4 4 4 4 4
0 2 0 2 2 2 2 2 2 2 2 0 2 2 2 0 4 4 4 4 4 4 4 4 4 4 4 4
2 0 2 2 2 2 2 0 2 2 2 2 2 0 2 0 4 4 4 4 4 4 4 4 4 4 4 4
2 2 2 2 2 2 2 2 2 2 2 2 0 2 2 0 4 4 4 4 4 4 4 4 4 4 4 4
2 2 2 2 0 0 2 2 2 2 2 2 2 2 2 0 4 4 4 4 4 0 4 4 4 4 4 4
2 2 0 2 2 2 2 2 0 0 2 2 0 2 2 0 4 4 4 4 4 4 0 4 4 0 4 4
2 2 2 2 2 2 2 2 2 2 2 2 2 2 2 0 4 4 4 4 4 4 4 4 4 0 0 4
2 2 2 2 2 2 0 2 2 2 0 2 2 2 2 0 4 4 4 0 4 4 4 4 4 4 4 4
2 2 2 2 0 2 2 2 2 2 0 2 2 2 2 0 4 4 0 4 4 4 4 4 4 4 4 4
2 2 2 2 2 2 2 2 2 2 0 2 2 2 2 0 4 4 4 4 4 4 4 4 0 4 4 0
2 2 2 2 2 2 2 0 2 2 2 2 2 2 2 0 4 4 4 4 4 4 4 4 4 4 4 4
0 2 2 2 2 2 0 2 2 0 2 2 2 2 2 0 4 4 4 0 4 4 0 4 4 4 4 4
2 2 2 2 2 2 2 2 2 2 2 2 2 2 2 0 4 4 4 4 4 4 4 0 4 4 4 4
0 0 0 0 0 0 0 0 0 0 0 0 0 0 0 0 0 0 0 0 0 0 0 0 0 0 0 0
9 9 9 9 9 9 9 9 9 9 9 9 9 9 9 0 7 7 7 7 7 0 7 7 7 0 7 7
9 9 9 9 9 9 9 9 0 9 9 9 9 9 9 0 7 7 7 7 7 7 7 7 0 7 7 7
9 9 9 9 9 9 9 9 9 9 9 9 9 9 9 0 7 7 7 7 7 7 7 7 7 7 7 7
9 9 9 9 9 9 0 0 9 9 9 9 9 9 9 0 7 7 7 7 0 7 7 0 7 7 7 7
9 9 9 9 0 9 9 9 9 9 9 0 9 9 9 0 7 7 7 7 0 7 7 7 7 7 0 7
9 9 9 9 9 9 9 9 9 0 9 0 0 9 9 0 7 7 0 7 7 0 7 7 7 7 7 7
9 9 9 0 9 9 9 9 9 9 9 9 9 9 9 0 0 7 7 0 7 7 7 7 7 7 7 7
9 9 9 9 9 9 9 9 9 9 9 9 9 9 9 0 7 7 7 0 7 7 7 7 7 7 7 7
9 9 9 9 9 9 9 9 9 9 9 9 9 0 9 0 0 0 7 7 7 7 7 7 7 7 7 7
9 9 9 9 9 0 9 9 9 9 9 9 9 9 9 0 7 7 7 7 7 7 7 7 7 0 7 7
9 9 9 9 9 9 9 0 9 9 9 9 9 9 9 0 7 7 7 7 7 7 7 7 7 7 7 7
9 9 9 9 9 9 0 9 9 0 9 9 9 9 9 0 0 7 7 7 7 7 7 7 7 7 7 0
9 9 9 9 9 9 0 9 9 9 0 9 9 9 9 0 7 7 7 7 7 7 7 7 7 7 7 7
9 9 0 0 9 9 9 9 9 9 9 9 9 9 9 0 0 0 7 7 7 7 7 7 7 7 7 7
9 9 9 9 9 9 0 9 9 9 9 9 9 9 9 0 7 7 7 7 0 7 7 7 7 7 7 0
Output:
9 9
2 4
9 7

Example 6:

Input:
2 2 2 2 2 0 1 1 1 0 1 0 0 1
2 2 2 2 2 0 1 1 1 1 1 1 1 1
2 2 2 2 2 0 1 1 1 1 1 1 1 0
2 2 2 2 2 0 1 1 1 1 1 1 1 1
2 2 2 2 2 0 1 1 1 1 1 1 1 1
0 2 2 2 2 0 1 1 1 1 1 1 1 1
2 2 2 2 2 0 1 1 1 0 1 1 1 1
2 2 2 2 2 0 1 1 1 1 1 1 1 1
2 2 2 2 2 0 1 1 1 1 1 1 1 1
2 2 2 2 0 0 1 1 1 1 1 1 0 1
2 2 2 2 2 0 0 1 0 1 1 1 1 1
2 0 2 2 2 0 1 1 1 1 1 1 1 1
0 0 0 0 0 0 0 0 0 0 0 0 0 0
6 6 6 6 6 0 7 7 7 7 7 7 7 7
6 6 6 6 6 0 7 7 7 7 7 7 7 7
6 6 6 6 6 0 7 7 7 7 7 0 7 7
0 6 0 6 6 0 7 7 7 7 7 7 7 7
6 6 6 6 6 0 7 7 7 7 7 7 0 7
0 0 0 0 0 0 0 0 0 0 0 0 0 0
3 3 3 3 3 0 7 7 7 7 7 7 7 7
0 3 3 3 3 0 7 7 7 7 7 0 7 7
3 3 3 3 3 0 7 7 7 7 0 7 7 7
0 3 3 3 3 0 7 7 7 7 7 7 7 7
3 3 3 3 3 0 7 7 7 7 7 7 0 7
3 3 0 0 0 0 7 7 7 7 7 7 7 7
3 3 3 3 3 0 0 7 7 7 7 7 7 7
Output:
2 1
6 7
3 7

Example 7:

Input:
1 0 1 1 1 1 0 6 6 6 6 6 0 6 0 6 6 6 6 6 6 6 6 6 6 6 6
0 1 1 0 0 1 0 6 6 6 6 0 0 6 0 6 0 6 6 0 6 6 6 6 6 6 6
1 1 1 1 1 1 0 6 6 6 6 6 6 6 0 0 6 6 6 0 6 6 6 6 6 6 6
1 1 1 1 1 1 0 6 6 6 6 6 6 6 0 6 6 6 0 6 6 6 6 6 6 6 6
1 1 1 1 1 1 0 6 6 0 0 6 6 6 0 6 6 6 6 6 6 6 6 0 6 6 6
1 1 1 1 1 1 0 6 0 6 6 6 6 6 0 6 6 0 0 6 6 6 6 0 6 6 6
0 1 1 1 1 1 0 6 6 0 0 6 6 6 0 0 6 6 6 6 6 0 6 6 6 6 6
1 1 1 1 1 1 0 0 6 6 6 6 6 6 0 6 6 6 6 6 6 6 0 6 6 6 6
1 1 1 0 1 1 0 6 0 0 6 6 6 6 0 6 6 6 6 6 6 6 6 6 6 6 6
1 1 1 1 1 1 0 6 6 0 6 6 6 6 0 6 6 6 6 6 6 6 6 6 6 6 6
1 1 1 1 1 1 0 6 0 6 6 6 6 6 0 6 6 6 6 6 0 0 6 6 0 6 6
1 1 1 1 0 1 0 6 6 6 6 6 6 0 0 6 0 6 6 6 6 6 6 6 6 6 6
0 0 0 0 0 0 0 0 0 0 0 0 0 0 0 0 0 0 0 0 0 0 0 0 0 0 0
5 5 0 5 5 5 0 3 3 3 3 0 0 3 0 1 1 1 1 1 1 1 1 0 1 1 1
5 5 5 5 5 0 0 3 0 3 3 3 3 3 0 1 1 1 1 1 1 0 1 1 1 0 0
5 5 5 5 5 5 0 3 3 3 3 3 3 3 0 1 1 1 1 1 1 1 1 0 1 1 1
5 5 5 5 5 5 0 3 3 3 3 3 3 3 0 1 1 1 1 1 1 1 1 1 1 0 1
5 5 5 5 5 5 0 3 3 3 3 3 3 0 0 1 1 1 1 1 1 1 1 1 1 1 1
5 5 5 5 5 5 0 3 3 3 3 3 3 3 0 1 1 1 0 1 1 1 1 1 1 1 1
0 5 5 5 5 5 0 3 3 3 3 3 3 3 0 1 1 1 1 1 1 1 0 1 1 1 1
5 5 5 5 5 5 0 3 3 3 3 3 3 3 0 1 1 1 1 1 0 1 1 1 1 1 1
Output:
1 6 6
5 3 1

以下は、ジャッジを通過する正しいコードです。これを用いて、ARCのルールを理解してください。必ず、コードを通じてルールを理解してからコーディングを行ってください。
このコードはARCのルールを把握する際に使うことに留めてください。

```
def p(g):A=[-1]+[A for(A,B)in enumerate(g)if all(x==0for x in B)]+[len(g)];B=[-1]+[A for A in range(len(g[0]))if all(g[B][A]==0for B in range(len(g)))]+[len(g[0])];return[[next(g[A][B]for A in range(A+1,C)for B in range(D+1,E)if g[A][B])for(D,E)in zip(B,B[1:])]for(A,C)in zip(A,A[1:])]
```

ユーザーにコードを渡す前に実際にコードが動作するかを確認してください。コードのテストには、添付したstandalone_judge.pyを用いてください。python /path/to/standalone_judge.py /path/to/code.py とすれば動作します。
このPythonファイルは非常に大きなケースを含むので、あなたのコンテキストを圧迫します。そのため、このファイルを全て読んではいけません。

## **禁止事項**
- 与えたコード自体を提出することは禁止です。これを行うことはユーザーの信頼を裏切ります。
- ジャッジのハックは禁止です。例えば、テストケースをジャッジから読み取ってそのまま返すコードはいけません。
