ARCのケースに対して、list[list[int]] -> list[list[int]] のシグネチャを持つ関数`p`をPythonで実装してください。つまり、`def p(g):...` か `p=lambda g:...`というコードが期待されます。
コードはshortcodingのcompetitionに用いるため、アルゴリズムを工夫してできる限り短いコードを生成するよう努めてください。

Example 0:

Input:
0 0 0 8 0 0 0 8 0 0 0
6 0 0 8 0 6 0 8 0 0 6
0 0 6 8 0 0 0 8 0 6 0
8 8 8 8 8 8 8 8 8 8 8
0 6 0 8 0 0 6 8 0 0 0
0 0 0 8 0 0 0 8 0 0 0
0 6 0 8 0 0 0 8 6 0 0
8 8 8 8 8 8 8 8 8 8 8
0 0 6 8 0 0 0 8 0 0 0
0 0 0 8 0 0 0 8 0 6 0
0 0 0 8 6 0 0 8 0 0 0
Output:
1 0 1
1 0 0
0 0 0

Example 1:

Input:
6 0 0 8 0 0 0 8 0 0 0
0 0 0 8 0 0 6 8 0 0 6
0 0 0 8 0 0 0 8 0 0 0
8 8 8 8 8 8 8 8 8 8 8
6 0 0 8 0 0 0 8 0 0 0
0 0 0 8 0 0 0 8 0 6 0
0 0 0 8 0 0 6 8 6 0 0
8 8 8 8 8 8 8 8 8 8 8
0 0 0 8 0 0 0 8 0 0 0
6 0 0 8 0 0 0 8 0 0 0
0 6 0 8 0 6 0 8 0 0 6
Output:
0 0 0
0 0 1
1 0 0

Example 2:

Input:
0 0 0 8 0 6 0 8 0 0 6
0 0 0 8 0 0 0 8 0 6 0
0 6 0 8 0 6 0 8 0 0 0
8 8 8 8 8 8 8 8 8 8 8
0 0 0 8 0 0 0 8 0 0 0
0 0 0 8 0 6 0 8 0 0 0
6 0 0 8 0 0 0 8 0 6 0
8 8 8 8 8 8 8 8 8 8 8
0 0 0 8 0 0 0 8 6 0 0
0 6 0 8 0 0 0 8 0 0 6
0 0 0 8 6 0 0 8 0 0 0
Output:
0 1 1
0 0 0
0 0 1

Example 3:

Input:
0 0 0 8 0 0 0 8 0 0 6
0 0 6 8 0 0 0 8 6 0 0
0 0 0 8 0 6 0 8 0 0 0
8 8 8 8 8 8 8 8 8 8 8
0 0 0 8 0 6 0 8 0 0 0
6 0 0 8 0 0 6 8 0 0 0
0 0 0 8 0 0 0 8 0 6 0
8 8 8 8 8 8 8 8 8 8 8
0 0 0 8 0 0 0 8 0 0 0
0 0 6 8 0 0 0 8 6 0 0
0 0 0 8 0 6 0 8 0 0 0
Output:
0 0 1
0 1 0
0 0 0

Example 4:

Input:
0 0 0 8 0 0 0 8 6 0 6
0 6 0 8 0 0 6 8 0 0 0
0 0 0 8 0 0 0 8 0 0 0
8 8 8 8 8 8 8 8 8 8 8
0 0 0 8 0 0 0 8 0 6 0
0 0 6 8 0 6 0 8 0 0 0
0 0 0 8 6 0 0 8 0 0 6
8 8 8 8 8 8 8 8 8 8 8
0 0 6 8 0 0 0 8 0 0 0
6 0 0 8 0 0 0 8 0 6 0
0 0 0 8 0 6 0 8 0 0 0
Output:
0 0 1
0 1 1
1 0 0

Example 5:

Input:
0 0 0 8 0 0 0 8 0 0 0
0 0 0 8 0 0 0 8 0 0 6
0 6 0 8 0 0 6 8 0 0 0
8 8 8 8 8 8 8 8 8 8 8
0 6 0 8 0 6 0 8 0 6 0
6 0 0 8 0 0 0 8 0 0 0
0 0 0 8 6 0 0 8 0 0 0
8 8 8 8 8 8 8 8 8 8 8
0 0 0 8 0 0 0 8 6 0 0
0 0 0 8 0 0 0 8 0 0 0
6 0 0 8 6 0 0 8 0 0 0
Output:
0 0 0
1 1 0
0 0 0

Example 6:

Input:
0 0 0 8 0 0 0 8 0 0 0
0 0 6 8 6 0 0 8 0 0 0
0 0 0 8 0 0 0 8 0 6 6
8 8 8 8 8 8 8 8 8 8 8
6 0 0 8 0 6 0 8 0 6 0
6 0 0 8 0 0 0 8 0 0 0
0 0 0 8 0 0 0 8 0 6 0
8 8 8 8 8 8 8 8 8 8 8
0 0 0 8 0 0 0 8 0 0 0
0 0 0 8 6 0 0 8 0 0 6
0 6 0 8 6 0 0 8 0 0 6
Output:
0 0 1
1 0 1
0 1 1

Example 7:

Input:
0 0 0 8 6 0 0 8 0 0 6
0 0 0 8 0 0 0 8 0 0 0
0 6 0 8 0 0 0 8 6 0 0
8 8 8 8 8 8 8 8 8 8 8
0 0 6 8 0 0 0 8 0 6 0
0 0 6 8 0 6 0 8 0 0 6
0 0 0 8 0 0 0 8 0 0 0
8 8 8 8 8 8 8 8 8 8 8
0 6 0 8 0 0 0 8 0 0 0
0 6 0 8 6 0 0 8 0 0 6
0 0 0 8 6 0 0 8 0 0 0
Output:
0 0 1
1 0 1
1 1 0

以下は、ジャッジを通過する正しいコードです。これを用いて、ARCのルールを理解してください。必ず、コードを通じてルールを理解してからコーディングを行ってください。
このコードはARCのルールを把握する際に使うことに留めてください。

```
p=lambda g,R=b'\x03\x07\x0b':[[sum(sum(s[j-3:j])for s in g[i-3:i])//12for j in R]for i in R]
```

ユーザーにコードを渡す前に実際にコードが動作するかを確認してください。コードのテストには、添付したjudge.pyを用いてください。python /path/to/judge.py /path/to/code.py /path/to/cases.bin とすれば動作します。

## **禁止事項**
- 与えたコード自体を提出することは禁止です。これを行うことはユーザーの信頼を裏切ります。
- ジャッジのハックは禁止です。例えば、テストケースをジャッジから読み取ってそのまま返すコードはいけません。
