9
_ 1
15
a 20
157 165 210 236 271 279 324 350 385 393 438 464 499 507 552 578 615 624 659 705
b 20
159 187 213 245 273 301 327 359 387 415 441 473 501 529 555 587 618 632 661 682
g 32
6 51 80 101 109 119 129 180 202 208 217 294 316 322 331 408 430 436 445 522 544 550 559 609 613 640 669 697 720 727 737 754
i 13
36 103 111 121 131 147 219 333 447 561 642 655 671
j 13
65 106 116 124 136 149 222 336 450 564 628 645 676
u 11
143 153 263 267 377 381 491 495 605 637 666
x 8
243 258 357 372 471 486 585 600
y 8
234 256 348 370 462 484 576 598
0 0 0 1 1 1 1 0 0
0 0 1 1 1 1 1 1 1
0 1 0 1 1 1 1 1 1
1 1 1 0 1 1 1 0 0
1 1 1 1 0 1 1 0 0
1 1 1 1 1 0 1 0 0
1 1 1 1 1 1 0 1 1
0 1 1 0 0 0 1 0 1
0 1 1 0 0 0 1 1 0
