ARCのケースに対して、list[list[int]] -> list[list[int]] のシグネチャを持つ関数`p`をPythonで実装してください。つまり、`def p(g):...` か `p=lambda g:...`というコードが期待されます。
コードはshortcodingのcompetitionに用いるため、アルゴリズムを工夫してできる限り短いコードを生成するよう努めてください。

Example 0:

Input:
1 6 1 1 2 2 3 3 4 4 5 5 6 6 1 1 2 2 3 3 4
6 1 6 6 1 1 1 2 2 2 3 3 3 4 4 4 5 5 5 6 6
1 6 1 6 6 6 1 1 1 1 2 2 2 2 3 3 3 3 4 4 4
1 6 6 1 6 6 6 6 1 1 1 1 1 2 2 2 2 2 3 3 3
2 1 6 6 1 6 6 6 6 6 1 0 0 0 1 1 2 2 2 2 2
2 1 6 6 6 1 6 6 6 6 6 0 0 0 1 1 1 1 1 2 2
3 1 1 6 6 6 1 6 6 6 6 6 6 6 1 1 1 1 1 1 1
3 2 1 6 6 6 6 1 0 0 0 6 6 6 6 6 1 1 1 1 1
4 2 1 1 6 6 6 6 0 0 0 6 6 6 6 6 6 6 1 1 1
4 2 1 1 6 6 6 6 0 0 0 6 6 6 6 6 6 6 6 6 1
5 3 2 1 1 6 6 6 6 6 1 6 6 6 6 6 6 6 6 6 6
5 3 2 1 1 6 6 6 6 6 0 0 0 0 0 0 0 6 6 6 6
6 3 2 1 1 1 6 6 6 6 0 0 0 0 0 0 0 6 6 6 6
6 4 2 2 1 1 6 6 6 6 6 6 0 0 0 0 0 6 6 6 6
1 4 3 2 1 1 1 6 6 6 6 6 0 0 0 0 0 6 6 6 6
1 4 3 2 1 1 1 6 6 6 6 6 6 6 6 1 6 6 6 6 6
2 5 3 2 2 1 1 1 6 6 6 6 6 6 6 6 1 6 6 6 6
2 5 3 2 2 1 1 1 6 6 6 6 6 6 6 6 6 1 6 6 6
3 5 4 3 2 1 1 1 1 6 0 0 0 0 6 6 6 6 1 6 6
3 6 4 3 2 2 1 1 1 6 0 0 0 0 6 6 6 6 6 1 6
4 6 4 3 2 2 1 1 1 1 6 6 6 6 6 6 6 6 6 6 1
Output:
1 6 1 1 2 2 3 3 4 4 5 5 6 6 1 1 2 2 3 3 4
6 1 6 6 1 1 1 2 2 2 3 3 3 4 4 4 5 5 5 6 6
1 6 1 6 6 6 1 1 1 1 2 2 2 2 3 3 3 3 4 4 4
1 6 6 1 6 6 6 6 1 1 1 1 1 2 2 2 2 2 3 3 3
2 1 6 6 1 6 6 6 6 6 1 1 1 1 1 1 2 2 2 2 2
2 1 6 6 6 1 6 6 6 6 6 6 1 1 1 1 1 1 1 2 2
3 1 1 6 6 6 1 6 6 6 6 6 6 6 1 1 1 1 1 1 1
3 2 1 6 6 6 6 1 6 6 6 6 6 6 6 6 1 1 1 1 1
4 2 1 1 6 6 6 6 1 6 6 6 6 6 6 6 6 6 1 1 1
4 2 1 1 6 6 6 6 6 1 6 6 6 6 6 6 6 6 6 6 1
5 3 2 1 1 6 6 6 6 6 1 6 6 6 6 6 6 6 6 6 6
5 3 2 1 1 6 6 6 6 6 6 1 6 6 6 6 6 6 6 6 6
6 3 2 1 1 1 6 6 6 6 6 6 1 6 6 6 6 6 6 6 6
6 4 2 2 1 1 6 6 6 6 6 6 6 1 6 6 6 6 6 6 6
1 4 3 2 1 1 1 6 6 6 6 6 6 6 1 6 6 6 6 6 6
1 4 3 2 1 1 1 6 6 6 6 6 6 6 6 1 6 6 6 6 6
2 5 3 2 2 1 1 1 6 6 6 6 6 6 6 6 1 6 6 6 6
2 5 3 2 2 1 1 1 6 6 6 6 6 6 6 6 6 1 6 6 6
3 5 4 3 2 1 1 1 1 6 6 6 6 6 6 6 6 6 1 6 6
3 6 4 3 2 2 1 1 1 6 6 6 6 6 6 6 6 6 6 1 6
4 6 4 3 2 2 1 1 1 1 6 6 6 6 6 6 6 6 6 6 1

Example 1:

Input:
6 5 6 6 7 7 1 1 2 2 3 3 4 4 5 5 6 6 7 7 1
5 6 5 5 6 6 6 7 7 7 1 1 1 2 2 2 3 3 3 4 4
6 5 6 5 5 5 6 6 6 6 7 7 7 7 1 1 1 1 2 2 2
6 5 5 0 0 0 5 5 6 6 6 6 6 7 7 7 7 7 1 1 1
7 6 5 0 0 0 5 5 5 5 6 6 6 6 6 6 7 7 7 7 7
7 6 5 0 0 0 5 5 5 5 5 5 6 6 6 6 6 6 6 7 7
1 6 6 0 0 0 6 5 5 0 0 0 5 5 6 6 6 6 6 6 6
1 7 6 0 0 0 5 6 5 0 0 0 5 5 5 5 6 6 6 6 6
2 7 6 6 5 5 5 5 6 0 0 0 0 0 0 0 0 5 6 6 6
2 7 6 6 5 5 5 5 5 6 5 5 0 0 0 0 0 5 5 5 6
3 1 7 6 6 5 5 5 5 5 6 5 5 5 5 5 5 5 5 5 5
3 1 7 6 6 5 5 5 5 5 5 6 5 5 5 5 5 5 5 5 5
4 1 7 6 6 6 5 5 5 5 5 5 6 5 5 5 5 5 5 5 5
4 2 7 7 6 6 5 5 5 5 5 5 5 6 5 5 5 5 5 5 5
5 2 0 0 0 0 6 5 5 5 5 5 5 5 6 5 5 5 5 5 5
5 2 0 0 0 0 6 5 5 5 5 5 5 5 5 6 5 5 5 5 5
6 3 1 7 7 6 6 6 5 5 5 5 5 5 5 5 6 5 5 5 5
6 3 1 7 7 6 6 6 0 0 0 0 5 5 5 5 5 6 5 5 5
7 3 2 1 7 6 6 6 0 0 0 0 5 5 5 5 5 5 6 5 5
7 4 2 1 7 7 6 6 6 5 5 5 5 5 5 5 5 5 5 6 5
1 4 2 1 7 7 6 6 6 6 5 5 5 5 5 5 5 5 5 5 6
Output:
6 5 6 6 7 7 1 1 2 2 3 3 4 4 5 5 6 6 7 7 1
5 6 5 5 6 6 6 7 7 7 1 1 1 2 2 2 3 3 3 4 4
6 5 6 5 5 5 6 6 6 6 7 7 7 7 1 1 1 1 2 2 2
6 5 5 6 5 5 5 5 6 6 6 6 6 7 7 7 7 7 1 1 1
7 6 5 5 6 5 5 5 5 5 6 6 6 6 6 6 7 7 7 7 7
7 6 5 5 5 6 5 5 5 5 5 5 6 6 6 6 6 6 6 7 7
1 6 6 5 5 5 6 5 5 5 5 5 5 5 6 6 6 6 6 6 6
1 7 6 5 5 5 5 6 5 5 5 5 5 5 5 5 6 6 6 6 6
2 7 6 6 5 5 5 5 6 5 5 5 5 5 5 5 5 5 6 6 6
2 7 6 6 5 5 5 5 5 6 5 5 5 5 5 5 5 5 5 5 6
3 1 7 6 6 5 5 5 5 5 6 5 5 5 5 5 5 5 5 5 5
3 1 7 6 6 5 5 5 5 5 5 6 5 5 5 5 5 5 5 5 5
4 1 7 6 6 6 5 5 5 5 5 5 6 5 5 5 5 5 5 5 5
4 2 7 7 6 6 5 5 5 5 5 5 5 6 5 5 5 5 5 5 5
5 2 1 7 6 6 6 5 5 5 5 5 5 5 6 5 5 5 5 5 5
5 2 1 7 6 6 6 5 5 5 5 5 5 5 5 6 5 5 5 5 5
6 3 1 7 7 6 6 6 5 5 5 5 5 5 5 5 6 5 5 5 5
6 3 1 7 7 6 6 6 5 5 5 5 5 5 5 5 5 6 5 5 5
7 3 2 1 7 6 6 6 6 5 5 5 5 5 5 5 5 5 6 5 5
7 4 2 1 7 7 6 6 6 5 5 5 5 5 5 5 5 5 5 6 5
1 4 2 1 7 7 6 6 6 6 5 5 5 5 5 5 5 5 5 5 6

Example 2:

Input:
5 4 5 5 6 6 7 7 8 8 1 1 2 2 3 3 4 4 5 5 6
4 5 4 4 5 5 5 6 6 6 7 7 7 8 8 8 1 1 1 2 2
5 4 5 4 4 4 5 5 5 5 6 6 6 6 7 7 0 0 8 8 8
5 4 4 5 4 4 4 4 5 5 5 5 5 6 6 6 0 0 7 7 7
6 5 4 4 5 4 4 4 4 4 5 5 5 5 5 5 0 0 6 6 6
6 5 4 4 4 5 4 4 4 4 4 4 5 5 5 5 0 0 5 6 6
7 5 5 4 4 4 5 4 4 4 4 4 4 4 5 5 0 0 5 5 5
7 6 5 4 4 4 4 5 4 4 4 4 4 4 4 4 5 5 5 5 5
8 6 5 5 4 4 4 4 5 4 4 4 4 4 4 4 4 4 5 5 5
8 6 5 5 4 4 4 4 4 5 4 4 4 4 4 4 4 4 4 4 5
1 7 6 5 5 4 4 4 4 4 5 0 0 4 4 4 4 4 4 4 4
1 7 6 5 5 4 4 4 4 4 4 0 0 4 4 4 4 4 4 4 4
2 7 6 5 5 5 4 4 4 4 4 0 0 4 4 4 4 4 4 4 4
2 8 6 6 5 5 4 4 4 4 0 0 0 0 0 4 4 4 4 4 4
3 8 7 6 5 5 5 4 4 0 0 0 0 0 0 4 4 4 4 4 4
3 8 7 6 5 5 5 4 4 0 0 0 0 0 0 5 4 4 4 4 4
4 1 7 6 6 5 5 5 4 0 0 0 4 4 4 4 5 4 4 4 4
4 1 7 6 6 5 5 5 4 0 0 0 4 4 4 4 4 5 4 4 4
5 1 8 7 6 5 5 5 5 0 0 0 4 4 4 4 4 4 5 4 4
5 2 8 7 6 6 5 5 5 4 4 4 4 4 4 4 4 4 4 5 4
6 2 8 7 6 6 5 5 5 5 4 4 4 4 4 4 4 4 4 4 5
Output:
5 4 5 5 6 6 7 7 8 8 1 1 2 2 3 3 4 4 5 5 6
4 5 4 4 5 5 5 6 6 6 7 7 7 8 8 8 1 1 1 2 2
5 4 5 4 4 4 5 5 5 5 6 6 6 6 7 7 7 7 8 8 8
5 4 4 5 4 4 4 4 5 5 5 5 5 6 6 6 6 6 7 7 7
6 5 4 4 5 4 4 4 4 4 5 5 5 5 5 5 6 6 6 6 6
6 5 4 4 4 5 4 4 4 4 4 4 5 5 5 5 5 5 5 6 6
7 5 5 4 4 4 5 4 4 4 4 4 4 4 5 5 5 5 5 5 5
7 6 5 4 4 4 4 5 4 4 4 4 4 4 4 4 5 5 5 5 5
8 6 5 5 4 4 4 4 5 4 4 4 4 4 4 4 4 4 5 5 5
8 6 5 5 4 4 4 4 4 5 4 4 4 4 4 4 4 4 4 4 5
1 7 6 5 5 4 4 4 4 4 5 4 4 4 4 4 4 4 4 4 4
1 7 6 5 5 4 4 4 4 4 4 5 4 4 4 4 4 4 4 4 4
2 7 6 5 5 5 4 4 4 4 4 4 5 4 4 4 4 4 4 4 4
2 8 6 6 5 5 4 4 4 4 4 4 4 5 4 4 4 4 4 4 4
3 8 7 6 5 5 5 4 4 4 4 4 4 4 5 4 4 4 4 4 4
3 8 7 6 5 5 5 4 4 4 4 4 4 4 4 5 4 4 4 4 4
4 1 7 6 6 5 5 5 4 4 4 4 4 4 4 4 5 4 4 4 4
4 1 7 6 6 5 5 5 4 4 4 4 4 4 4 4 4 5 4 4 4
5 1 8 7 6 5 5 5 5 4 4 4 4 4 4 4 4 4 5 4 4
5 2 8 7 6 6 5 5 5 4 4 4 4 4 4 4 4 4 4 5 4
6 2 8 7 6 6 5 5 5 5 4 4 4 4 4 4 4 4 4 4 5

Example 3:

Input:
4 3 4 4 5 5 6 6 7 7 8 8 9 9 1 1 2 2 3 3 4
3 4 3 3 4 4 4 5 5 5 0 0 6 7 7 7 8 8 8 9 9
4 3 4 3 3 3 4 4 4 4 0 0 5 5 6 6 6 6 7 7 7
4 3 3 4 3 3 3 3 4 4 0 0 4 5 5 5 5 5 6 6 6
5 4 3 3 4 3 3 3 3 3 0 0 4 4 4 4 5 5 5 5 5
5 4 3 3 3 4 3 3 3 3 0 0 4 4 4 4 4 4 4 5 5
6 4 4 3 3 3 4 3 3 3 3 3 3 3 4 4 4 4 4 4 4
6 5 4 3 3 3 3 4 3 3 3 3 3 3 3 3 4 4 4 4 4
0 0 0 0 0 3 3 3 4 3 3 3 3 3 3 3 3 3 4 4 4
0 0 0 0 0 3 3 3 3 4 3 3 3 3 3 3 3 3 3 3 4
8 6 5 4 4 3 3 3 3 3 4 3 3 3 3 3 3 3 3 3 3
8 6 5 4 4 3 3 3 3 3 3 4 3 3 3 3 3 3 3 3 3
9 6 5 4 4 4 3 3 3 3 3 3 4 3 3 3 3 3 3 3 3
9 7 5 5 4 4 3 3 3 3 3 3 3 4 3 3 3 3 3 3 3
1 7 6 5 4 4 4 3 3 3 3 3 3 3 4 3 3 3 3 3 3
1 7 6 5 0 0 0 0 0 3 3 3 3 3 3 0 0 0 0 0 3
2 8 6 5 0 0 0 0 0 3 3 3 3 3 3 0 0 0 0 0 3
2 8 6 5 0 0 0 0 0 3 3 3 3 3 3 3 3 4 3 3 3
3 8 7 6 5 4 4 4 4 3 3 3 0 0 0 0 0 3 4 3 3
3 9 7 6 5 5 4 4 4 3 3 3 0 0 0 0 0 3 3 4 3
4 9 7 6 5 5 4 4 4 4 3 3 3 3 3 3 3 3 3 3 4
Output:
4 3 4 4 5 5 6 6 7 7 8 8 9 9 1 1 2 2 3 3 4
3 4 3 3 4 4 4 5 5 5 6 6 6 7 7 7 8 8 8 9 9
4 3 4 3 3 3 4 4 4 4 5 5 5 5 6 6 6 6 7 7 7
4 3 3 4 3 3 3 3 4 4 4 4 4 5 5 5 5 5 6 6 6
5 4 3 3 4 3 3 3 3 3 4 4 4 4 4 4 5 5 5 5 5
5 4 3 3 3 4 3 3 3 3 3 3 4 4 4 4 4 4 4 5 5
6 4 4 3 3 3 4 3 3 3 3 3 3 3 4 4 4 4 4 4 4
6 5 4 3 3 3 3 4 3 3 3 3 3 3 3 3 4 4 4 4 4
7 5 4 4 3 3 3 3 4 3 3 3 3 3 3 3 3 3 4 4 4
7 5 4 4 3 3 3 3 3 4 3 3 3 3 3 3 3 3 3 3 4
8 6 5 4 4 3 3 3 3 3 4 3 3 3 3 3 3 3 3 3 3
8 6 5 4 4 3 3 3 3 3 3 4 3 3 3 3 3 3 3 3 3
9 6 5 4 4 4 3 3 3 3 3 3 4 3 3 3 3 3 3 3 3
9 7 5 5 4 4 3 3 3 3 3 3 3 4 3 3 3 3 3 3 3
1 7 6 5 4 4 4 3 3 3 3 3 3 3 4 3 3 3 3 3 3
1 7 6 5 4 4 4 3 3 3 3 3 3 3 3 4 3 3 3 3 3
2 8 6 5 5 4 4 4 3 3 3 3 3 3 3 3 4 3 3 3 3
2 8 6 5 5 4 4 4 3 3 3 3 3 3 3 3 3 4 3 3 3
3 8 7 6 5 4 4 4 4 3 3 3 3 3 3 3 3 3 4 3 3
3 9 7 6 5 5 4 4 4 3 3 3 3 3 3 3 3 3 3 4 3
4 9 7 6 5 5 4 4 4 4 3 3 3 3 3 3 3 3 3 3 4

Example 4:

Input:
4 3 4 4 5 5 6 6 7 7 8 8 9 9 1 1 2 2 3 3 4
3 4 3 3 4 4 4 5 5 5 6 6 6 7 7 7 8 8 8 9 9
4 3 4 3 3 3 4 4 4 4 5 5 5 5 6 6 6 6 7 7 7
4 3 3 4 3 3 3 3 4 4 4 4 4 5 5 5 5 5 6 6 6
5 4 3 3 4 3 3 3 3 3 4 4 4 4 4 4 5 5 5 5 5
5 4 3 3 3 4 3 3 3 3 3 3 4 4 4 4 4 4 4 5 5
6 4 4 3 3 3 4 3 3 3 3 3 3 3 4 4 4 4 4 4 4
6 5 4 3 3 3 3 4 3 3 3 3 3 3 3 3 4 4 4 4 4
7 5 4 4 3 3 3 3 4 3 3 3 3 3 3 3 3 3 4 4 4
7 5 4 4 3 3 3 3 3 4 3 3 3 3 3 3 3 3 3 3 4
8 6 5 4 4 3 3 3 3 3 4 3 3 3 3 3 3 3 3 3 3
8 6 5 4 4 3 3 3 3 3 3 4 3 3 3 3 3 3 3 3 3
9 6 5 4 4 4 3 3 3 3 3 3 4 3 3 3 3 3 3 3 3
9 7 5 5 0 0 0 0 0 0 0 3 3 4 3 3 3 3 3 3 3
1 7 6 5 0 0 0 0 0 0 0 0 0 0 4 3 3 3 3 3 3
1 7 6 5 0 0 0 0 0 0 0 0 0 0 3 4 3 3 3 3 3
2 8 6 5 0 0 0 0 0 3 0 0 0 0 3 3 4 3 3 3 3
2 8 6 5 5 4 4 4 3 3 0 0 0 0 3 3 3 4 3 3 3
3 8 7 6 5 4 4 4 4 3 0 0 3 3 3 3 3 3 4 3 3
3 9 7 0 0 0 0 4 4 3 0 0 3 3 3 3 3 3 3 4 3
4 9 7 0 0 0 0 4 4 4 3 3 3 3 3 3 3 3 3 3 4
Output:
4 3 4 4 5 5 6 6 7 7 8 8 9 9 1 1 2 2 3 3 4
3 4 3 3 4 4 4 5 5 5 6 6 6 7 7 7 8 8 8 9 9
4 3 4 3 3 3 4 4 4 4 5 5 5 5 6 6 6 6 7 7 7
4 3 3 4 3 3 3 3 4 4 4 4 4 5 5 5 5 5 6 6 6
5 4 3 3 4 3 3 3 3 3 4 4 4 4 4 4 5 5 5 5 5
5 4 3 3 3 4 3 3 3 3 3 3 4 4 4 4 4 4 4 5 5
6 4 4 3 3 3 4 3 3 3 3 3 3 3 4 4 4 4 4 4 4
6 5 4 3 3 3 3 4 3 3 3 3 3 3 3 3 4 4 4 4 4
7 5 4 4 3 3 3 3 4 3 3 3 3 3 3 3 3 3 4 4 4
7 5 4 4 3 3 3 3 3 4 3 3 3 3 3 3 3 3 3 3 4
8 6 5 4 4 3 3 3 3 3 4 3 3 3 3 3 3 3 3 3 3
8 6 5 4 4 3 3 3 3 3 3 4 3 3 3 3 3 3 3 3 3
9 6 5 4 4 4 3 3 3 3 3 3 4 3 3 3 3 3 3 3 3
9 7 5 5 4 4 3 3 3 3 3 3 3 4 3 3 3 3 3 3 3
1 7 6 5 4 4 4 3 3 3 3 3 3 3 4 3 3 3 3 3 3
1 7 6 5 4 4 4 3 3 3 3 3 3 3 3 4 3 3 3 3 3
2 8 6 5 5 4 4 4 3 3 3 3 3 3 3 3 4 3 3 3 3
2 8 6 5 5 4 4 4 3 3 3 3 3 3 3 3 3 4 3 3 3
3 8 7 6 5 4 4 4 4 3 3 3 3 3 3 3 3 3 4 3 3
3 9 7 6 5 5 4 4 4 3 3 3 3 3 3 3 3 3 3 4 3
4 9 7 6 5 5 4 4 4 4 3 3 3 3 3 3 3 3 3 3 4

Example 5:

Input:
1 5 1 1 2 2 3 3 4 4 5 5 1 1 2 2 3 3 4 4 5
5 1 5 5 1 1 1 2 2 2 0 0 0 4 4 4 5 5 5 1 1
1 5 1 5 5 5 1 1 1 1 0 0 0 2 3 3 3 3 4 4 4
1 5 5 1 5 5 5 5 1 1 0 0 0 2 2 2 0 0 0 0 3
2 1 5 5 1 5 5 5 5 5 0 0 0 1 1 1 0 0 0 0 2
2 1 5 0 0 1 5 5 5 5 5 5 1 1 1 1 1 1 1 2 2
3 1 1 0 0 5 1 5 5 5 5 5 5 5 1 1 1 1 1 1 1
3 2 1 0 0 5 5 1 5 5 5 5 5 5 5 5 1 1 1 1 1
4 2 1 1 5 5 5 5 1 5 5 5 5 5 5 5 5 5 1 1 1
4 2 1 1 5 5 5 5 5 1 5 5 5 5 5 5 5 5 5 5 1
5 3 2 1 1 5 5 5 5 5 1 5 5 5 5 5 5 5 5 5 5
5 3 2 1 1 5 5 5 0 0 0 0 5 5 5 5 5 5 5 5 5
1 3 2 1 1 1 5 5 0 0 0 0 1 5 5 5 5 5 5 5 5
1 4 2 2 1 0 0 0 5 5 5 5 5 1 5 5 5 5 5 5 5
2 4 3 2 1 0 0 0 5 5 5 5 5 5 1 5 5 5 5 5 5
2 4 3 2 1 0 0 0 5 5 5 5 5 5 5 1 5 5 5 5 5
3 5 3 2 2 0 0 0 5 5 5 5 5 5 5 5 1 5 5 5 5
3 5 3 2 2 1 1 1 5 5 5 5 5 5 5 5 5 1 5 5 5
4 5 4 3 2 1 1 1 1 5 5 5 5 5 5 5 5 5 1 5 5
4 1 4 3 2 2 1 1 1 5 5 5 5 5 5 5 5 5 5 1 5
5 1 4 3 2 2 1 1 1 1 5 5 5 5 5 5 5 5 5 5 1
Output:
1 5 1 1 2 2 3 3 4 4 5 5 1 1 2 2 3 3 4 4 5
5 1 5 5 1 1 1 2 2 2 3 3 3 4 4 4 5 5 5 1 1
1 5 1 5 5 5 1 1 1 1 2 2 2 2 3 3 3 3 4 4 4
1 5 5 1 5 5 5 5 1 1 1 1 1 2 2 2 2 2 3 3 3
2 1 5 5 1 5 5 5 5 5 1 1 1 1 1 1 2 2 2 2 2
2 1 5 5 5 1 5 5 5 5 5 5 1 1 1 1 1 1 1 2 2
3 1 1 5 5 5 1 5 5 5 5 5 5 5 1 1 1 1 1 1 1
3 2 1 5 5 5 5 1 5 5 5 5 5 5 5 5 1 1 1 1 1
4 2 1 1 5 5 5 5 1 5 5 5 5 5 5 5 5 5 1 1 1
4 2 1 1 5 5 5 5 5 1 5 5 5 5 5 5 5 5 5 5 1
5 3 2 1 1 5 5 5 5 5 1 5 5 5 5 5 5 5 5 5 5
5 3 2 1 1 5 5 5 5 5 5 1 5 5 5 5 5 5 5 5 5
1 3 2 1 1 1 5 5 5 5 5 5 1 5 5 5 5 5 5 5 5
1 4 2 2 1 1 5 5 5 5 5 5 5 1 5 5 5 5 5 5 5
2 4 3 2 1 1 1 5 5 5 5 5 5 5 1 5 5 5 5 5 5
2 4 3 2 1 1 1 5 5 5 5 5 5 5 5 1 5 5 5 5 5
3 5 3 2 2 1 1 1 5 5 5 5 5 5 5 5 1 5 5 5 5
3 5 3 2 2 1 1 1 5 5 5 5 5 5 5 5 5 1 5 5 5
4 5 4 3 2 1 1 1 1 5 5 5 5 5 5 5 5 5 1 5 5
4 1 4 3 2 2 1 1 1 5 5 5 5 5 5 5 5 5 5 1 5
5 1 4 3 2 2 1 1 1 1 5 5 5 5 5 5 5 5 5 5 1

Example 6:

Input:
2 1 2 2 3 3 4 4 5 5 1 1 2 2 3 3 4 4 5 5 1
1 2 1 1 2 2 2 3 3 3 4 4 4 5 5 5 1 1 1 2 2
2 1 2 1 1 1 2 0 0 0 3 3 3 3 4 4 4 4 5 5 5
2 1 1 2 1 1 1 0 0 0 2 2 2 3 3 3 3 3 4 4 4
3 2 1 1 2 1 1 0 0 0 2 2 2 2 2 2 3 3 3 3 3
3 2 1 1 1 2 1 0 0 0 1 1 2 2 2 2 2 2 2 3 3
4 2 2 1 1 1 2 1 1 1 1 1 1 1 2 2 2 2 2 2 2
4 3 2 1 1 1 1 2 1 1 1 1 1 1 1 1 2 2 2 2 2
5 3 2 2 1 1 1 1 2 1 1 1 1 1 1 1 1 1 2 2 2
5 3 2 2 1 1 1 1 0 0 1 1 1 1 1 1 0 0 0 0 0
1 4 3 2 2 1 1 1 0 0 2 1 1 0 0 0 0 0 0 0 0
1 4 3 2 2 1 1 1 0 0 1 2 1 0 0 0 0 0 0 0 0
2 4 3 2 2 2 1 1 0 0 1 1 2 0 0 0 0 1 1 1 1
2 5 3 3 2 2 1 1 0 0 1 1 1 0 0 0 0 1 1 1 1
3 5 4 3 2 2 2 1 1 1 1 1 1 1 2 1 1 1 1 1 1
3 5 4 3 2 2 2 1 1 1 1 1 1 1 1 2 1 1 1 1 1
4 1 4 3 3 2 2 2 1 1 1 1 1 1 1 1 2 1 1 1 1
4 1 4 3 3 2 2 2 1 1 1 1 1 1 1 1 1 2 1 1 1
5 1 5 4 3 2 2 2 2 1 1 1 1 1 1 1 1 1 2 1 1
5 2 5 4 3 3 2 2 2 1 1 1 1 1 1 1 1 1 1 2 1
1 2 5 4 3 3 2 2 2 2 1 1 1 1 1 1 1 1 1 1 2
Output:
2 1 2 2 3 3 4 4 5 5 1 1 2 2 3 3 4 4 5 5 1
1 2 1 1 2 2 2 3 3 3 4 4 4 5 5 5 1 1 1 2 2
2 1 2 1 1 1 2 2 2 2 3 3 3 3 4 4 4 4 5 5 5
2 1 1 2 1 1 1 1 2 2 2 2 2 3 3 3 3 3 4 4 4
3 2 1 1 2 1 1 1 1 1 2 2 2 2 2 2 3 3 3 3 3
3 2 1 1 1 2 1 1 1 1 1 1 2 2 2 2 2 2 2 3 3
4 2 2 1 1 1 2 1 1 1 1 1 1 1 2 2 2 2 2 2 2
4 3 2 1 1 1 1 2 1 1 1 1 1 1 1 1 2 2 2 2 2
5 3 2 2 1 1 1 1 2 1 1 1 1 1 1 1 1 1 2 2 2
5 3 2 2 1 1 1 1 1 2 1 1 1 1 1 1 1 1 1 1 2
1 4 3 2 2 1 1 1 1 1 2 1 1 1 1 1 1 1 1 1 1
1 4 3 2 2 1 1 1 1 1 1 2 1 1 1 1 1 1 1 1 1
2 4 3 2 2 2 1 1 1 1 1 1 2 1 1 1 1 1 1 1 1
2 5 3 3 2 2 1 1 1 1 1 1 1 2 1 1 1 1 1 1 1
3 5 4 3 2 2 2 1 1 1 1 1 1 1 2 1 1 1 1 1 1
3 5 4 3 2 2 2 1 1 1 1 1 1 1 1 2 1 1 1 1 1
4 1 4 3 3 2 2 2 1 1 1 1 1 1 1 1 2 1 1 1 1
4 1 4 3 3 2 2 2 1 1 1 1 1 1 1 1 1 2 1 1 1
5 1 5 4 3 2 2 2 2 1 1 1 1 1 1 1 1 1 2 1 1
5 2 5 4 3 3 2 2 2 1 1 1 1 1 1 1 1 1 1 2 1
1 2 5 4 3 3 2 2 2 2 1 1 1 1 1 1 1 1 1 1 2

Example 7:

Input:
5 4 5 5 6 6 7 7 1 1 2 2 3 3 4 4 5 5 6 6 7
4 5 4 4 5 5 5 6 6 0 0 0 0 1 1 1 2 2 2 3 3
5 4 5 4 4 4 5 5 5 0 0 0 0 6 7 7 7 7 1 1 1
5 4 4 5 4 4 4 4 5 0 0 0 0 6 6 6 6 6 7 7 7
6 5 4 4 5 4 4 4 4 0 0 0 0 5 5 5 6 6 6 6 6
6 5 4 4 4 5 4 4 4 4 4 4 5 5 5 5 5 5 5 6 6
7 5 5 4 4 4 5 4 4 4 4 4 4 4 5 5 5 5 5 5 5
7 6 5 4 4 4 4 5 4 4 4 4 4 4 4 4 5 5 5 5 5
1 6 5 5 4 4 4 4 5 4 4 4 4 4 4 4 4 4 5 5 5
1 6 5 5 4 4 4 4 4 5 4 4 4 4 4 4 4 4 4 4 5
2 7 6 5 5 4 4 4 4 4 5 4 4 4 4 4 4 4 4 4 4
2 7 6 5 5 4 4 4 4 4 4 5 4 4 4 4 4 4 4 4 4
3 7 6 5 5 5 4 4 4 4 4 4 5 4 4 4 4 4 4 4 4
3 1 6 6 5 5 4 4 4 4 4 4 4 5 4 4 4 4 4 4 4
4 1 7 6 5 5 5 4 4 4 4 4 4 4 5 4 4 4 4 4 4
4 1 7 6 5 5 5 4 4 4 4 4 4 4 4 5 4 4 4 4 4
0 0 0 0 6 5 5 5 4 4 4 4 4 4 4 4 5 4 4 4 4
0 0 0 0 6 5 5 5 4 4 4 4 4 4 4 4 4 5 4 4 4
0 0 0 0 6 5 0 0 5 4 4 4 4 4 4 4 4 4 5 4 4
0 0 0 0 6 6 0 0 5 4 4 4 4 4 4 0 0 0 4 5 4
0 0 0 0 6 6 5 5 5 5 4 4 4 4 4 0 0 0 4 4 5
Output:
5 4 5 5 6 6 7 7 1 1 2 2 3 3 4 4 5 5 6 6 7
4 5 4 4 5 5 5 6 6 6 7 7 7 1 1 1 2 2 2 3 3
5 4 5 4 4 4 5 5 5 5 6 6 6 6 7 7 7 7 1 1 1
5 4 4 5 4 4 4 4 5 5 5 5 5 6 6 6 6 6 7 7 7
6 5 4 4 5 4 4 4 4 4 5 5 5 5 5 5 6 6 6 6 6
6 5 4 4 4 5 4 4 4 4 4 4 5 5 5 5 5 5 5 6 6
7 5 5 4 4 4 5 4 4 4 4 4 4 4 5 5 5 5 5 5 5
7 6 5 4 4 4 4 5 4 4 4 4 4 4 4 4 5 5 5 5 5
1 6 5 5 4 4 4 4 5 4 4 4 4 4 4 4 4 4 5 5 5
1 6 5 5 4 4 4 4 4 5 4 4 4 4 4 4 4 4 4 4 5
2 7 6 5 5 4 4 4 4 4 5 4 4 4 4 4 4 4 4 4 4
2 7 6 5 5 4 4 4 4 4 4 5 4 4 4 4 4 4 4 4 4
3 7 6 5 5 5 4 4 4 4 4 4 5 4 4 4 4 4 4 4 4
3 1 6 6 5 5 4 4 4 4 4 4 4 5 4 4 4 4 4 4 4
4 1 7 6 5 5 5 4 4 4 4 4 4 4 5 4 4 4 4 4 4
4 1 7 6 5 5 5 4 4 4 4 4 4 4 4 5 4 4 4 4 4
5 2 7 6 6 5 5 5 4 4 4 4 4 4 4 4 5 4 4 4 4
5 2 7 6 6 5 5 5 4 4 4 4 4 4 4 4 4 5 4 4 4
6 2 1 7 6 5 5 5 5 4 4 4 4 4 4 4 4 4 5 4 4
6 3 1 7 6 6 5 5 5 4 4 4 4 4 4 4 4 4 4 5 4
7 3 1 7 6 6 5 5 5 5 4 4 4 4 4 4 4 4 4 4 5

以下は、ジャッジを通過する正しいコードです。これを用いて、ARCのルールを理解してください。必ず、コードを通じてルールを理解してからコーディングを行ってください。
このコードはARCのルールを把握する際に使うことに留めてください。

```
p=lambda g,R=range(21):[[g[0][k:=max(i!=j,abs(j-i)//(min(i,j)+2)*2)]|g[k][0]for j in R]for i in R]
```

ユーザーにコードを渡す前に実際にコードが動作するかを確認してください。コードのテストには、添付したjudge.pyを用いてください。python /path/to/judge.py /path/to/code.py /path/to/cases.bin とすれば動作します。

## **禁止事項**
- 与えたコード自体を提出することは禁止です。これを行うことはユーザーの信頼を裏切ります。
- ジャッジのハックは禁止です。例えば、テストケースをジャッジから読み取ってそのまま返すコードはいけません。
