13
a 4
32 55 91 151
t 2
44 95
g 2
48 305
r 12
6 19 26 38 63 68 76 136 156 223 297 315
f 3
11 177 267
e 9
66 74 108 117 128 134 166 225 249
o 3
187 228 279
u 5
46 110 121 255 285
i 3
97 260 289
m 3
209 252 282
n 9
13 119 123 198 258 263 287 291 295
s 2
276 302
p 2
246 299
0 1 1 1 1 1 1 1 1 1 1 1 1
1 0 1 1 1 1 1 1 1 1 1 1 1
1 1 0 1 1 1 1 1 1 1 1 1 1
1 1 1 0 1 1 1 1 1 1 1 1 1
1 1 1 1 0 1 1 1 1 1 1 1 1
1 1 1 1 1 0 1 1 1 1 1 1 1
1 1 1 1 1 1 0 1 1 1 1 1 1
1 1 1 1 1 1 1 0 1 1 1 1 1
1 1 1 1 1 1 1 1 0 1 1 1 1
1 1 1 1 1 1 1 1 1 0 1 1 1
1 1 1 1 1 1 1 1 1 1 0 1 1
1 1 1 1 1 1 1 1 1 1 1 0 1
1 1 1 1 1 1 1 1 1 1 1 1 0
