ARCのケースに対して、list[list[int]] -> list[list[int]] のシグネチャを持つ関数`p`をPythonで実装してください。つまり、`def p(g):...` か `p=lambda g:...`というコードが期待されます。
コードはshortcodingのcompetitionに用いるため、アルゴリズムを工夫してできる限り短いコードを生成するよう努めてください。

Example 0:

Input:
8 8 8 0 0 0 0 0 0
1 8 8 0 8 1 8 0 0
8 8 8 0 1 1 8 0 0
0 0 0 0 8 8 8 0 0
0 8 8 1 0 0 0 0 0
0 8 8 8 0 0 8 1 8
0 8 1 8 0 0 1 8 1
0 0 0 0 0 0 1 8 1
0 0 0 0 0 0 0 0 0
Output:
8 1 8
1 8 1
1 8 1

Example 1:

Input:
0 8 8 1 0 0 0 0 0
0 8 1 8 0 8 1 8 0
0 8 8 8 0 1 8 8 0
0 0 0 0 0 8 8 1 0
0 0 8 1 8 0 0 0 0
0 0 1 1 8 0 0 0 0
0 0 8 8 1 0 8 8 8
0 0 0 0 0 0 8 8 8
0 0 0 0 0 0 1 8 8
Output:
8 1 8
1 1 8
8 8 1

Example 2:

Input:
0 0 0 0 8 8 8 0 0
8 8 8 0 8 8 8 0 0
8 8 8 0 1 8 8 0 0
8 8 8 0 0 0 0 0 0
0 0 0 0 0 0 8 1 8
8 1 8 0 0 0 1 1 8
8 8 1 0 0 0 1 8 1
1 8 8 0 0 0 0 0 0
0 0 0 0 0 0 0 0 0
Output:
8 1 8
1 1 8
1 8 1

Example 3:

Input:
0 0 1 1 8 0 0 0 0
0 0 8 8 1 0 8 1 1
0 0 1 1 8 0 1 1 1
0 0 0 0 0 0 8 1 8
8 8 8 0 0 0 0 0 0
8 8 1 0 8 1 8 0 0
1 8 8 0 1 8 8 0 0
0 0 0 0 8 8 1 0 0
0 0 0 0 0 0 0 0 0
Output:
8 1 1
1 1 1
8 1 8

Example 4:

Input:
8 8 8 0 0 0 8 1 8
8 8 8 0 0 0 1 8 1
1 8 8 0 0 0 8 1 8
0 0 0 8 1 8 0 0 0
0 0 0 8 8 1 0 0 0
0 0 0 1 8 8 0 0 0
0 0 0 0 0 0 1 1 8
0 0 0 0 0 0 8 1 1
0 0 0 0 0 0 1 1 8
Output:
1 1 8
8 1 1
1 1 8

Example 5:

Input:
0 0 0 0 0 0 0 0 0
1 8 1 0 8 8 1 0 0
8 8 8 0 8 8 8 0 0
8 8 1 0 8 8 8 0 0
0 0 0 0 0 0 0 0 0
1 8 8 0 0 0 0 0 0
1 8 1 0 0 0 1 1 8
1 1 8 0 0 0 1 1 1
0 0 0 0 0 0 1 1 1
Output:
1 1 8
1 1 1
1 1 1

Example 6:

Input:
0 8 8 8 0 1 8 1 0
0 1 1 8 0 1 1 1 0
0 1 1 8 0 8 1 8 0
0 0 0 0 0 0 0 0 0
0 8 1 8 0 0 0 0 0
0 8 8 8 0 0 0 0 0
0 8 8 8 0 8 8 8 0
0 0 0 0 0 1 1 8 0
0 0 0 0 0 1 1 1 0
Output:
1 8 1
1 1 1
8 1 8

Example 7:

Input:
0 8 8 8 0 0 1 1 1
0 8 8 1 0 0 8 1 1
0 8 8 8 0 0 8 1 1
0 0 0 0 0 0 0 0 0
0 0 0 0 0 0 0 0 0
0 8 8 8 0 0 0 0 0
0 8 8 8 0 0 8 1 1
0 8 8 8 0 0 1 8 1
0 0 0 0 0 0 1 1 8
Output:
1 1 1
8 1 1
8 1 1

以下は、ジャッジを通過する正しいコードです。これを用いて、ARCのルールを理解してください。必ず、コードを通じてルールを理解してからコーディングを行ってください。
このコードはARCのルールを把握する際に使うことに留めてください。

```
p=lambda g:min((sum(sum(a,[])),a)for x in range(49)if 0<min(min(a:=[r[x%7:][:3]for r in g[x//7:][:3]])))[1]
```

ユーザーにコードを渡す前に実際にコードが動作するかを確認してください。コードのテストには、添付したjudge.pyを用いてください。python /path/to/judge.py /path/to/code.py /path/to/cases.bin とすれば動作します。

## **禁止事項**
- 与えたコード自体を提出することは禁止です。これを行うことはユーザーの信頼を裏切ります。
- ジャッジのハックは禁止です。例えば、テストケースをジャッジから読み取ってそのまま返すコードはいけません。
