ARCのケースに対して、list[list[int]] -> list[list[int]] のシグネチャを持つ関数`p`をPythonで実装してください。つまり、`def p(g):...` か `p=lambda g:...`というコードが期待されます。
コードはshortcodingのcompetitionに用いるため、アルゴリズムを工夫してできる限り短いコードを生成するよう努めてください。

Example 0:

Input:
0 4 0 4 2 9 9 0 0 2 0 0 0 0
0 4 0 0 2 0 0 9 9 2 0 1 0 0
4 0 0 0 2 0 0 0 0 2 1 1 1 0
4 4 4 4 2 9 0 9 0 2 1 1 0 1
Output:
9 4 0 4
0 4 9 9
4 1 1 0
4 4 4 4

Example 1:

Input:
4 4 4 4 2 9 0 9 0 2 0 0 0 1
4 4 0 0 2 9 9 0 0 2 1 0 0 0
4 0 4 4 2 0 0 0 9 2 0 1 0 1
0 0 0 0 2 0 0 9 0 2 1 0 1 0
Output:
4 4 4 4
4 4 0 0
4 1 4 4
1 0 9 0

Example 2:

Input:
4 4 4 0 2 9 9 0 9 2 0 1 0 1
0 4 0 4 2 0 0 9 0 2 0 1 0 0
0 4 0 4 2 0 0 9 9 2 1 0 0 1
4 0 4 4 2 9 9 9 0 2 0 0 0 1
Output:
4 4 4 9
0 4 9 4
1 4 9 4
4 9 4 4

Example 3:

Input:
0 0 0 4 2 0 0 0 9 2 0 0 0 0
4 4 0 4 2 9 0 9 0 2 0 0 0 0
4 0 4 4 2 0 9 9 0 2 1 1 0 1
0 4 4 4 2 0 9 0 0 2 1 1 1 1
Output:
0 0 0 4
4 4 9 4
4 9 4 4
1 4 4 4

Example 4:

Input:
4 0 4 0 2 0 0 0 0 2 0 0 0 1
4 4 4 4 2 0 0 0 9 2 1 1 0 0
0 4 4 4 2 0 9 9 0 2 1 1 0 1
0 4 4 0 2 0 0 9 0 2 0 1 0 1
Output:
4 0 4 1
4 4 4 4
1 4 4 4
0 4 4 1

Example 5:

Input:
0 0 4 0 2 9 0 9 0 2 1 1 0 0
4 4 0 4 2 9 9 9 0 2 1 1 1 0
0 0 0 0 2 0 9 9 9 2 1 1 0 1
0 4 4 0 2 9 0 9 9 2 1 0 0 0
Output:
9 1 4 0
4 4 9 4
1 9 9 9
9 4 4 9

Example 6:

Input:
0 0 4 4 2 0 9 9 0 2 0 1 0 1
4 0 0 4 2 0 0 0 0 2 1 0 0 0
4 4 0 0 2 9 0 0 0 2 1 1 0 1
4 4 4 0 2 9 9 9 0 2 0 0 0 0
Output:
0 9 4 4
4 0 0 4
4 4 0 1
4 4 4 0

Example 7:

Input:
4 0 0 0 2 9 0 9 0 2 1 1 0 0
4 4 0 0 2 0 0 9 9 2 0 1 0 1
0 0 0 0 2 0 0 0 0 2 1 1 0 1
0 0 4 0 2 0 9 9 0 2 1 0 0 0
Output:
4 1 9 0
4 4 9 9
1 1 0 1
1 9 4 0

以下は、ジャッジを通過する正しいコードです。これを用いて、ARCのルールを理解してください。必ず、コードを通じてルールを理解してからコーディングを行ってください。
このコードはARCのルールを把握する際に使うことに留めてください。

```
p=lambda g:[[*eval('s.pop(0)or s[4]or s[9],'*4)]for s in g]
```

ユーザーにコードを渡す前に実際にコードが動作するかを確認してください。コードのテストには、添付したstandalone_judge.pyを用いてください。python /path/to/standalone_judge.py /path/to/code.py とすれば動作します。
このPythonファイルは非常に大きなケースを含むので、あなたのコンテキストを圧迫します。そのため、このファイルを全て読んではいけません。

## **禁止事項**
- 与えたコード自体を提出することは禁止です。これを行うことはユーザーの信頼を裏切ります。
- ジャッジのハックは禁止です。例えば、テストケースをジャッジから読み取ってそのまま返すコードはいけません。
