ARCのケースに対して、list[list[int]] -> list[list[int]] のシグネチャを持つ関数`p`をPythonで実装してください。つまり、`def p(g):...` か `p=lambda g:...`というコードが期待されます。
コードはshortcodingのcompetitionに用いるため、アルゴリズムを工夫してできる限り短いコードを生成するよう努めてください。

Example 0:

Input:
0 0 2 0 0 6 0 0 0 8
0 0 0 0 0 0 0 0 0 0
0 0 0 0 5 5 5 5 0 0
0 0 0 0 5 5 5 5 0 0
0 5 5 0 5 5 5 5 0 0
0 5 5 0 5 5 5 5 0 0
0 5 5 0 0 0 0 0 0 0
0 5 5 0 0 0 0 5 5 5
0 5 5 0 0 0 0 5 5 5
0 0 0 0 0 0 0 5 5 5
Output:
0 0 2 0 0 6 0 0 0 8
0 0 0 0 0 0 0 0 0 0
0 0 0 0 6 6 6 6 0 0
0 0 0 0 6 6 6 6 0 0
0 2 2 0 6 6 6 6 0 0
0 2 2 0 6 6 6 6 0 0
0 2 2 0 0 0 0 0 0 0
0 2 2 0 0 0 0 8 8 8
0 2 2 0 0 0 0 8 8 8
0 0 0 0 0 0 0 8 8 8

Example 1:

Input:
0 1 0 0 0 4 0 0 7 0
0 0 0 0 0 0 0 0 0 0
5 5 5 5 0 0 0 5 5 5
5 5 5 5 0 0 0 5 5 5
5 5 5 5 0 0 0 5 5 5
5 5 5 5 0 0 0 5 5 5
0 0 0 0 0 0 0 0 0 0
0 0 0 5 5 5 5 0 0 0
0 0 0 5 5 5 5 0 0 0
0 0 0 0 0 0 0 0 0 0
Output:
0 1 0 0 0 4 0 0 7 0
0 0 0 0 0 0 0 0 0 0
1 1 1 1 0 0 0 7 7 7
1 1 1 1 0 0 0 7 7 7
1 1 1 1 0 0 0 7 7 7
1 1 1 1 0 0 0 7 7 7
0 0 0 0 0 0 0 0 0 0
0 0 0 4 4 4 4 0 0 0
0 0 0 4 4 4 4 0 0 0
0 0 0 0 0 0 0 0 0 0

Example 2:

Input:
0 1 0 0 0 6 0 0 7 0
0 0 0 0 0 0 0 0 0 0
0 5 5 0 0 0 0 0 0 0
0 5 5 0 0 0 0 5 5 5
0 5 5 0 0 0 0 5 5 5
0 0 0 5 5 5 0 0 0 0
0 0 0 5 5 5 0 0 0 0
0 0 0 5 5 5 0 0 0 0
0 0 0 0 0 0 0 0 0 0
0 0 0 0 0 0 0 0 0 0
Output:
0 1 0 0 0 6 0 0 7 0
0 0 0 0 0 0 0 0 0 0
0 1 1 0 0 0 0 0 0 0
0 1 1 0 0 0 0 7 7 7
0 1 1 0 0 0 0 7 7 7
0 0 0 6 6 6 0 0 0 0
0 0 0 6 6 6 0 0 0 0
0 0 0 6 6 6 0 0 0 0
0 0 0 0 0 0 0 0 0 0
0 0 0 0 0 0 0 0 0 0

Example 3:

Input:
3 0 0 0 6 0 0 0 9 0
0 0 0 0 0 0 0 0 0 0
0 0 5 5 5 5 5 0 5 5
0 0 5 5 5 5 5 0 5 5
0 0 5 5 5 5 5 0 5 5
0 0 5 5 5 5 5 0 5 5
0 0 0 0 0 0 0 0 5 5
5 5 5 5 0 0 0 0 5 5
5 5 5 5 0 0 0 0 5 5
0 0 0 0 0 0 0 0 0 0
Output:
3 0 0 0 6 0 0 0 9 0
0 0 0 0 0 0 0 0 0 0
0 0 6 6 6 6 6 0 9 9
0 0 6 6 6 6 6 0 9 9
0 0 6 6 6 6 6 0 9 9
0 0 6 6 6 6 6 0 9 9
0 0 0 0 0 0 0 0 9 9
3 3 3 3 0 0 0 0 9 9
3 3 3 3 0 0 0 0 9 9
0 0 0 0 0 0 0 0 0 0

Example 4:

Input:
2 0 0 0 7 0 0 0 4 0
0 0 0 0 0 0 0 0 0 0
0 0 0 0 5 5 0 0 0 0
5 5 5 0 5 5 0 5 5 0
5 5 5 0 5 5 0 5 5 0
5 5 5 0 5 5 0 5 5 0
5 5 5 0 5 5 0 5 5 0
5 5 5 0 5 5 0 5 5 0
5 5 5 0 5 5 0 0 0 0
0 0 0 0 0 0 0 0 0 0
Output:
2 0 0 0 7 0 0 0 4 0
0 0 0 0 0 0 0 0 0 0
0 0 0 0 7 7 0 0 0 0
2 2 2 0 7 7 0 4 4 0
2 2 2 0 7 7 0 4 4 0
2 2 2 0 7 7 0 4 4 0
2 2 2 0 7 7 0 4 4 0
2 2 2 0 7 7 0 4 4 0
2 2 2 0 7 7 0 0 0 0
0 0 0 0 0 0 0 0 0 0

Example 5:

Input:
0 0 2 0 3 0 0 6 0 0
0 0 0 0 0 0 0 0 0 0
0 0 5 5 0 5 5 5 5 0
0 0 5 5 0 5 5 5 5 0
0 0 5 5 0 0 0 0 0 0
0 0 5 5 0 0 0 0 0 0
0 0 0 0 0 0 0 0 0 0
0 0 0 5 5 5 5 0 0 0
0 0 0 5 5 5 5 0 0 0
0 0 0 5 5 5 5 0 0 0
Output:
0 0 2 0 3 0 0 6 0 0
0 0 0 0 0 0 0 0 0 0
0 0 2 2 0 6 6 6 6 0
0 0 2 2 0 6 6 6 6 0
0 0 2 2 0 0 0 0 0 0
0 0 2 2 0 0 0 0 0 0
0 0 0 0 0 0 0 0 0 0
0 0 0 3 3 3 3 0 0 0
0 0 0 3 3 3 3 0 0 0
0 0 0 3 3 3 3 0 0 0

Example 6:

Input:
2 0 0 0 0 4 0 0 1 0
0 0 0 0 0 0 0 0 0 0
0 0 0 5 5 5 5 0 0 0
0 0 0 5 5 5 5 0 0 0
0 0 0 0 0 0 0 0 0 0
5 5 0 0 0 0 0 0 0 0
5 5 0 0 0 0 0 0 0 0
5 5 0 0 0 0 0 0 0 0
5 5 0 0 0 0 0 5 5 5
5 5 0 0 0 0 0 5 5 5
Output:
2 0 0 0 0 4 0 0 1 0
0 0 0 0 0 0 0 0 0 0
0 0 0 4 4 4 4 0 0 0
0 0 0 4 4 4 4 0 0 0
0 0 0 0 0 0 0 0 0 0
2 2 0 0 0 0 0 0 0 0
2 2 0 0 0 0 0 0 0 0
2 2 0 0 0 0 0 0 0 0
2 2 0 0 0 0 0 1 1 1
2 2 0 0 0 0 0 1 1 1

Example 7:

Input:
0 0 7 0 8 0 0 0 2 0
0 0 0 0 0 0 0 0 0 0
0 0 0 0 0 0 0 0 0 0
0 0 5 5 0 0 0 0 0 0
0 0 5 5 0 0 0 0 0 0
0 0 5 5 0 0 5 5 5 5
0 0 0 0 0 0 5 5 5 5
0 0 0 5 5 0 5 5 5 5
0 0 0 5 5 0 5 5 5 5
0 0 0 0 0 0 0 0 0 0
Output:
0 0 7 0 8 0 0 0 2 0
0 0 0 0 0 0 0 0 0 0
0 0 0 0 0 0 0 0 0 0
0 0 7 7 0 0 0 0 0 0
0 0 7 7 0 0 0 0 0 0
0 0 7 7 0 0 2 2 2 2
0 0 0 0 0 0 2 2 2 2
0 0 0 8 8 0 2 2 2 2
0 0 0 8 8 0 2 2 2 2
0 0 0 0 0 0 0 0 0 0

以下は、ジャッジを通過する正しいコードです。これを用いて、ARCのルールを理解してください。必ず、コードを通じてルールを理解してからコーディングを行ってください。
このコードはARCのルールを把握する際に使うことに留めてください。

```
def p(g):
 A=range;r=[x[:]for x in g]
 def d(i,j,c):
  if 0<=i<10and 0<=j<10and r[i][j]==5:r[i][j]=c;[d(i+a,j+b,c)for(a,b)in[(-1,0),(1,0),(0,-1),(0,1)]]
 [[d(i,j,g[0][j])for i in A(1,10)if r[i][j]==5]for j in A(10)if g[0][j]];return r
```

ユーザーにコードを渡す前に実際にコードが動作するかを確認してください。コードのテストには、添付したstandalone_judge.pyを用いてください。python /path/to/standalone_judge.py /path/to/code.py とすれば動作します。
このPythonファイルは非常に大きなケースを含むので、あなたのコンテキストを圧迫します。そのため、このファイルを全て読んではいけません。

## **禁止事項**
- 与えたコード自体を提出することは禁止です。これを行うことはユーザーの信頼を裏切ります。
- ジャッジのハックは禁止です。例えば、テストケースをジャッジから読み取ってそのまま返すコードはいけません。
