14
A 3
0 36 57
d 2
53 103
f 2
201 258
g 5
15 26 99 165 188
l 4
34 113 123 137
m 6
84 108 222 237 284 292
r 4
55 115 125 135
s 8
94 111 121 153 167 176 183 197
t 3
20 38 63
u 2
32 101
v 2
147 155
w 3
143 214 282
x 2
251 271
y 3
245 261 273
0 1 1 1 1 1 1 1 1 1 0 1 0 0
1 0 1 1 1 1 1 1 1 1 0 1 0 0
1 1 0 1 1 1 1 1 1 1 0 1 1 1
1 1 1 0 1 1 1 1 1 1 1 1 0 0
1 1 1 1 0 1 1 1 1 1 0 1 0 0
1 1 1 1 1 0 1 1 1 1 0 1 1 1
1 1 1 1 1 1 0 1 1 1 0 1 0 0
1 1 1 1 1 1 1 0 1 1 1 1 0 0
1 1 1 1 1 1 1 1 0 1 0 1 0 0
1 1 1 1 1 1 1 1 1 0 0 1 0 0
0 0 0 1 0 0 0 1 0 0 0 0 0 0
1 1 1 1 1 1 1 1 1 1 0 0 1 1
0 0 1 0 0 1 0 0 0 0 0 1 0 1
0 0 1 0 0 1 0 0 0 0 0 1 1 0
