9
a 10
142 165 246 269 350 373 454 477 559 582
b 10
153 167 257 271 361 375 465 479 570 584
g 6
6 123 227 331 435 540
i 20
76 88 125 138 180 192 229 242 284 296 333 346 388 400 437 450 493 505 542 555
j 20
80 106 128 149 184 210 232 253 288 314 336 357 392 418 440 461 497 523 545 566
t 5
11 488 604 621 629
u 10
62 72 172 176 276 280 380 384 484 589
x 14
43 82 151 186 255 290 359 394 463 499 568 611 636 644
y 14
21 78 140 182 244 286 348 390 452 495 557 606 631 663
0 1 0 1 1 0 1 1 1
1 0 0 1 1 0 1 1 1
0 0 0 1 1 1 1 1 1
1 1 1 0 1 0 1 1 1
1 1 1 1 0 0 1 1 1
0 0 1 0 0 0 1 1 1
1 1 1 1 1 1 0 1 1
1 1 1 1 1 1 1 0 1
1 1 1 1 1 1 1 1 0
