ARCのケースに対して、list[list[int]] -> list[list[int]] のシグネチャを持つ関数`p`をPythonで実装してください。つまり、`def p(g):...` か `p=lambda g:...`というコードが期待されます。
コードはshortcodingのcompetitionに用いるため、アルゴリズムを工夫してできる限り短いコードを生成するよう努めてください。

Example 0:

Input:
0 0 0 0 0 0 0 0 0 0
0 0 0 0 0 0 0 0 0 0
0 7 0 0 0 0 0 0 0 0
0 7 7 0 0 0 0 0 0 0
0 0 0 0 0 0 7 7 0 0
0 0 0 0 0 0 0 7 0 0
0 0 0 0 0 0 0 0 0 0
0 0 0 0 0 0 0 0 0 0
0 0 0 0 0 0 0 0 0 0
0 0 0 0 0 0 0 0 0 0
Output:
0 0 0 0 7 0 0 0 0 0
0 0 0 7 0 0 0 0 0 0
0 7 0 0 0 0 0 0 0 0
0 7 7 0 0 0 0 0 0 0
0 0 0 0 0 0 7 7 0 0
0 0 0 0 0 0 0 7 0 0
0 0 0 0 0 7 0 0 0 0
0 0 0 0 7 0 0 0 0 0
0 0 0 7 0 0 0 0 0 0
0 0 7 0 0 0 0 0 0 0

Example 1:

Input:
0 0 0 0 0 0 0 0 0 0
0 0 0 9 9 0 0 0 0 0
0 0 0 0 9 0 0 0 0 0
0 0 0 0 0 0 0 0 0 0
0 0 0 0 0 0 0 0 0 0
0 0 0 0 0 0 0 0 0 0
0 0 0 9 0 0 0 0 0 0
0 0 0 9 9 0 0 0 0 0
0 0 0 0 0 0 0 0 0 0
0 0 0 0 0 0 0 0 0 0
Output:
0 0 0 0 0 0 0 0 0 0
0 0 0 9 9 0 0 0 0 9
0 0 0 0 9 0 0 0 9 0
0 0 9 0 0 0 0 9 0 0
0 9 0 0 0 0 9 0 0 0
9 0 0 0 0 9 0 0 0 0
0 0 0 9 0 0 0 0 0 0
0 0 0 9 9 0 0 0 0 0
0 0 0 0 0 0 0 0 0 0
0 0 0 0 0 0 0 0 0 0

Example 2:

Input:
0 0 0 0 0 0 0 0 0 0
0 0 0 0 0 0 0 0 0 0
0 0 0 0 8 0 0 0 0 0
0 0 0 8 8 0 0 0 0 0
0 0 0 0 0 0 0 8 8 0
0 0 0 0 0 0 0 8 0 0
0 0 8 8 0 0 0 0 0 0
0 0 0 8 0 0 0 0 0 0
0 0 0 0 0 0 0 0 0 0
0 0 0 0 0 0 0 0 0 0
Output:
0 8 0 0 0 0 0 0 0 0
0 0 8 0 0 0 0 0 0 0
0 0 0 0 8 0 0 0 0 0
0 0 0 8 8 0 0 0 0 0
0 0 0 0 0 0 0 8 8 0
0 0 0 0 0 0 0 8 0 0
0 0 8 8 0 0 0 0 0 8
0 0 0 8 0 0 0 0 0 0
0 8 0 0 0 0 0 0 0 0
8 0 0 0 0 0 0 0 0 0

Example 3:

Input:
0 0 0 0 0 0 0 0 0 0
0 0 0 0 0 0 0 0 0 0
0 0 8 0 0 0 0 0 0 0
0 8 8 0 0 0 0 0 0 0
0 0 0 0 0 0 0 0 0 0
0 0 0 0 0 0 0 0 0 0
0 0 0 0 0 0 0 0 0 0
0 0 0 0 8 8 0 0 0 0
0 0 0 0 8 0 0 0 0 0
0 0 0 0 0 0 0 0 0 0
Output:
0 0 0 0 0 0 0 0 0 0
8 0 0 0 0 0 0 0 0 0
0 0 8 0 0 0 0 0 0 0
0 8 8 0 0 0 0 0 0 0
0 0 0 0 0 0 0 0 0 0
0 0 0 0 0 0 0 0 0 0
0 0 0 0 0 0 0 0 0 0
0 0 0 0 8 8 0 0 0 0
0 0 0 0 8 0 0 0 0 0
0 0 0 0 0 0 8 0 0 0

Example 4:

Input:
0 0 0 0 0 0 0 0 0 0
0 6 6 0 0 0 0 0 0 0
0 0 6 0 0 0 0 0 0 0
0 0 0 0 0 0 0 0 0 0
0 0 0 0 0 0 0 0 0 0
0 0 0 0 0 0 0 0 0 0
0 0 0 0 0 0 0 0 0 0
0 0 0 0 6 6 0 0 0 0
0 0 0 0 6 0 0 0 0 0
0 0 0 0 0 0 0 0 0 0
Output:
0 0 0 0 0 0 0 0 0 0
0 6 6 0 0 0 0 0 0 0
0 0 6 0 0 0 0 0 0 0
6 0 0 0 0 0 0 0 0 0
0 0 0 0 0 0 0 0 0 0
0 0 0 0 0 0 0 0 0 0
0 0 0 0 0 0 0 0 0 0
0 0 0 0 6 6 0 0 0 0
0 0 0 0 6 0 0 0 0 0
0 0 0 0 0 0 6 0 0 0

Example 5:

Input:
0 0 0 0 0 0 0 0 0 0
0 0 0 8 0 0 0 0 0 0
0 0 8 8 0 0 0 0 0 0
0 0 0 0 0 0 0 0 0 0
0 0 0 0 0 0 0 0 0 0
0 0 0 0 0 0 0 8 8 0
0 0 0 0 0 0 0 0 8 0
0 0 0 0 0 0 0 0 0 0
0 0 0 0 0 0 0 0 0 0
0 0 0 0 0 0 0 0 0 0
Output:
0 8 0 0 0 0 0 0 0 0
0 0 0 8 0 0 0 0 0 0
0 0 8 8 0 0 0 0 0 0
0 0 0 0 0 0 0 0 0 0
0 0 0 0 0 0 0 0 0 0
0 0 0 0 0 0 0 8 8 0
0 0 0 0 0 0 0 0 8 0
0 0 0 0 0 0 8 0 0 0
0 0 0 0 0 8 0 0 0 0
0 0 0 0 8 0 0 0 0 0

Example 6:

Input:
0 0 0 0 0 0 0 0 0 0
0 0 0 0 3 0 0 0 0 0
0 0 0 0 3 3 0 0 0 0
0 0 0 0 0 0 0 0 0 0
0 0 0 0 0 0 0 0 0 0
0 0 0 0 0 0 0 0 0 0
0 0 0 0 0 0 0 0 0 0
0 3 3 0 0 3 3 0 0 0
0 0 3 0 0 3 0 0 0 0
0 0 0 0 0 0 0 0 0 0
Output:
0 0 0 0 0 0 3 0 0 0
0 0 0 0 3 0 0 0 0 0
0 0 0 0 3 3 0 0 0 0
0 0 0 0 0 0 0 0 0 0
0 0 0 0 0 0 0 0 0 0
0 0 0 0 0 0 0 0 0 0
0 0 0 0 0 0 0 0 0 0
0 3 3 0 0 3 3 0 0 0
0 0 3 0 0 3 0 0 0 0
3 0 0 0 0 0 0 3 0 0

Example 7:

Input:
0 0 0 0 0 0 0 0 0 0
0 8 8 0 0 0 0 0 0 0
0 0 8 0 0 0 0 0 0 0
0 0 0 0 0 0 0 8 0 0
0 0 0 0 0 0 0 8 8 0
0 0 0 0 0 0 0 0 0 0
0 0 0 0 0 0 0 0 0 0
0 0 0 0 0 8 8 0 0 0
0 0 0 0 0 8 0 0 0 0
0 0 0 0 0 0 0 0 0 0
Output:
0 0 0 0 0 0 0 0 0 0
0 8 8 0 0 0 0 0 0 0
0 0 8 0 0 0 0 0 0 8
8 0 0 0 0 0 0 8 0 0
0 0 0 0 0 0 0 8 8 0
0 0 0 0 0 0 0 0 0 0
0 0 0 0 0 0 0 0 0 0
0 0 0 0 0 8 8 0 0 0
0 0 0 0 0 8 0 0 0 0
0 0 0 0 0 0 0 8 0 0

以下は、ジャッジを通過する正しいコードです。これを用いて、ARCのルールを理解してください。必ず、コードを通じてルールを理解してからコーディングを行ってください。
このコードはARCのルールを把握する際に使うことに留めてください。

```
def p(g):
 A,B=len(g),len(g[0])
 for i in range(A):
  for j in range(B):
   x=g[i][j]
   if x:
    E=F=G=0
    for(C,D)in(1,0),(-1,0),(0,1),(0,-1):
     if 0<=i+C<A and 0<=j+D<B and g[i+C][j+D]==x:E+=C;F+=D;G+=1
    if G==2:
     t=1
     while 1:
      t+=1;a,b=i+E*t,j+F*t
      if a<0 or a>=A or b<0 or b>=B:break
      if not g[a][b]:g[a][b]=x
 return g
```

ユーザーにコードを渡す前に実際にコードが動作するかを確認してください。コードのテストには、添付したstandalone_judge.pyを用いてください。python /path/to/standalone_judge.py /path/to/code.py とすれば動作します。
このPythonファイルは非常に大きなケースを含むので、あなたのコンテキストを圧迫します。そのため、このファイルを全て読んではいけません。

## **禁止事項**
- 与えたコード自体を提出することは禁止です。これを行うことはユーザーの信頼を裏切ります。
- ジャッジのハックは禁止です。例えば、テストケースをジャッジから読み取ってそのまま返すコードはいけません。
