ARCのケースに対して、list[list[int]] -> list[list[int]] のシグネチャを持つ関数`p`をPythonで実装してください。つまり、`def p(g):...` か `p=lambda g:...`というコードが期待されます。
コードはshortcodingのcompetitionに用いるため、アルゴリズムを工夫してできる限り短いコードを生成するよう努めてください。

Example 0:

Input:
0 4 4 4 4 4 4 4 4 4 4 4 4 4 0
2 0 0 0 0 0 0 0 0 0 0 0 0 0 3
2 0 0 0 0 0 0 0 0 0 3 0 0 0 3
2 0 0 2 0 0 0 0 0 0 0 0 0 0 3
2 0 0 0 0 0 0 7 0 0 0 0 0 0 3
2 0 0 3 0 0 0 0 0 0 0 0 0 0 3
2 0 0 0 0 8 0 0 0 0 0 0 0 0 3
2 0 0 0 0 0 0 0 0 4 0 2 0 0 3
2 0 0 0 0 0 0 0 0 0 0 0 0 0 3
0 8 8 8 8 8 8 8 8 8 8 8 8 8 0
Output:
0 4 4 4 4 4 4 4 4 4 4 4 4 4 0
2 0 0 0 0 0 0 0 0 4 0 0 0 0 3
2 0 0 0 0 0 0 0 0 0 0 0 0 3 3
2 2 0 0 0 0 0 0 0 0 0 0 0 0 3
2 0 0 0 0 0 0 0 0 0 0 0 0 0 3
2 0 0 0 0 0 0 0 0 0 0 0 0 3 3
2 0 0 0 0 0 0 0 0 0 0 0 0 0 3
2 2 0 0 0 0 0 0 0 0 0 0 0 0 3
2 0 0 0 0 8 0 0 0 0 0 0 0 0 3
0 8 8 8 8 8 8 8 8 8 8 8 8 8 0

Example 1:

Input:
0 1 1 1 1 1 1 1 1 1 1 0
2 0 0 0 0 0 0 0 0 0 0 4
2 0 0 0 0 0 0 0 0 7 0 4
2 0 0 0 0 0 0 2 0 0 0 4
2 0 0 0 3 0 0 0 0 0 0 4
2 0 0 0 0 0 0 0 0 0 0 4
2 0 0 0 0 0 0 0 4 0 0 4
2 0 0 0 0 0 0 0 0 0 0 4
2 0 0 8 0 0 0 0 0 0 0 4
2 0 0 0 0 1 0 0 7 0 0 4
2 0 0 0 0 0 0 0 0 0 0 4
0 7 7 7 7 7 7 7 7 7 7 0
Output:
0 1 1 1 1 1 1 1 1 1 1 0
2 0 0 0 0 1 0 0 0 0 0 4
2 0 0 0 0 0 0 0 0 0 0 4
2 2 0 0 0 0 0 0 0 0 0 4
2 0 0 0 0 0 0 0 0 0 0 4
2 0 0 0 0 0 0 0 0 0 0 4
2 0 0 0 0 0 0 0 0 0 4 4
2 0 0 0 0 0 0 0 0 0 0 4
2 0 0 0 0 0 0 0 0 0 0 4
2 0 0 0 0 0 0 0 0 0 0 4
2 0 0 0 0 0 0 0 7 7 0 4
0 7 7 7 7 7 7 7 7 7 7 0

Example 2:

Input:
0 6 6 6 6 6 6 6 6 6 0
4 0 0 0 0 0 0 0 0 0 8
4 0 2 0 0 0 0 0 0 0 8
4 0 0 0 0 0 0 0 6 0 8
4 0 0 0 8 0 0 0 0 0 8
4 0 0 0 0 0 0 0 0 0 8
4 0 0 0 0 0 0 0 0 0 8
4 0 0 4 0 0 0 0 0 0 8
4 0 0 0 0 0 0 0 0 0 8
4 0 0 0 0 0 8 0 0 0 8
4 0 8 0 0 0 0 0 0 0 8
4 0 0 0 0 0 0 0 0 0 8
4 0 0 0 0 0 0 0 0 0 8
0 3 3 3 3 3 3 3 3 3 0
Output:
0 6 6 6 6 6 6 6 6 6 0
4 0 0 0 0 0 0 0 6 0 8
4 0 0 0 0 0 0 0 0 0 8
4 0 0 0 0 0 0 0 0 0 8
4 0 0 0 0 0 0 0 0 8 8
4 0 0 0 0 0 0 0 0 0 8
4 0 0 0 0 0 0 0 0 0 8
4 4 0 0 0 0 0 0 0 0 8
4 0 0 0 0 0 0 0 0 0 8
4 0 0 0 0 0 0 0 0 8 8
4 0 0 0 0 0 0 0 0 8 8
4 0 0 0 0 0 0 0 0 0 8
4 0 0 0 0 0 0 0 0 0 8
0 3 3 3 3 3 3 3 3 3 0

Example 3:

Input:
0 4 4 4 4 4 4 4 4 4 4 4 4 4 4 4 0
1 0 0 0 0 0 0 0 0 0 0 0 0 0 0 0 2
1 0 0 0 0 0 0 8 0 0 0 0 1 0 0 0 2
1 0 0 2 0 0 0 0 0 0 0 0 0 0 3 0 2
1 0 0 0 0 0 0 0 0 0 0 0 0 0 0 0 2
1 0 0 0 0 0 1 0 0 0 7 0 0 8 0 0 2
1 0 0 0 0 0 0 0 0 0 0 0 0 0 0 0 2
1 0 0 0 2 0 0 0 0 0 0 0 0 0 0 0 2
1 0 0 0 0 0 0 0 0 0 0 0 0 0 0 0 2
1 0 0 0 0 6 0 0 4 0 0 0 0 0 4 0 2
1 0 0 8 0 0 0 0 0 0 0 1 0 0 0 0 2
1 0 0 0 0 0 0 0 0 0 0 0 0 0 0 0 2
1 0 0 0 0 0 0 0 0 0 0 0 0 0 0 0 2
0 8 8 8 8 8 8 8 8 8 8 8 8 8 8 8 0
Output:
0 4 4 4 4 4 4 4 4 4 4 4 4 4 4 4 0
1 0 0 0 0 0 0 0 4 0 0 0 0 0 4 0 2
1 1 0 0 0 0 0 0 0 0 0 0 0 0 0 0 2
1 0 0 0 0 0 0 0 0 0 0 0 0 0 0 2 2
1 0 0 0 0 0 0 0 0 0 0 0 0 0 0 0 2
1 1 0 0 0 0 0 0 0 0 0 0 0 0 0 0 2
1 0 0 0 0 0 0 0 0 0 0 0 0 0 0 0 2
1 0 0 0 0 0 0 0 0 0 0 0 0 0 0 2 2
1 0 0 0 0 0 0 0 0 0 0 0 0 0 0 0 2
1 0 0 0 0 0 0 0 0 0 0 0 0 0 0 0 2
1 1 0 0 0 0 0 0 0 0 0 0 0 0 0 0 2
1 0 0 0 0 0 0 0 0 0 0 0 0 0 0 0 2
1 0 0 8 0 0 0 8 0 0 0 0 0 8 0 0 2
0 8 8 8 8 8 8 8 8 8 8 8 8 8 8 8 0

Example 4:

Input:
0 8 8 8 8 8 8 8 8 8 8 8 8 8 8 8 8 0
1 0 0 0 0 0 0 0 0 0 0 0 0 0 0 0 0 3
1 0 1 3 0 0 0 0 0 0 0 0 0 0 4 0 0 3
1 0 0 0 0 0 0 0 0 0 0 0 0 0 0 0 0 3
1 0 0 0 0 0 0 0 0 0 0 0 0 0 0 0 0 3
1 0 3 5 0 8 0 0 0 0 0 0 0 0 0 0 0 3
1 0 0 8 0 0 0 0 0 0 1 0 0 0 0 0 0 3
1 0 0 0 0 7 0 0 0 0 0 0 0 0 0 0 0 3
1 0 0 0 0 2 0 0 0 0 0 0 0 0 0 0 0 3
1 0 0 0 0 0 0 0 0 0 0 0 0 0 0 0 0 3
0 5 5 5 5 5 5 5 5 5 5 5 5 5 5 5 5 0
Output:
0 8 8 8 8 8 8 8 8 8 8 8 8 8 8 8 8 0
1 0 0 8 0 8 0 0 0 0 0 0 0 0 0 0 0 3
1 1 0 0 0 0 0 0 0 0 0 0 0 0 0 0 3 3
1 0 0 0 0 0 0 0 0 0 0 0 0 0 0 0 0 3
1 0 0 0 0 0 0 0 0 0 0 0 0 0 0 0 0 3
1 0 0 0 0 0 0 0 0 0 0 0 0 0 0 0 3 3
1 1 0 0 0 0 0 0 0 0 0 0 0 0 0 0 0 3
1 0 0 0 0 0 0 0 0 0 0 0 0 0 0 0 0 3
1 0 0 0 0 0 0 0 0 0 0 0 0 0 0 0 0 3
1 0 0 5 0 0 0 0 0 0 0 0 0 0 0 0 0 3
0 5 5 5 5 5 5 5 5 5 5 5 5 5 5 5 5 0

Example 5:

Input:
0 9 9 9 9 9 9 9 9 9 0
5 0 0 0 0 0 0 0 0 0 2
5 0 2 0 0 0 0 0 0 0 2
5 0 8 0 0 0 0 0 0 0 2
5 0 0 0 0 0 0 0 0 0 2
5 0 2 0 0 0 0 0 0 0 2
5 0 0 0 0 0 0 0 0 0 2
5 0 0 0 6 5 0 0 0 0 2
5 0 0 0 0 0 0 9 0 0 2
5 0 0 0 0 0 2 8 0 0 2
5 0 0 0 0 0 9 1 0 0 2
5 0 0 0 0 9 0 0 0 0 2
5 0 0 5 0 0 0 0 0 0 2
5 0 0 0 0 0 0 0 0 0 2
0 8 8 8 8 8 8 8 8 8 0
Output:
0 9 9 9 9 9 9 9 9 9 0
5 0 0 0 0 9 9 9 0 0 2
5 0 0 0 0 0 0 0 0 2 2
5 0 0 0 0 0 0 0 0 0 2
5 0 0 0 0 0 0 0 0 0 2
5 0 0 0 0 0 0 0 0 2 2
5 0 0 0 0 0 0 0 0 0 2
5 5 0 0 0 0 0 0 0 0 2
5 0 0 0 0 0 0 0 0 0 2
5 0 0 0 0 0 0 0 0 2 2
5 0 0 0 0 0 0 0 0 0 2
5 0 0 0 0 0 0 0 0 0 2
5 5 0 0 0 0 0 0 0 0 2
5 0 8 0 0 0 0 8 0 0 2
0 8 8 8 8 8 8 8 8 8 0

Example 6:

Input:
0 2 2 2 2 2 2 2 2 2 0
3 0 0 0 0 0 0 0 0 0 1
3 0 0 0 0 0 0 0 0 0 1
3 0 0 0 3 0 0 0 0 0 1
3 0 0 0 0 0 0 0 0 0 1
3 0 0 0 0 0 0 0 0 0 1
3 0 0 0 6 0 0 0 7 0 1
3 0 0 0 0 0 1 0 0 0 1
3 0 0 0 0 0 0 0 0 0 1
3 0 0 0 0 0 0 0 0 0 1
3 0 0 0 0 0 0 0 0 0 1
3 0 0 0 0 0 0 3 0 0 1
3 0 0 2 3 0 0 0 0 0 1
3 0 0 0 0 0 0 0 0 0 1
3 0 0 0 0 2 0 0 0 0 1
3 0 0 0 0 0 0 0 0 0 1
0 6 6 6 6 6 6 6 6 6 0
Output:
0 2 2 2 2 2 2 2 2 2 0
3 0 0 2 0 2 0 0 0 0 1
3 0 0 0 0 0 0 0 0 0 1
3 3 0 0 0 0 0 0 0 0 1
3 0 0 0 0 0 0 0 0 0 1
3 0 0 0 0 0 0 0 0 0 1
3 0 0 0 0 0 0 0 0 0 1
3 0 0 0 0 0 0 0 0 1 1
3 0 0 0 0 0 0 0 0 0 1
3 0 0 0 0 0 0 0 0 0 1
3 0 0 0 0 0 0 0 0 0 1
3 3 0 0 0 0 0 0 0 0 1
3 3 0 0 0 0 0 0 0 0 1
3 0 0 0 0 0 0 0 0 0 1
3 0 0 0 0 0 0 0 0 0 1
3 0 0 0 6 0 0 0 0 0 1
0 6 6 6 6 6 6 6 6 6 0

Example 7:

Input:
0 1 1 1 1 1 1 1 1 1 1 1 1 1 0
7 0 0 0 0 0 0 0 0 0 0 0 0 0 6
7 0 3 0 0 1 0 0 0 3 0 0 0 0 6
7 0 0 0 0 0 0 0 0 0 0 0 0 0 6
7 0 0 0 0 7 0 0 8 0 0 0 0 0 6
7 0 0 0 0 0 3 0 0 0 0 0 0 0 6
7 0 0 0 0 0 0 0 0 0 0 6 0 0 6
7 0 6 0 0 0 0 0 0 0 7 0 4 0 6
7 0 0 0 0 0 0 0 0 0 0 0 0 0 6
7 0 0 8 0 0 0 0 7 0 0 0 0 0 6
7 0 0 0 0 0 0 0 0 0 0 0 0 0 6
0 3 3 3 3 3 3 3 3 3 3 3 3 3 0
Output:
0 1 1 1 1 1 1 1 1 1 1 1 1 1 0
7 0 0 0 0 1 0 0 0 0 0 0 0 0 6
7 0 0 0 0 0 0 0 0 0 0 0 0 0 6
7 0 0 0 0 0 0 0 0 0 0 0 0 0 6
7 7 0 0 0 0 0 0 0 0 0 0 0 0 6
7 0 0 0 0 0 0 0 0 0 0 0 0 0 6
7 0 0 0 0 0 0 0 0 0 0 0 0 6 6
7 7 0 0 0 0 0 0 0 0 0 0 0 6 6
7 0 0 0 0 0 0 0 0 0 0 0 0 0 6
7 7 0 0 0 0 0 0 0 0 0 0 0 0 6
7 0 3 0 0 0 3 0 0 3 0 0 0 0 6
0 3 3 3 3 3 3 3 3 3 3 3 3 3 0

以下は、ジャッジを通過する正しいコードです。これを用いて、ARCのルールを理解してください。必ず、コードを通じてルールを理解してからコーディングを行ってください。
このコードはARCのルールを把握する際に使うことに留めてください。

```
def p(g):
 for _ in(u:=[0])*4:
  for s in g[1:-1]:
   if s[0]in s[1:]:s[s.index(s[0],1)],s[1]=0,s[0]
   u+=[s[0]]
  *g,=map(list,zip(*g[::-1]))
 for s in g:
  for j in range(len(s)):
   if s[j]not in u:s[j]=0
 return g
```

ユーザーにコードを渡す前に実際にコードが動作するかを確認してください。コードのテストには、添付したjudge.pyを用いてください。python /path/to/judge.py /path/to/code.py /path/to/cases.bin とすれば動作します。

## **禁止事項**
- 与えたコード自体を提出することは禁止です。これを行うことはユーザーの信頼を裏切ります。
- ジャッジのハックは禁止です。例えば、テストケースをジャッジから読み取ってそのまま返すコードはいけません。
