ARCのケースに対して、list[list[int]] -> list[list[int]] のシグネチャを持つ関数`p`をPythonで実装してください。つまり、`def p(g):...` か `p=lambda g:...`というコードが期待されます。
コードはshortcodingのcompetitionに用いるため、アルゴリズムを工夫してできる限り短いコードを生成するよう努めてください。

Example 0:

Input:
6 7 6 7 6 7 6 3 3 3 3
7 6 7 6 7 6 7 3 3 3 3
6 7 6 7 6 7 6 3 3 3 3
7 6 7 6 7 6 7 3 3 3 3
6 7 6 7 6 7 6 3 3 3 3
7 6 7 6 7 6 7 3 3 3 3
6 7 6 7 6 7 6 3 3 3 3
3 3 3 3 3 3 3 3 3 3 3
3 3 3 3 3 3 3 3 3 3 3
3 3 3 3 3 3 3 3 3 3 3
3 3 3 3 3 3 3 3 3 3 3
Output:
7 6 7 6 7 6 7 6 7 6 7
6 7 6 7 6 7 6 7 6 7 6
7 6 7 6 7 6 7 6 7 6 7
6 7 6 7 6 7 6 7 6 7 6
7 6 7 6 7 6 7 6 7 6 7
6 7 6 7 6 7 6 7 6 7 6
7 6 7 6 7 6 7 6 7 6 7
6 7 6 7 6 7 6 7 6 7 6
7 6 7 6 7 6 7 6 7 6 7
6 7 6 7 6 7 6 7 6 7 6
7 6 7 6 7 6 7 6 7 6 7

Example 1:

Input:
6 3 6 3 6 3 6 1
3 6 3 6 3 6 3 1
6 3 6 3 6 3 6 1
3 6 3 6 3 6 3 1
6 3 6 3 6 3 6 1
3 6 3 6 3 6 3 1
6 3 6 3 6 3 6 1
1 1 1 1 1 1 1 1
Output:
3 6 3 6 3 6 3 6
6 3 6 3 6 3 6 3
3 6 3 6 3 6 3 6
6 3 6 3 6 3 6 3
3 6 3 6 3 6 3 6
6 3 6 3 6 3 6 3
3 6 3 6 3 6 3 6
6 3 6 3 6 3 6 3

Example 2:

Input:
5 4 5 4 5 6
4 5 4 5 4 6
5 4 5 4 5 6
4 5 4 5 4 6
5 4 5 4 5 6
6 6 6 6 6 6
Output:
4 5 4 5 4 5
5 4 5 4 5 4
4 5 4 5 4 5
5 4 5 4 5 4
4 5 4 5 4 5
5 4 5 4 5 4

Example 3:

Input:
8 5 7 8 5 7 8 5 7 8 5 7 3 3 3 3 3 3
5 7 8 5 7 8 5 7 8 5 7 8 3 3 3 3 3 3
8 5 7 8 5 7 8 5 7 8 5 7 3 3 3 3 3 3
5 7 8 5 7 8 5 7 8 5 7 8 3 3 3 3 3 3
8 5 7 8 5 7 8 5 7 8 5 7 3 3 3 3 3 3
5 7 8 5 7 8 5 7 8 5 7 8 3 3 3 3 3 3
8 5 7 8 5 7 8 5 7 8 5 7 3 3 3 3 3 3
5 7 8 5 7 8 5 7 8 5 7 8 3 3 3 3 3 3
8 5 7 8 5 7 8 5 7 8 5 7 3 3 3 3 3 3
5 7 8 5 7 8 5 7 8 5 7 8 3 3 3 3 3 3
8 5 7 8 5 7 8 5 7 8 5 7 3 3 3 3 3 3
5 7 8 5 7 8 5 7 8 5 7 8 3 3 3 3 3 3
3 3 3 3 3 3 3 3 3 3 3 3 3 3 3 3 3 3
3 3 3 3 3 3 3 3 3 3 3 3 3 3 3 3 3 3
3 3 3 3 3 3 3 3 3 3 3 3 3 3 3 3 3 3
3 3 3 3 3 3 3 3 3 3 3 3 3 3 3 3 3 3
3 3 3 3 3 3 3 3 3 3 3 3 3 3 3 3 3 3
3 3 3 3 3 3 3 3 3 3 3 3 3 3 3 3 3 3
Output:
5 7 8 5 7 8 5 7 8 5 7 8 5 7 8 5 7 8
7 8 5 7 8 5 7 8 5 7 8 5 7 8 5 7 8 5
5 7 8 5 7 8 5 7 8 5 7 8 5 7 8 5 7 8
7 8 5 7 8 5 7 8 5 7 8 5 7 8 5 7 8 5
5 7 8 5 7 8 5 7 8 5 7 8 5 7 8 5 7 8
7 8 5 7 8 5 7 8 5 7 8 5 7 8 5 7 8 5
5 7 8 5 7 8 5 7 8 5 7 8 5 7 8 5 7 8
7 8 5 7 8 5 7 8 5 7 8 5 7 8 5 7 8 5
5 7 8 5 7 8 5 7 8 5 7 8 5 7 8 5 7 8
7 8 5 7 8 5 7 8 5 7 8 5 7 8 5 7 8 5
5 7 8 5 7 8 5 7 8 5 7 8 5 7 8 5 7 8
7 8 5 7 8 5 7 8 5 7 8 5 7 8 5 7 8 5
5 7 8 5 7 8 5 7 8 5 7 8 5 7 8 5 7 8
7 8 5 7 8 5 7 8 5 7 8 5 7 8 5 7 8 5
5 7 8 5 7 8 5 7 8 5 7 8 5 7 8 5 7 8
7 8 5 7 8 5 7 8 5 7 8 5 7 8 5 7 8 5
5 7 8 5 7 8 5 7 8 5 7 8 5 7 8 5 7 8
7 8 5 7 8 5 7 8 5 7 8 5 7 8 5 7 8 5

Example 4:

Input:
3 5 3 5 8 8 8
5 3 5 3 8 8 8
3 5 3 5 8 8 8
5 3 5 3 8 8 8
8 8 8 8 8 8 8
8 8 8 8 8 8 8
8 8 8 8 8 8 8
Output:
5 3 5 3 5 3 5
3 5 3 5 3 5 3
5 3 5 3 5 3 5
3 5 3 5 3 5 3
5 3 5 3 5 3 5
3 5 3 5 3 5 3
5 3 5 3 5 3 5

Example 5:

Input:
2 8 2 8 2 9 9 9
8 2 8 2 8 9 9 9
2 8 2 8 2 9 9 9
8 2 8 2 8 9 9 9
2 8 2 8 2 9 9 9
9 9 9 9 9 9 9 9
9 9 9 9 9 9 9 9
9 9 9 9 9 9 9 9
Output:
8 2 8 2 8 2 8 2
2 8 2 8 2 8 2 8
8 2 8 2 8 2 8 2
2 8 2 8 2 8 2 8
8 2 8 2 8 2 8 2
2 8 2 8 2 8 2 8
8 2 8 2 8 2 8 2
2 8 2 8 2 8 2 8

Example 6:

Input:
1 7 1 7 2 2 2 2
7 1 7 1 2 2 2 2
1 7 1 7 2 2 2 2
7 1 7 1 2 2 2 2
2 2 2 2 2 2 2 2
2 2 2 2 2 2 2 2
2 2 2 2 2 2 2 2
2 2 2 2 2 2 2 2
Output:
7 1 7 1 7 1 7 1
1 7 1 7 1 7 1 7
7 1 7 1 7 1 7 1
1 7 1 7 1 7 1 7
7 1 7 1 7 1 7 1
1 7 1 7 1 7 1 7
7 1 7 1 7 1 7 1
1 7 1 7 1 7 1 7

Example 7:

Input:
7 4 8 7 4 8 7 4 8 7 4 8 7 1 1 1
4 8 7 4 8 7 4 8 7 4 8 7 4 1 1 1
7 4 8 7 4 8 7 4 8 7 4 8 7 1 1 1
4 8 7 4 8 7 4 8 7 4 8 7 4 1 1 1
7 4 8 7 4 8 7 4 8 7 4 8 7 1 1 1
4 8 7 4 8 7 4 8 7 4 8 7 4 1 1 1
7 4 8 7 4 8 7 4 8 7 4 8 7 1 1 1
4 8 7 4 8 7 4 8 7 4 8 7 4 1 1 1
7 4 8 7 4 8 7 4 8 7 4 8 7 1 1 1
4 8 7 4 8 7 4 8 7 4 8 7 4 1 1 1
7 4 8 7 4 8 7 4 8 7 4 8 7 1 1 1
4 8 7 4 8 7 4 8 7 4 8 7 4 1 1 1
7 4 8 7 4 8 7 4 8 7 4 8 7 1 1 1
1 1 1 1 1 1 1 1 1 1 1 1 1 1 1 1
1 1 1 1 1 1 1 1 1 1 1 1 1 1 1 1
1 1 1 1 1 1 1 1 1 1 1 1 1 1 1 1
Output:
4 8 7 4 8 7 4 8 7 4 8 7 4 8 7 4
8 7 4 8 7 4 8 7 4 8 7 4 8 7 4 8
4 8 7 4 8 7 4 8 7 4 8 7 4 8 7 4
8 7 4 8 7 4 8 7 4 8 7 4 8 7 4 8
4 8 7 4 8 7 4 8 7 4 8 7 4 8 7 4
8 7 4 8 7 4 8 7 4 8 7 4 8 7 4 8
4 8 7 4 8 7 4 8 7 4 8 7 4 8 7 4
8 7 4 8 7 4 8 7 4 8 7 4 8 7 4 8
4 8 7 4 8 7 4 8 7 4 8 7 4 8 7 4
8 7 4 8 7 4 8 7 4 8 7 4 8 7 4 8
4 8 7 4 8 7 4 8 7 4 8 7 4 8 7 4
8 7 4 8 7 4 8 7 4 8 7 4 8 7 4 8
4 8 7 4 8 7 4 8 7 4 8 7 4 8 7 4
8 7 4 8 7 4 8 7 4 8 7 4 8 7 4 8
4 8 7 4 8 7 4 8 7 4 8 7 4 8 7 4
8 7 4 8 7 4 8 7 4 8 7 4 8 7 4 8

以下は、ジャッジを通過する正しいコードです。これを用いて、ARCのルールを理解してください。必ず、コードを通じてルールを理解してからコーディングを行ってください。
このコードはARCのルールを把握する際に使うことに留めてください。

```
p=lambda g:(n:=len(g),u:=(n>11)*4+2)and[((s[1:u]+s[:1])*9)[:n]for s in(g[:u]*9)[:n]]
```

ユーザーにコードを渡す前に実際にコードが動作するかを確認してください。コードのテストには、添付したstandalone_judge.pyを用いてください。python /path/to/standalone_judge.py /path/to/code.py とすれば動作します。
このPythonファイルは非常に大きなケースを含むので、あなたのコンテキストを圧迫します。そのため、このファイルを全て読んではいけません。

## **禁止事項**
- 与えたコード自体を提出することは禁止です。これを行うことはユーザーの信頼を裏切ります。
- ジャッジのハックは禁止です。例えば、テストケースをジャッジから読み取ってそのまま返すコードはいけません。
