ARCのケースに対して、list[list[int]] -> list[list[int]] のシグネチャを持つ関数`p`をPythonで実装してください。つまり、`def p(g):...` か `p=lambda g:...`というコードが期待されます。
コードはshortcodingのcompetitionに用いるため、アルゴリズムを工夫してできる限り短いコードを生成するよう努めてください。

Example 0:

Input:
7 7 0 7
0 7 7 0
0 7 7 7
0 7 7 0
4 4 4 4
0 0 0 0
0 2 0 2
2 2 2 0
2 0 0 2
Output:
0 0 3 0
3 0 0 0
0 0 0 0
0 0 0 0

Example 1:

Input:
0 0 7 7
0 0 7 7
0 7 7 0
7 7 0 0
4 4 4 4
2 0 2 0
0 2 0 2
0 2 2 0
0 0 2 0
Output:
0 3 0 0
3 0 0 0
3 0 0 3
0 0 0 3

Example 2:

Input:
0 0 0 7
0 7 7 7
0 7 0 0
0 7 7 7
4 4 4 4
0 0 2 0
0 2 2 2
2 2 0 0
0 2 0 2
Output:
3 3 0 0
3 0 0 0
0 0 3 3
3 0 0 0

Example 3:

Input:
7 0 7 0
0 0 7 7
7 0 7 7
7 7 0 0
4 4 4 4
0 0 2 2
0 0 0 0
2 0 0 2
0 2 0 2
Output:
0 3 0 0
3 3 0 0
0 3 0 0
0 0 3 0

Example 4:

Input:
7 7 7 7
0 7 7 7
7 0 0 0
7 0 7 0
4 4 4 4
0 2 2 2
0 0 0 0
2 0 2 2
0 2 0 0
Output:
0 0 0 0
3 0 0 0
0 3 0 0
0 0 0 3

Example 5:

Input:
0 0 7 7
7 0 0 7
7 7 0 0
7 7 7 0
4 4 4 4
0 2 2 0
0 0 0 0
2 0 0 0
2 2 2 0
Output:
3 0 0 0
0 3 3 0
0 0 3 3
0 0 0 3

Example 6:

Input:
7 0 0 0
7 7 0 0
0 0 0 0
0 0 7 0
4 4 4 4
2 0 2 0
0 0 2 2
0 0 0 0
0 2 2 0
Output:
0 3 0 3
0 0 0 0
3 3 3 3
3 0 0 3

Example 7:

Input:
7 7 7 7
7 0 7 7
0 7 0 7
0 7 7 0
4 4 4 4
0 0 2 2
0 2 2 2
2 2 0 2
0 2 0 0
Output:
0 0 0 0
0 0 0 0
0 0 3 0
3 0 0 3

以下は、ジャッジを通過する正しいコードです。これを用いて、ARCのルールを理解してください。必ず、コードを通じてルールを理解してからコーディングを行ってください。
このコードはARCのルールを把握する際に使うことに留めてください。

```
p=lambda g:eval('[3-any(a)*3for a in zip(g.pop(0),g[4])],'*4)
```

ユーザーにコードを渡す前に実際にコードが動作するかを確認してください。コードのテストには、添付したjudge.pyを用いてください。python /path/to/judge.py /path/to/code.py /path/to/cases.bin とすれば動作します。

## **禁止事項**
- 与えたコード自体を提出することは禁止です。これを行うことはユーザーの信頼を裏切ります。
- ジャッジのハックは禁止です。例えば、テストケースをジャッジから読み取ってそのまま返すコードはいけません。
