16
A 6
6 50 68 89 221 237
B 5
0 70 91 223 239
a 5
134 195 202 276 279
c 4
143 285 297 313
d 3
25 193 200
g 7
20 72 93 117 164 225 241
i 2
63 106
j 2
84 108
k 3
45 138 282
o 3
145 373 419
s 2
152 159
t 6
149 256 350 382 408 446
u 7
187 216 258 352 410 448 460
v 7
189 232 261 355 413 451 462
x 4
104 122 198 458
y 4
102 119 191 456
0 1 1 1 1 1 1 1 1 1 0 1 1 1 1 1
1 0 1 1 1 1 1 1 1 1 0 1 1 1 1 1
1 1 0 1 1 1 1 1 1 1 0 1 1 1 1 1
1 1 1 0 1 1 1 1 1 1 0 1 1 1 1 1
1 1 1 1 0 1 1 1 1 1 0 1 1 1 1 1
1 1 1 1 1 0 1 1 1 1 1 1 1 1 1 1
1 1 1 1 1 1 0 1 1 1 0 1 1 1 1 1
1 1 1 1 1 1 1 0 1 1 0 1 1 1 1 1
1 1 1 1 1 1 1 1 0 1 0 1 1 1 1 1
1 1 1 1 1 1 1 1 1 0 0 1 1 1 1 1
0 0 0 0 0 1 0 0 0 0 0 0 0 0 0 0
1 1 1 1 1 1 1 1 1 1 0 0 1 1 1 1
1 1 1 1 1 1 1 1 1 1 0 1 0 1 1 1
1 1 1 1 1 1 1 1 1 1 0 1 1 0 1 1
1 1 1 1 1 1 1 1 1 1 0 1 1 1 0 1
1 1 1 1 1 1 1 1 1 1 0 1 1 1 1 0
