15
h 6
6 50 68 89 221 237
o 5
0 70 91 223 239
t 5
134 195 202 276 279
u 4
143 285 297 313
m 3
25 193 200
b 7
20 72 93 117 164 225 241
s 2
63 106
v 2
84 108
f 3
45 138 282
d 3
145 373 419
e 9
152 159 187 216 258 352 410 448 460
j 6
149 256 350 382 408 446
i 7
189 232 261 355 413 451 462
a 4
104 122 198 458
n 4
102 119 191 456
0 1 1 1 1 1 1 1 1 1 1 1 1 1 1
1 0 1 1 1 1 1 1 1 1 1 1 1 1 1
1 1 0 1 1 1 1 1 1 1 1 1 1 1 1
1 1 1 0 1 1 1 1 1 1 1 1 1 1 1
1 1 1 1 0 1 1 1 1 1 1 1 1 1 1
1 1 1 1 1 0 1 1 1 1 1 1 1 1 1
1 1 1 1 1 1 0 1 1 1 1 1 1 1 1
1 1 1 1 1 1 1 0 1 1 1 1 1 1 1
1 1 1 1 1 1 1 1 0 1 1 1 1 1 1
1 1 1 1 1 1 1 1 1 0 1 1 1 1 1
1 1 1 1 1 1 1 1 1 1 0 1 1 1 1
1 1 1 1 1 1 1 1 1 1 1 0 1 1 1
1 1 1 1 1 1 1 1 1 1 1 1 0 1 1
1 1 1 1 1 1 1 1 1 1 1 1 1 0 1
1 1 1 1 1 1 1 1 1 1 1 1 1 1 0
