ARCのケースに対して、list[list[int]] -> list[list[int]] のシグネチャを持つ関数`p`をPythonで実装してください。つまり、`def p(g):...` か `p=lambda g:...`というコードが期待されます。
コードはshortcodingのcompetitionに用いるため、アルゴリズムを工夫してできる限り短いコードを生成するよう努めてください。

Example 0:

Input:
0 0 0 0 0 0 0 0 0 0 0 0 0
0 0 0 0 5 0 0 0 0 0 0 0 0
0 0 0 0 0 0 0 0 0 0 0 0 0
0 0 0 0 0 0 0 0 0 0 0 0 0
0 0 0 0 0 1 1 1 0 0 0 0 0
0 0 0 0 0 1 0 1 0 0 0 0 0
0 5 0 0 0 1 0 1 0 0 0 5 0
0 0 0 0 0 1 1 1 0 0 0 0 0
0 0 0 0 0 0 0 0 0 0 0 0 0
0 0 0 0 0 0 0 0 0 0 0 0 0
0 0 0 0 0 0 0 0 0 0 0 0 0
0 0 0 0 5 0 0 0 0 0 0 0 0
Output:
0 0 0 0 0 0 0 0 0 0 0 0 0
0 0 0 0 5 0 0 0 0 0 0 0 0
0 0 1 1 1 1 1 1 1 1 1 0 0
0 0 1 0 0 0 0 0 0 0 1 0 0
0 0 1 0 0 1 1 1 0 0 1 0 0
0 0 1 0 0 1 0 1 0 0 1 0 0
0 5 1 0 0 1 0 1 0 0 1 5 0
0 0 1 0 0 1 1 1 0 0 1 0 0
0 0 1 0 0 0 0 0 0 0 1 0 0
0 0 1 0 0 0 0 0 0 0 1 0 0
0 0 1 1 1 1 1 1 1 1 1 0 0
0 0 0 0 5 0 0 0 0 0 0 0 0

Example 1:

Input:
0 0 0 0 0 0 0 0 0 0 0 0 0
0 0 0 0 0 5 0 0 0 0 0 0 0
0 0 0 0 0 0 0 0 0 0 0 0 0
0 0 0 0 0 0 0 0 0 0 0 0 0
0 0 0 0 0 0 0 0 0 0 0 0 0
0 5 0 0 3 3 3 0 0 0 0 0 0
0 0 0 0 3 0 3 0 0 0 0 0 0
0 0 0 0 3 3 3 0 0 0 0 0 0
0 0 0 0 0 0 0 0 0 0 5 0 0
0 0 0 0 0 0 0 0 0 0 0 0 0
0 0 0 0 0 0 0 0 0 0 0 0 0
0 0 0 0 0 0 0 0 0 0 0 0 0
0 0 0 0 0 5 0 0 0 0 0 0 0
0 0 0 0 0 0 0 0 0 0 0 0 0
0 0 0 0 0 0 0 0 0 0 0 0 0
Output:
0 0 0 0 0 0 0 0 0 0 0 0 0
0 0 0 0 0 5 0 0 0 0 0 0 0
0 0 3 3 3 3 3 3 3 3 0 0 0
0 0 3 0 0 0 0 0 0 3 0 0 0
0 0 3 0 0 0 0 0 0 3 0 0 0
0 5 3 0 3 3 3 0 0 3 0 0 0
0 0 3 0 3 0 3 0 0 3 0 0 0
0 0 3 0 3 3 3 0 0 3 0 0 0
0 0 3 0 0 0 0 0 0 3 5 0 0
0 0 3 0 0 0 0 0 0 3 0 0 0
0 0 3 0 0 0 0 0 0 3 0 0 0
0 0 3 3 3 3 3 3 3 3 0 0 0
0 0 0 0 0 5 0 0 0 0 0 0 0
0 0 0 0 0 0 0 0 0 0 0 0 0
0 0 0 0 0 0 0 0 0 0 0 0 0

Example 2:

Input:
0 0 0 0 0 0 0 0 0 0 0 0 0 0
0 0 0 0 0 0 0 0 0 0 0 0 0 0
0 0 0 0 0 0 5 0 0 0 0 0 0 0
0 0 0 0 0 0 0 0 0 0 0 0 0 0
0 0 0 0 0 0 0 0 0 0 0 0 0 0
0 0 0 0 4 4 4 4 0 0 0 0 0 0
0 0 0 0 4 0 0 4 0 0 0 0 5 0
0 0 0 0 4 0 0 4 0 0 0 0 0 0
0 5 0 0 4 4 4 4 0 0 0 0 0 0
0 0 0 0 0 0 0 0 0 0 0 0 0 0
0 0 0 0 0 0 0 0 0 0 0 0 0 0
0 0 0 0 0 0 0 0 0 0 0 0 0 0
0 0 0 0 0 0 0 0 0 0 0 0 0 0
0 0 0 0 0 0 0 5 0 0 0 0 0 0
0 0 0 0 0 0 0 0 0 0 0 0 0 0
Output:
0 0 0 0 0 0 0 0 0 0 0 0 0 0
0 0 0 0 0 0 0 0 0 0 0 0 0 0
0 0 0 0 0 0 5 0 0 0 0 0 0 0
0 0 4 4 4 4 4 4 4 4 4 4 0 0
0 0 4 0 0 0 0 0 0 0 0 4 0 0
0 0 4 0 4 4 4 4 0 0 0 4 0 0
0 0 4 0 4 0 0 4 0 0 0 4 5 0
0 0 4 0 4 0 0 4 0 0 0 4 0 0
0 5 4 0 4 4 4 4 0 0 0 4 0 0
0 0 4 0 0 0 0 0 0 0 0 4 0 0
0 0 4 0 0 0 0 0 0 0 0 4 0 0
0 0 4 0 0 0 0 0 0 0 0 4 0 0
0 0 4 4 4 4 4 4 4 4 4 4 0 0
0 0 0 0 0 0 0 5 0 0 0 0 0 0
0 0 0 0 0 0 0 0 0 0 0 0 0 0

Example 3:

Input:
0 0 0 0 0 0 0 0 0 0 0 0 0 0 0
0 0 0 0 0 0 0 5 0 0 0 0 0 0 0
0 0 0 0 0 0 0 0 0 0 0 0 0 0 0
0 0 0 0 0 0 0 0 0 0 0 0 0 0 0
0 0 0 0 0 0 0 0 0 0 0 0 0 0 0
0 0 0 0 0 8 8 8 8 0 0 0 0 0 0
0 0 5 0 0 8 0 0 8 0 0 0 0 0 0
0 0 0 0 0 8 8 8 8 0 0 0 0 0 0
0 0 0 0 0 0 0 0 0 0 0 0 0 0 0
0 0 0 0 0 0 0 0 0 0 0 0 5 0 0
0 0 0 0 0 0 0 0 0 0 0 0 0 0 0
0 0 0 0 0 0 0 0 0 0 0 0 0 0 0
0 0 0 0 0 0 0 0 0 0 0 0 0 0 0
0 0 0 0 0 5 0 0 0 0 0 0 0 0 0
0 0 0 0 0 0 0 0 0 0 0 0 0 0 0
Output:
0 0 0 0 0 0 0 0 0 0 0 0 0 0 0
0 0 0 0 0 0 0 5 0 0 0 0 0 0 0
0 0 0 8 8 8 8 8 8 8 8 8 0 0 0
0 0 0 8 0 0 0 0 0 0 0 8 0 0 0
0 0 0 8 0 0 0 0 0 0 0 8 0 0 0
0 0 0 8 0 8 8 8 8 0 0 8 0 0 0
0 0 5 8 0 8 0 0 8 0 0 8 0 0 0
0 0 0 8 0 8 8 8 8 0 0 8 0 0 0
0 0 0 8 0 0 0 0 0 0 0 8 0 0 0
0 0 0 8 0 0 0 0 0 0 0 8 5 0 0
0 0 0 8 0 0 0 0 0 0 0 8 0 0 0
0 0 0 8 0 0 0 0 0 0 0 8 0 0 0
0 0 0 8 8 8 8 8 8 8 8 8 0 0 0
0 0 0 0 0 5 0 0 0 0 0 0 0 0 0
0 0 0 0 0 0 0 0 0 0 0 0 0 0 0

Example 4:

Input:
0 0 0 0 0 0 0 0 0 0 0 0
0 0 0 0 0 0 0 0 0 0 0 0
0 5 0 0 0 0 0 0 0 0 0 0
0 0 0 0 0 0 0 0 0 0 0 0
0 0 0 0 0 0 0 0 0 5 0 0
0 0 0 4 4 4 4 0 0 0 0 0
0 0 0 4 0 0 4 0 0 0 0 0
0 0 0 4 4 4 4 0 0 0 0 0
0 0 0 0 0 0 0 0 0 0 0 0
5 0 0 0 0 0 0 0 0 0 0 0
0 0 0 0 0 0 0 0 0 0 0 0
0 0 0 0 0 0 0 0 0 0 0 0
0 0 5 0 0 0 0 0 0 0 0 0
Output:
0 0 0 0 0 0 0 0 0 0 0 0
0 0 0 0 0 0 0 0 0 0 0 0
0 5 0 0 0 0 0 0 0 0 0 0
0 4 4 4 4 4 4 4 4 0 0 0
0 4 0 0 0 0 0 0 4 5 0 0
0 4 0 4 4 4 4 0 4 0 0 0
0 4 0 4 0 0 4 0 4 0 0 0
0 4 0 4 4 4 4 0 4 0 0 0
0 4 0 0 0 0 0 0 4 0 0 0
5 4 0 0 0 0 0 0 4 0 0 0
0 4 0 0 0 0 0 0 4 0 0 0
0 4 4 4 4 4 4 4 4 0 0 0
0 0 5 0 0 0 0 0 0 0 0 0

Example 5:

Input:
0 0 0 0 0 0 0 0 0 0 0 0 0
0 0 0 0 0 0 0 0 0 0 0 0 0
0 0 0 0 0 0 0 0 0 0 0 0 0
0 0 0 0 0 5 0 0 0 0 0 0 0
0 0 0 5 0 0 0 0 0 0 0 0 0
0 0 0 0 0 0 0 0 0 0 0 0 5
0 0 0 0 0 0 0 0 0 0 0 0 0
0 0 0 0 0 0 2 2 2 2 0 0 0
0 0 0 0 0 0 2 0 0 2 0 0 0
0 0 0 0 0 0 2 2 2 2 0 0 0
0 0 0 0 0 0 0 0 0 0 0 0 0
0 0 0 0 0 0 0 0 0 0 0 0 0
0 0 0 0 0 0 0 0 5 0 0 0 0
Output:
0 0 0 0 0 0 0 0 0 0 0 0 0
0 0 0 0 0 0 0 0 0 0 0 0 0
0 0 0 0 0 0 0 0 0 0 0 0 0
0 0 0 0 0 5 0 0 0 0 0 0 0
0 0 0 5 2 2 2 2 2 2 2 2 0
0 0 0 0 2 0 0 0 0 0 0 2 5
0 0 0 0 2 0 0 0 0 0 0 2 0
0 0 0 0 2 0 2 2 2 2 0 2 0
0 0 0 0 2 0 2 0 0 2 0 2 0
0 0 0 0 2 0 2 2 2 2 0 2 0
0 0 0 0 2 0 0 0 0 0 0 2 0
0 0 0 0 2 2 2 2 2 2 2 2 0
0 0 0 0 0 0 0 0 5 0 0 0 0

Example 6:

Input:
0 0 0 0 0 0 0 0 0 0 0 0 0
0 0 0 0 0 0 5 0 0 0 0 0 0
0 0 0 0 0 0 0 0 0 0 0 0 0
0 0 0 0 0 0 0 0 0 0 0 0 0
0 0 0 0 0 0 0 0 0 0 5 0 0
0 0 0 0 2 2 2 2 0 0 0 0 0
0 0 0 0 2 0 0 2 0 0 0 0 0
0 5 0 0 2 2 2 2 0 0 0 0 0
0 0 0 0 0 0 0 0 0 0 0 0 0
0 0 0 0 0 0 0 0 0 0 0 0 0
0 0 0 0 0 0 5 0 0 0 0 0 0
0 0 0 0 0 0 0 0 0 0 0 0 0
Output:
0 0 0 0 0 0 0 0 0 0 0 0 0
0 0 0 0 0 0 5 0 0 0 0 0 0
0 0 2 2 2 2 2 2 2 2 0 0 0
0 0 2 0 0 0 0 0 0 2 0 0 0
0 0 2 0 0 0 0 0 0 2 5 0 0
0 0 2 0 2 2 2 2 0 2 0 0 0
0 0 2 0 2 0 0 2 0 2 0 0 0
0 5 2 0 2 2 2 2 0 2 0 0 0
0 0 2 0 0 0 0 0 0 2 0 0 0
0 0 2 2 2 2 2 2 2 2 0 0 0
0 0 0 0 0 0 5 0 0 0 0 0 0
0 0 0 0 0 0 0 0 0 0 0 0 0

Example 7:

Input:
0 0 0 0 0 0 0 0 0 0 0 5 0 0
0 0 0 0 0 0 0 0 0 0 0 0 0 0
0 0 0 0 0 0 0 0 0 0 0 0 0 0
0 0 0 0 0 0 1 1 1 0 0 0 0 0
0 0 0 0 0 0 1 0 1 0 0 0 0 0
0 0 5 0 0 0 1 0 1 0 0 0 0 0
0 0 0 0 0 0 1 1 1 0 0 0 0 5
0 0 0 0 0 0 0 0 0 0 0 0 0 0
0 0 0 0 0 0 0 0 0 0 0 0 0 0
0 0 0 5 0 0 0 0 0 0 0 0 0 0
0 0 0 0 0 0 0 0 0 0 0 0 0 0
0 0 0 0 0 0 0 0 0 0 0 0 0 0
Output:
0 0 0 0 0 0 0 0 0 0 0 5 0 0
0 0 0 1 1 1 1 1 1 1 1 1 1 0
0 0 0 1 0 0 0 0 0 0 0 0 1 0
0 0 0 1 0 0 1 1 1 0 0 0 1 0
0 0 0 1 0 0 1 0 1 0 0 0 1 0
0 0 5 1 0 0 1 0 1 0 0 0 1 0
0 0 0 1 0 0 1 1 1 0 0 0 1 5
0 0 0 1 0 0 0 0 0 0 0 0 1 0
0 0 0 1 1 1 1 1 1 1 1 1 1 0
0 0 0 5 0 0 0 0 0 0 0 0 0 0
0 0 0 0 0 0 0 0 0 0 0 0 0 0
0 0 0 0 0 0 0 0 0 0 0 0 0 0

以下は、ジャッジを通過する正しいコードです。これを用いて、ARCのルールを理解してください。必ず、コードを通じてルールを理解してからコーディングを行ってください。
このコードはARCのルールを把握する際に使うことに留めてください。

```
def p(g):
 d,e=zip(*[(i,j)for(i,r)in enumerate(g)for(j,v)in enumerate(r)if v==5]);a,b=min(d)+1,max(d)-1;c,f=min(e)+1,max(e)-1;k=next(v for r in g for v in r if v%5)
 for j in range(c,f+1):g[a][j]=g[b][j]=k
 for i in range(a,b+1):g[i][c]=g[i][f]=k
 return g
```

ユーザーにコードを渡す前に実際にコードが動作するかを確認してください。コードのテストには、添付したjudge.pyを用いてください。python /path/to/judge.py /path/to/code.py /path/to/cases.bin とすれば動作します。

## **禁止事項**
- 与えたコード自体を提出することは禁止です。これを行うことはユーザーの信頼を裏切ります。
- ジャッジのハックは禁止です。例えば、テストケースをジャッジから読み取ってそのまま返すコードはいけません。
