12
A 14
12 40 57 80 172 188 272 288 372 388 472 488 633 650
B 14
6 59 82 100 174 190 274 290 374 390 474 490 635 652
C 5
0 219 319 419 519
_ 1
35
a 20
159 167 200 224 259 267 300 324 359 367 400 424 459 467 500 524 561 570 605 645
b 20
161 183 203 233 261 283 303 333 361 383 403 433 461 483 503 533 564 578 607 628
g 32
26 61 84 103 111 121 131 176 192 198 207 276 292 298 307 376 392 398 407 476 492 498 507 555 559 586 615 637 654 661 671 688
i 13
52 105 113 123 133 149 209 309 409 509 588 601 617
j 13
75 108 118 126 138 151 212 312 412 512 574 591 622
u 11
145 155 251 255 351 355 451 455 551 583 612
x 8
231 246 331 346 431 446 531 546
y 8
222 244 322 344 422 444 522 544
0 1 1 1 1 1 1 1 1 1 0 0
1 0 1 1 1 1 1 1 1 1 0 0
1 1 0 1 1 1 1 1 1 1 0 0
1 1 1 0 0 0 1 1 1 1 0 0
1 1 1 0 0 1 1 1 1 1 1 1
1 1 1 0 1 0 1 1 1 1 1 1
1 1 1 1 1 1 0 1 1 1 0 0
1 1 1 1 1 1 1 0 1 1 0 0
1 1 1 1 1 1 1 1 0 1 0 0
1 1 1 1 1 1 1 1 1 0 1 1
0 0 0 0 1 1 0 0 0 1 0 1
0 0 0 0 1 1 0 0 0 1 1 0
