9
r 22
12 40 57 80 172 188 222 244 272 288 322 344 372 388 422 444 472 488 522 544 633 650
e 14
6 59 82 100 174 190 274 290 374 390 474 490 635 652
p 5
0 219 319 419 519
f 21
35 159 167 200 224 259 267 300 324 359 367 400 424 459 467 500 524 561 570 605 645
n 20
161 183 203 233 261 283 303 333 361 383 403 433 461 483 503 533 564 578 607 628
i 40
26 61 84 103 111 121 131 176 192 198 207 231 246 276 292 298 307 331 346 376 392 398 407 431 446 476 492 498 507 531 546 555 559 586 615 637 654 661 674 685
a 13
52 105 113 123 133 149 209 309 409 509 588 601 617
d 13
75 108 118 126 138 151 212 312 412 512 574 591 622
o 11
145 155 251 255 351 355 451 455 551 583 612
0 1 1 1 1 1 1 1 1
1 0 1 1 1 1 1 1 1
1 1 0 1 1 1 1 1 1
1 1 1 0 1 1 1 1 1
1 1 1 1 0 1 1 1 1
1 1 1 1 1 0 1 1 1
1 1 1 1 1 1 0 1 1
1 1 1 1 1 1 1 0 1
1 1 1 1 1 1 1 1 0
