15
g 20
14 87 103 145 161 203 219 295 311 387 403 481 497 575 591 653 680 686 692 700
r 19
6 40 58 85 101 143 159 201 217 293 309 385 401 479 495 573 589 720 740
p 6
0 245 337 429 523 617
l 4
184 694 750 775
f 11
276 368 458 462 552 556 646 655 688 761 786
o 3
35 114 230
b 7
53 172 322 414 508 602 797
i 24
26 89 105 117 147 163 175 205 221 233 297 313 325 389 405 417 483 499 511 577 593 605 745 807
n 28
72 80 119 130 138 177 188 196 235 249 280 288 327 341 372 380 419 433 466 474 513 527 560 568 607 621 670 748
e 28
74 96 122 132 154 180 190 212 238 256 282 304 330 348 374 396 422 440 468 490 516 534 562 584 610 628 672 773
a 12
251 265 343 357 435 449 529 543 623 637 715 769
d 12
258 267 350 359 442 451 536 545 630 639 735 794
c 5
650 722 742 759 784
j 4
68 272 677 702
k 6
126 364 456 550 644 682
0 1 1 1 1 1 1 1 1 1 1 1 1 1 1
1 0 1 1 1 1 1 1 1 1 1 1 1 1 1
1 1 0 1 1 1 1 1 1 1 1 1 1 1 1
1 1 1 0 1 1 1 1 1 1 1 1 1 1 1
1 1 1 1 0 1 1 1 1 1 1 1 1 1 1
1 1 1 1 1 0 1 1 1 1 1 1 1 1 1
1 1 1 1 1 1 0 1 1 1 1 1 1 1 1
1 1 1 1 1 1 1 0 1 1 1 1 1 1 1
1 1 1 1 1 1 1 1 0 1 1 1 1 1 1
1 1 1 1 1 1 1 1 1 0 1 1 1 1 1
1 1 1 1 1 1 1 1 1 1 0 1 1 1 1
1 1 1 1 1 1 1 1 1 1 1 0 1 1 1
1 1 1 1 1 1 1 1 1 1 1 1 0 1 1
1 1 1 1 1 1 1 1 1 1 1 1 1 0 1
1 1 1 1 1 1 1 1 1 1 1 1 1 1 0
