11
r 6
27 67 79 81 119 165
b 3
281 334 381
e 6
85 111 167 170 207 235
l 6
210 237 376 394 408 418
d 4
76 262 387 401
p 10
6 53 130 246 258 311 383 397 413 432
a 7
30 36 55 160 264 389 403
g 9
15 58 216 248 260 354 385 399 415
i 5
94 114 132 229 365
f 7
182 255 267 292 329 392 406
n 3
83 136 147
0 1 1 1 1 1 1 1 1 1 1
1 0 1 1 1 1 1 1 1 1 1
1 1 0 1 1 1 1 1 1 1 1
1 1 1 0 1 1 1 1 1 1 1
1 1 1 1 0 1 1 1 1 1 1
1 1 1 1 1 0 1 1 1 1 1
1 1 1 1 1 1 0 1 1 1 1
1 1 1 1 1 1 1 0 1 1 1
1 1 1 1 1 1 1 1 0 1 1
1 1 1 1 1 1 1 1 1 0 1
1 1 1 1 1 1 1 1 1 1 0
