ARCのケースに対して、list[list[int]] -> list[list[int]] のシグネチャを持つ関数`p`をPythonで実装してください。つまり、`def p(g):...` か `p=lambda g:...`というコードが期待されます。
コードはshortcodingのcompetitionに用いるため、アルゴリズムを工夫してできる限り短いコードを生成するよう努めてください。

Example 0:

Input:
0 0 0 0 0 0 0 0 0 0
0 0 0 0 0 0 0 0 0 0
5 5 5 5 5 0 0 0 0 0
5 5 5 5 5 0 5 5 5 0
5 5 5 5 5 0 5 5 5 0
5 5 5 5 5 0 5 5 5 0
5 5 5 5 5 0 5 5 5 0
0 0 0 0 0 0 0 0 0 0
0 0 0 0 0 0 0 0 0 0
0 0 0 0 0 0 0 0 0 0
Output:
0 0 0 0 0 0 0 0 0 0
0 0 0 0 0 0 0 0 0 0
5 5 5 5 5 0 0 0 0 0
5 2 2 2 5 0 5 5 5 0
5 2 2 2 5 0 5 2 5 0
5 2 2 2 5 0 5 2 5 0
5 5 5 5 5 0 5 5 5 0
0 0 0 0 0 0 0 0 0 0
0 0 0 0 0 0 0 0 0 0
0 0 0 0 0 0 0 0 0 0

Example 1:

Input:
0 0 0 0 0 0 0 0 0 0
0 5 5 5 5 5 5 0 0 0
0 5 5 5 5 5 5 0 0 0
0 5 5 5 5 5 5 0 0 0
0 5 5 5 5 5 5 0 0 0
0 5 5 5 5 5 5 0 0 0
0 0 0 0 0 0 0 0 0 0
0 0 0 0 5 5 5 5 5 0
0 0 0 0 5 5 5 5 5 0
0 0 0 0 5 5 5 5 5 0
Output:
0 0 0 0 0 0 0 0 0 0
0 5 5 5 5 5 5 0 0 0
0 5 2 2 2 2 5 0 0 0
0 5 2 2 2 2 5 0 0 0
0 5 2 2 2 2 5 0 0 0
0 5 5 5 5 5 5 0 0 0
0 0 0 0 0 0 0 0 0 0
0 0 0 0 5 5 5 5 5 0
0 0 0 0 5 2 2 2 5 0
0 0 0 0 5 5 5 5 5 0

Example 2:

Input:
5 5 5 5 5 5 0 0 0 0
5 5 5 5 5 5 0 0 0 0
5 5 5 5 5 5 0 0 0 0
0 0 0 0 0 0 0 0 0 0
0 0 0 5 5 5 5 5 5 5
0 0 0 5 5 5 5 5 5 5
0 0 0 5 5 5 5 5 5 5
0 0 0 5 5 5 5 5 5 5
0 0 0 5 5 5 5 5 5 5
0 0 0 5 5 5 5 5 5 5
Output:
5 5 5 5 5 5 0 0 0 0
5 2 2 2 2 5 0 0 0 0
5 5 5 5 5 5 0 0 0 0
0 0 0 0 0 0 0 0 0 0
0 0 0 5 5 5 5 5 5 5
0 0 0 5 2 2 2 2 2 5
0 0 0 5 2 2 2 2 2 5
0 0 0 5 2 2 2 2 2 5
0 0 0 5 2 2 2 2 2 5
0 0 0 5 5 5 5 5 5 5

Example 3:

Input:
0 0 0 0 0 0 0 0 0 0
0 0 0 0 0 0 0 0 0 0
5 5 5 0 0 0 0 0 0 0
5 5 5 0 0 0 0 0 0 0
5 5 5 0 0 0 0 0 0 0
5 5 5 0 0 0 0 0 0 0
5 5 5 0 5 5 5 5 5 0
5 5 5 0 5 5 5 5 5 0
5 5 5 0 5 5 5 5 5 0
5 5 5 0 5 5 5 5 5 0
Output:
0 0 0 0 0 0 0 0 0 0
0 0 0 0 0 0 0 0 0 0
5 5 5 0 0 0 0 0 0 0
5 2 5 0 0 0 0 0 0 0
5 2 5 0 0 0 0 0 0 0
5 2 5 0 0 0 0 0 0 0
5 2 5 0 5 5 5 5 5 0
5 2 5 0 5 2 2 2 5 0
5 2 5 0 5 2 2 2 5 0
5 5 5 0 5 5 5 5 5 0

Example 4:

Input:
0 0 0 0 5 5 5 5 0 0
0 0 0 0 5 5 5 5 0 0
0 0 0 0 5 5 5 5 0 0
0 0 0 0 0 0 0 0 0 0
0 0 0 0 5 5 5 5 5 5
0 0 0 0 5 5 5 5 5 5
0 0 0 0 5 5 5 5 5 5
0 0 0 0 5 5 5 5 5 5
0 0 0 0 5 5 5 5 5 5
0 0 0 0 5 5 5 5 5 5
Output:
0 0 0 0 5 5 5 5 0 0
0 0 0 0 5 2 2 5 0 0
0 0 0 0 5 5 5 5 0 0
0 0 0 0 0 0 0 0 0 0
0 0 0 0 5 5 5 5 5 5
0 0 0 0 5 2 2 2 2 5
0 0 0 0 5 2 2 2 2 5
0 0 0 0 5 2 2 2 2 5
0 0 0 0 5 2 2 2 2 5
0 0 0 0 5 5 5 5 5 5

Example 5:

Input:
5 5 5 5 5 5 5 0 0 0
5 5 5 5 5 5 5 0 0 0
5 5 5 5 5 5 5 0 0 0
5 5 5 5 5 5 5 0 0 0
5 5 5 5 5 5 5 0 0 0
5 5 5 5 5 5 5 0 0 0
0 0 0 0 0 0 0 0 0 0
5 5 5 5 0 0 0 0 0 0
5 5 5 5 0 0 0 0 0 0
5 5 5 5 0 0 0 0 0 0
Output:
5 5 5 5 5 5 5 0 0 0
5 2 2 2 2 2 5 0 0 0
5 2 2 2 2 2 5 0 0 0
5 2 2 2 2 2 5 0 0 0
5 2 2 2 2 2 5 0 0 0
5 5 5 5 5 5 5 0 0 0
0 0 0 0 0 0 0 0 0 0
5 5 5 5 0 0 0 0 0 0
5 2 2 5 0 0 0 0 0 0
5 5 5 5 0 0 0 0 0 0

Example 6:

Input:
0 0 0 0 0 0 0 0 0 0
0 0 5 5 5 5 5 0 0 0
0 0 5 5 5 5 5 0 0 0
0 0 5 5 5 5 5 0 0 0
0 0 5 5 5 5 5 0 0 0
0 0 5 5 5 5 5 0 0 0
0 0 0 0 0 0 0 0 0 0
5 5 5 5 5 5 0 0 0 0
5 5 5 5 5 5 0 0 0 0
5 5 5 5 5 5 0 0 0 0
Output:
0 0 0 0 0 0 0 0 0 0
0 0 5 5 5 5 5 0 0 0
0 0 5 2 2 2 5 0 0 0
0 0 5 2 2 2 5 0 0 0
0 0 5 2 2 2 5 0 0 0
0 0 5 5 5 5 5 0 0 0
0 0 0 0 0 0 0 0 0 0
5 5 5 5 5 5 0 0 0 0
5 2 2 2 2 5 0 0 0 0
5 5 5 5 5 5 0 0 0 0

Example 7:

Input:
0 0 0 0 0 0 0 0 0 0
5 5 5 5 5 5 0 5 5 5
5 5 5 5 5 5 0 5 5 5
5 5 5 5 5 5 0 5 5 5
5 5 5 5 5 5 0 5 5 5
5 5 5 5 5 5 0 5 5 5
5 5 5 5 5 5 0 5 5 5
5 5 5 5 5 5 0 5 5 5
0 0 0 0 0 0 0 0 0 0
0 0 0 0 0 0 0 0 0 0
Output:
0 0 0 0 0 0 0 0 0 0
5 5 5 5 5 5 0 5 5 5
5 2 2 2 2 5 0 5 2 5
5 2 2 2 2 5 0 5 2 5
5 2 2 2 2 5 0 5 2 5
5 2 2 2 2 5 0 5 2 5
5 2 2 2 2 5 0 5 2 5
5 5 5 5 5 5 0 5 5 5
0 0 0 0 0 0 0 0 0 0
0 0 0 0 0 0 0 0 0 0

以下は、ジャッジを通過する正しいコードです。これを用いて、ARCのルールを理解してください。必ず、コードを通じてルールを理解してからコーディングを行ってください。
このコードはARCのルールを把握する際に使うことに留めてください。

```
p=lambda g:[[2if g[i][j]==5and all(0<=i+d[0]<10and 0<=j+d[1]<10and g[i+d[0]][j+d[1]]==5for d in[(-1,0),(1,0),(0,-1),(0,1)])else g[i][j]for j in range(10)]for i in range(10)]
```

ユーザーにコードを渡す前に実際にコードが動作するかを確認してください。コードのテストには、添付したstandalone_judge.pyを用いてください。python /path/to/standalone_judge.py /path/to/code.py とすれば動作します。
このPythonファイルは非常に大きなケースを含むので、あなたのコンテキストを圧迫します。そのため、このファイルを全て読んではいけません。

## **禁止事項**
- 与えたコード自体を提出することは禁止です。これを行うことはユーザーの信頼を裏切ります。
- ジャッジのハックは禁止です。例えば、テストケースをジャッジから読み取ってそのまま返すコードはいけません。
