ARCのケースに対して、list[list[int]] -> list[list[int]] のシグネチャを持つ関数`p`をPythonで実装してください。つまり、`def p(g):...` か `p=lambda g:...`というコードが期待されます。
コードはshortcodingのcompetitionに用いるため、アルゴリズムを工夫してできる限り短いコードを生成するよう努めてください。

Example 0:

Input:
1 0 0 0 0 0 0 0 0 2
1 0 0 0 0 0 3 0 0 2
1 0 0 0 0 0 0 0 0 2
1 0 0 0 0 0 0 0 0 2
1 0 0 0 3 0 0 0 0 2
1 0 0 0 0 0 0 0 0 2
1 0 3 0 0 0 0 0 0 2
1 0 0 0 0 0 0 0 0 2
1 0 0 0 0 0 0 0 0 2
1 0 0 0 0 0 0 0 0 2
Output:
1 0 0 0 0 0 0 0 0 2
1 0 0 0 0 0 2 0 0 2
1 0 0 0 0 0 0 0 0 2
1 0 0 0 0 0 0 0 0 2
1 0 0 0 1 0 0 0 0 2
1 0 0 0 0 0 0 0 0 2
1 0 1 0 0 0 0 0 0 2
1 0 0 0 0 0 0 0 0 2
1 0 0 0 0 0 0 0 0 2
1 0 0 0 0 0 0 0 0 2

Example 1:

Input:
4 4 4 4 4 4 4 4 4 4
0 0 0 0 0 0 0 0 0 0
0 3 0 0 0 0 0 3 0 0
0 0 0 3 0 0 0 0 0 0
0 0 0 0 0 0 0 0 0 0
0 0 0 0 0 0 0 0 0 0
0 0 0 0 3 0 0 0 0 0
0 0 0 0 0 0 0 0 3 0
0 0 0 0 0 0 0 0 0 0
7 7 7 7 7 7 7 7 7 7
Output:
4 4 4 4 4 4 4 4 4 4
0 0 0 0 0 0 0 0 0 0
0 4 0 0 0 0 0 4 0 0
0 0 0 4 0 0 0 0 0 0
0 0 0 0 0 0 0 0 0 0
0 0 0 0 0 0 0 0 0 0
0 0 0 0 7 0 0 0 0 0
0 0 0 0 0 0 0 0 7 0
0 0 0 0 0 0 0 0 0 0
7 7 7 7 7 7 7 7 7 7

Example 2:

Input:
8 8 8 8 8 8 8 8 8 8
0 0 0 0 0 0 0 0 0 0
0 0 0 0 3 0 0 0 0 0
0 3 0 0 0 0 0 3 0 0
0 0 0 0 0 0 0 0 0 0
0 0 0 0 0 0 0 0 0 0
0 3 0 0 0 0 3 0 0 0
0 0 0 3 0 0 0 0 0 0
0 0 0 0 0 0 0 0 0 0
9 9 9 9 9 9 9 9 9 9
Output:
8 8 8 8 8 8 8 8 8 8
0 0 0 0 0 0 0 0 0 0
0 0 0 0 8 0 0 0 0 0
0 8 0 0 0 0 0 8 0 0
0 0 0 0 0 0 0 0 0 0
0 0 0 0 0 0 0 0 0 0
0 9 0 0 0 0 9 0 0 0
0 0 0 9 0 0 0 0 0 0
0 0 0 0 0 0 0 0 0 0
9 9 9 9 9 9 9 9 9 9

Example 3:

Input:
5 3 0 0 0 0 0 0 0 4
5 0 0 0 0 3 0 0 3 4
5 0 0 0 0 0 0 0 0 4
5 0 0 3 0 0 0 0 0 4
5 0 0 0 0 0 3 0 0 4
5 0 0 3 0 0 0 0 0 4
5 0 0 0 0 0 0 0 0 4
5 0 0 0 3 0 0 0 0 4
5 0 3 0 0 0 3 0 0 4
5 0 0 0 0 0 0 0 0 4
Output:
5 5 0 0 0 0 0 0 0 4
5 0 0 0 0 4 0 0 4 4
5 0 0 0 0 0 0 0 0 4
5 0 0 5 0 0 0 0 0 4
5 0 0 0 0 0 4 0 0 4
5 0 0 5 0 0 0 0 0 4
5 0 0 0 0 0 0 0 0 4
5 0 0 0 5 0 0 0 0 4
5 0 5 0 0 0 4 0 0 4
5 0 0 0 0 0 0 0 0 4

Example 4:

Input:
2 2 2 2 2 2 2 2 2 2
3 3 0 0 0 0 3 0 0 3
0 0 0 0 0 0 0 0 0 0
0 0 0 0 0 0 0 0 0 0
0 0 0 0 0 0 0 0 3 3
0 0 0 0 0 0 0 0 0 0
0 0 0 3 0 0 0 0 0 0
0 0 3 0 0 0 0 0 0 0
0 0 0 0 0 3 0 0 0 0
7 7 7 7 7 7 7 7 7 7
Output:
2 2 2 2 2 2 2 2 2 2
2 2 0 0 0 0 2 0 0 2
0 0 0 0 0 0 0 0 0 0
0 0 0 0 0 0 0 0 0 0
0 0 0 0 0 0 0 0 2 2
0 0 0 0 0 0 0 0 0 0
0 0 0 7 0 0 0 0 0 0
0 0 7 0 0 0 0 0 0 0
0 0 0 0 0 7 0 0 0 0
7 7 7 7 7 7 7 7 7 7

Example 5:

Input:
2 0 0 0 0 0 0 0 0 4
2 0 0 0 0 0 3 0 0 4
2 0 0 0 0 0 0 0 0 4
2 0 0 0 0 3 0 0 0 4
2 0 0 0 0 0 0 0 0 4
2 0 0 0 0 0 0 0 0 4
2 0 0 0 0 0 3 0 0 4
2 3 0 0 0 0 0 3 0 4
2 0 3 0 0 0 0 3 3 4
2 0 3 0 0 3 0 0 0 4
Output:
2 0 0 0 0 0 0 0 0 4
2 0 0 0 0 0 4 0 0 4
2 0 0 0 0 0 0 0 0 4
2 0 0 0 0 4 0 0 0 4
2 0 0 0 0 0 0 0 0 4
2 0 0 0 0 0 0 0 0 4
2 0 0 0 0 0 4 0 0 4
2 2 0 0 0 0 0 4 0 4
2 0 2 0 0 0 0 4 4 4
2 0 2 0 0 4 0 0 0 4

Example 6:

Input:
2 0 3 0 0 0 0 0 0 5
2 0 0 0 0 0 0 0 0 5
2 0 0 0 0 0 0 0 0 5
2 0 0 0 0 0 0 0 0 5
2 0 0 0 0 0 0 0 0 5
2 0 3 0 0 0 0 0 0 5
2 0 0 0 3 0 0 0 0 5
2 0 0 0 0 0 0 0 0 5
2 0 0 0 0 0 0 0 0 5
2 0 0 0 0 0 0 0 0 5
Output:
2 0 2 0 0 0 0 0 0 5
2 0 0 0 0 0 0 0 0 5
2 0 0 0 0 0 0 0 0 5
2 0 0 0 0 0 0 0 0 5
2 0 0 0 0 0 0 0 0 5
2 0 2 0 0 0 0 0 0 5
2 0 0 0 2 0 0 0 0 5
2 0 0 0 0 0 0 0 0 5
2 0 0 0 0 0 0 0 0 5
2 0 0 0 0 0 0 0 0 5

Example 7:

Input:
7 0 0 0 3 0 0 0 0 8
7 0 0 0 0 0 0 0 0 8
7 0 0 0 0 0 0 0 0 8
7 0 0 0 0 0 0 0 0 8
7 0 3 0 0 0 0 0 0 8
7 0 0 0 0 0 0 3 3 8
7 0 0 0 0 0 0 0 0 8
7 0 0 0 0 0 0 0 0 8
7 0 0 0 0 0 0 0 0 8
7 0 0 0 0 0 0 0 0 8
Output:
7 0 0 0 7 0 0 0 0 8
7 0 0 0 0 0 0 0 0 8
7 0 0 0 0 0 0 0 0 8
7 0 0 0 0 0 0 0 0 8
7 0 7 0 0 0 0 0 0 8
7 0 0 0 0 0 0 8 8 8
7 0 0 0 0 0 0 0 0 8
7 0 0 0 0 0 0 0 0 8
7 0 0 0 0 0 0 0 0 8
7 0 0 0 0 0 0 0 0 8

以下は、ジャッジを通過する正しいコードです。これを用いて、ARCのルールを理解してください。必ず、コードを通じてルールを理解してからコーディングを行ってください。
このコードはARCのルールを把握する際に使うことに留めてください。

```
p=lambda g,R=range(10):[[g[i][j]and g[-(i>4)][-(j>4)]for j in R]for i in R]
```

ユーザーにコードを渡す前に実際にコードが動作するかを確認してください。コードのテストには、添付したstandalone_judge.pyを用いてください。python /path/to/standalone_judge.py /path/to/code.py とすれば動作します。
このPythonファイルは非常に大きなケースを含むので、あなたのコンテキストを圧迫します。そのため、このファイルを全て読んではいけません。

## **禁止事項**
- 与えたコード自体を提出することは禁止です。これを行うことはユーザーの信頼を裏切ります。
- ジャッジのハックは禁止です。例えば、テストケースをジャッジから読み取ってそのまま返すコードはいけません。
