ARCのケースに対して、list[list[int]] -> list[list[int]] のシグネチャを持つ関数`p`をPythonで実装してください。つまり、`def p(g):...` か `p=lambda g:...`というコードが期待されます。
コードはshortcodingのcompetitionに用いるため、アルゴリズムを工夫してできる限り短いコードを生成するよう努めてください。

Example 0:

Input:
1 2
3 8
Output:
0 1 2 0
1 1 2 2
3 3 8 8
0 3 8 0

Example 1:

Input:
1 8 4
8 3 8
Output:
0 1 8 4 0
1 1 8 4 4
8 8 3 8 8
0 8 3 8 0

Example 2:

Input:
2 1 4
8 0 2
3 2 8
Output:
0 2 1 4 0
2 2 1 4 4
8 8 0 2 2
3 3 2 8 8
0 3 2 8 0

Example 3:

Input:
2 8
1 4
3 4
Output:
0 2 8 0
2 2 8 8
1 1 4 4
3 3 4 4
0 3 4 0

Example 4:

Input:
2 8
1 3
4 8
Output:
0 2 8 0
2 2 8 8
1 1 3 3
4 4 8 8
0 4 8 0

Example 5:

Input:
8 8
1 2
8 8
Output:
0 8 8 0
8 8 8 8
1 1 2 2
8 8 8 8
0 8 8 0

Example 6:

Input:
1 1
3 4
2 4
Output:
0 1 1 0
1 1 1 1
3 3 4 4
2 2 4 4
0 2 4 0

Example 7:

Input:
1 3 3
3 2 1
Output:
0 1 3 3 0
1 1 3 3 3
3 3 2 1 1
0 3 2 1 0

以下は、ジャッジを通過する正しいコードです。これを用いて、ARCのルールを理解してください。必ず、コードを通じてルールを理解してからコーディングを行ってください。
このコードはARCのルールを把握する際に使うことに留めてください。

```
def p(g):return[[0]+g[0]+[0]]+[[r[0]]+r+[r[-1]]for r in g]+[[0]+g[-1]+[0]]
```

ユーザーにコードを渡す前に実際にコードが動作するかを確認してください。コードのテストには、添付したstandalone_judge.pyを用いてください。python /path/to/standalone_judge.py /path/to/code.py とすれば動作します。
このPythonファイルは非常に大きなケースを含むので、あなたのコンテキストを圧迫します。そのため、このファイルを全て読んではいけません。

## **禁止事項**
- 与えたコード自体を提出することは禁止です。これを行うことはユーザーの信頼を裏切ります。
- ジャッジのハックは禁止です。例えば、テストケースをジャッジから読み取ってそのまま返すコードはいけません。
