14
F 2
219 339
R 2
222 289
a 3
59 364 477
b 3
67 373 489
c 5
11 149 154 395 400
f 2
165 341
g 20
6 26 41 99 125 139 171 197 210 225 251 267 299 324 352 430 456 496 506 523
i 16
84 141 206 212 227 269 301 326 354 368 377 415 470 482 498 508
j 16
110 144 176 215 263 272 304 329 357 370 379 441 472 484 501 511
k 11
75 173 182 203 230 236 260 297 386 390 408
key 1
33
m 6
54 322 333 388 393 504
r 3
168 283 348
u 2
335 405
0 1 1 1 1 1 1 1 1 1 0 1 1 1
1 0 1 1 1 1 1 1 1 1 0 1 1 1
1 1 0 1 1 1 1 1 1 1 0 1 1 1
1 1 1 0 1 1 1 1 1 1 0 1 1 1
1 1 1 1 0 1 1 1 1 1 0 1 1 1
1 1 1 1 1 0 1 1 1 1 0 1 1 1
1 1 1 1 1 1 0 1 1 1 0 1 1 1
1 1 1 1 1 1 1 0 1 1 0 1 1 1
1 1 1 1 1 1 1 1 0 1 0 1 1 1
1 1 1 1 1 1 1 1 1 0 0 1 1 1
0 0 0 0 0 0 0 0 0 0 0 0 0 0
1 1 1 1 1 1 1 1 1 1 0 0 1 1
1 1 1 1 1 1 1 1 1 1 0 1 0 1
1 1 1 1 1 1 1 1 1 1 0 1 1 0
