ARCのケースに対して、list[list[int]] -> list[list[int]] のシグネチャを持つ関数`p`をPythonで実装してください。つまり、`def p(g):...` か `p=lambda g:...`というコードが期待されます。
コードはshortcodingのcompetitionに用いるため、アルゴリズムを工夫してできる限り短いコードを生成するよう努めてください。

Example 0:

Input:
5 5 5 5 5 5 5 0 0 0 0 0 0 0 0 0 0 0 0 0
5 0 0 0 0 0 5 0 0 0 0 0 0 1 1 1 0 0 0 0
5 0 0 2 0 0 5 0 0 0 0 0 0 1 1 1 0 0 0 0
5 0 2 2 2 0 5 0 0 0 0 0 0 1 1 1 0 0 0 0
5 0 0 2 0 0 5 0 0 0 0 0 0 0 0 0 0 0 0 0
5 0 0 0 0 0 5 0 0 0 0 0 0 0 0 0 0 0 0 0
5 5 5 5 5 5 5 0 0 0 0 0 0 0 0 0 0 0 0 0
0 0 0 0 0 0 0 0 0 0 0 1 0 0 0 0 0 0 0 0
0 0 0 0 0 0 0 0 0 0 1 1 1 0 0 0 0 0 0 0
0 0 0 0 0 0 0 0 0 0 0 1 0 0 0 0 0 0 0 0
0 0 0 0 0 0 0 0 0 0 0 0 0 0 0 0 0 0 0 0
0 0 0 0 0 0 0 0 0 0 0 0 0 0 0 0 0 0 0 0
0 0 0 1 1 1 1 0 0 0 0 0 0 0 0 0 0 0 0 0
0 0 0 0 0 0 0 0 0 0 0 0 0 0 0 0 0 0 0 0
0 0 0 0 0 0 0 0 0 0 0 0 0 0 0 0 0 0 0 0
0 0 0 0 0 0 0 0 0 0 0 0 0 0 1 0 0 0 0 0
0 0 0 0 0 0 0 0 0 0 0 0 0 1 1 1 0 0 0 0
0 0 0 0 0 0 0 0 0 0 0 0 0 0 1 0 0 0 0 0
0 0 0 0 0 0 0 0 0 0 0 0 0 0 0 0 0 0 0 0
0 0 0 0 0 0 0 0 0 0 0 0 0 0 0 0 0 0 0 0
Output:
5 5 5 5 5 5 5 0 0 0 0 0 0 0 0 0 0 0 0 0
5 0 0 0 0 0 5 0 0 0 0 0 0 1 1 1 0 0 0 0
5 0 0 2 0 0 5 0 0 0 0 0 0 1 1 1 0 0 0 0
5 0 2 2 2 0 5 0 0 0 0 0 0 1 1 1 0 0 0 0
5 0 0 2 0 0 5 0 0 0 0 0 0 0 0 0 0 0 0 0
5 0 0 0 0 0 5 0 0 0 0 0 0 0 0 0 0 0 0 0
5 5 5 5 5 5 5 0 0 0 0 0 0 0 0 0 0 0 0 0
0 0 0 0 0 0 0 0 0 0 0 2 0 0 0 0 0 0 0 0
0 0 0 0 0 0 0 0 0 0 2 2 2 0 0 0 0 0 0 0
0 0 0 0 0 0 0 0 0 0 0 2 0 0 0 0 0 0 0 0
0 0 0 0 0 0 0 0 0 0 0 0 0 0 0 0 0 0 0 0
0 0 0 0 0 0 0 0 0 0 0 0 0 0 0 0 0 0 0 0
0 0 0 1 1 1 1 0 0 0 0 0 0 0 0 0 0 0 0 0
0 0 0 0 0 0 0 0 0 0 0 0 0 0 0 0 0 0 0 0
0 0 0 0 0 0 0 0 0 0 0 0 0 0 0 0 0 0 0 0
0 0 0 0 0 0 0 0 0 0 0 0 0 0 2 0 0 0 0 0
0 0 0 0 0 0 0 0 0 0 0 0 0 2 2 2 0 0 0 0
0 0 0 0 0 0 0 0 0 0 0 0 0 0 2 0 0 0 0 0
0 0 0 0 0 0 0 0 0 0 0 0 0 0 0 0 0 0 0 0
0 0 0 0 0 0 0 0 0 0 0 0 0 0 0 0 0 0 0 0

Example 1:

Input:
0 0 0 0 0 0 0 0 0 0 0 0 0 0 0 0 0 0 0 0
0 0 0 0 0 5 5 5 5 5 5 5 0 0 0 0 0 0 0 0
0 0 0 0 0 5 0 0 0 0 0 5 0 0 0 0 0 0 0 0
0 0 0 0 0 5 0 3 3 3 0 5 0 0 0 0 0 0 0 0
0 0 0 0 0 5 0 3 3 3 0 5 0 0 0 0 0 0 0 0
0 0 0 0 0 5 0 3 3 3 0 5 0 0 0 0 0 0 0 0
0 0 0 0 0 5 0 0 0 0 0 5 0 0 0 0 0 0 0 0
0 0 0 0 0 5 5 5 5 5 5 5 0 0 0 0 0 0 0 0
0 0 0 0 0 0 0 0 0 0 0 0 0 0 0 0 0 0 0 0
0 0 0 0 0 0 0 0 0 0 0 0 0 0 0 1 1 1 0 0
0 0 0 0 0 0 0 0 0 0 0 0 0 0 0 1 1 1 0 0
0 0 0 0 0 0 0 0 0 0 0 1 0 0 0 1 1 1 0 0
0 0 0 1 1 1 0 0 0 0 0 1 0 0 0 0 0 0 0 0
0 0 0 1 1 1 0 0 0 0 0 1 0 0 0 0 0 0 0 0
0 0 0 1 1 1 0 0 0 0 0 0 0 0 0 0 0 0 0 0
0 0 0 0 0 0 0 0 0 0 0 0 0 0 0 0 0 0 0 0
0 0 0 0 0 0 0 0 0 0 0 0 1 0 0 0 0 0 0 0
0 0 0 0 0 0 0 0 0 0 0 1 1 1 0 0 0 0 0 0
0 0 0 0 0 0 0 0 0 0 1 1 1 1 1 0 0 0 0 0
0 0 0 0 0 0 0 0 0 0 0 0 0 0 0 0 0 0 0 0
Output:
0 0 0 0 0 0 0 0 0 0 0 0 0 0 0 0 0 0 0 0
0 0 0 0 0 5 5 5 5 5 5 5 0 0 0 0 0 0 0 0
0 0 0 0 0 5 0 0 0 0 0 5 0 0 0 0 0 0 0 0
0 0 0 0 0 5 0 3 3 3 0 5 0 0 0 0 0 0 0 0
0 0 0 0 0 5 0 3 3 3 0 5 0 0 0 0 0 0 0 0
0 0 0 0 0 5 0 3 3 3 0 5 0 0 0 0 0 0 0 0
0 0 0 0 0 5 0 0 0 0 0 5 0 0 0 0 0 0 0 0
0 0 0 0 0 5 5 5 5 5 5 5 0 0 0 0 0 0 0 0
0 0 0 0 0 0 0 0 0 0 0 0 0 0 0 0 0 0 0 0
0 0 0 0 0 0 0 0 0 0 0 0 0 0 0 3 3 3 0 0
0 0 0 0 0 0 0 0 0 0 0 0 0 0 0 3 3 3 0 0
0 0 0 0 0 0 0 0 0 0 0 1 0 0 0 3 3 3 0 0
0 0 0 3 3 3 0 0 0 0 0 1 0 0 0 0 0 0 0 0
0 0 0 3 3 3 0 0 0 0 0 1 0 0 0 0 0 0 0 0
0 0 0 3 3 3 0 0 0 0 0 0 0 0 0 0 0 0 0 0
0 0 0 0 0 0 0 0 0 0 0 0 0 0 0 0 0 0 0 0
0 0 0 0 0 0 0 0 0 0 0 0 1 0 0 0 0 0 0 0
0 0 0 0 0 0 0 0 0 0 0 1 1 1 0 0 0 0 0 0
0 0 0 0 0 0 0 0 0 0 1 1 1 1 1 0 0 0 0 0
0 0 0 0 0 0 0 0 0 0 0 0 0 0 0 0 0 0 0 0

Example 2:

Input:
0 0 0 0 0 5 0 0 0 0 0 0 0 5 5 5 5 5 5 5
0 0 2 0 0 5 0 0 0 0 0 0 0 5 0 0 0 0 0 5
0 0 2 0 0 5 0 0 0 0 0 0 0 5 0 2 2 2 0 5
0 0 2 0 0 5 0 0 0 0 0 0 0 5 0 2 2 2 0 5
0 0 0 0 0 5 0 0 0 0 0 0 0 5 0 0 0 0 0 5
5 5 5 5 5 5 0 0 0 0 0 0 0 5 0 0 0 0 0 5
0 0 0 0 0 0 0 0 0 0 0 0 0 5 5 5 5 5 5 5
0 0 0 0 0 0 0 0 0 0 0 0 0 0 0 0 0 0 0 0
0 0 0 0 0 0 0 0 0 0 0 0 0 0 0 0 0 0 0 0
0 0 0 0 0 0 0 0 0 0 0 0 0 0 0 0 0 0 0 0
0 0 0 0 1 0 0 0 0 0 0 0 0 0 0 0 0 0 0 0
0 0 0 0 1 0 0 0 0 0 1 1 1 0 0 0 0 0 0 0
0 0 0 0 1 0 0 0 0 0 1 1 1 0 0 0 0 0 0 0
0 0 0 0 0 0 0 0 0 0 0 0 0 0 0 0 0 0 0 0
0 0 0 0 0 0 0 0 0 0 0 0 0 0 0 0 0 0 0 0
0 0 0 0 0 0 0 0 1 0 0 0 0 0 0 0 0 0 0 0
0 0 1 1 1 0 0 1 1 1 0 0 0 0 0 0 0 0 0 0
0 0 1 1 1 0 0 0 1 0 0 0 0 0 0 0 0 0 0 0
0 0 0 0 0 0 0 0 0 0 0 0 0 0 0 0 0 0 0 0
0 0 0 0 0 0 0 0 0 0 0 0 0 0 0 0 0 0 0 0
Output:
0 0 0 0 0 5 0 0 0 0 0 0 0 5 5 5 5 5 5 5
0 0 2 0 0 5 0 0 0 0 0 0 0 5 0 0 0 0 0 5
0 0 2 0 0 5 0 0 0 0 0 0 0 5 0 2 2 2 0 5
0 0 2 0 0 5 0 0 0 0 0 0 0 5 0 2 2 2 0 5
0 0 0 0 0 5 0 0 0 0 0 0 0 5 0 0 0 0 0 5
5 5 5 5 5 5 0 0 0 0 0 0 0 5 0 0 0 0 0 5
0 0 0 0 0 0 0 0 0 0 0 0 0 5 5 5 5 5 5 5
0 0 0 0 0 0 0 0 0 0 0 0 0 0 0 0 0 0 0 0
0 0 0 0 0 0 0 0 0 0 0 0 0 0 0 0 0 0 0 0
0 0 0 0 0 0 0 0 0 0 0 0 0 0 0 0 0 0 0 0
0 0 0 0 1 0 0 0 0 0 0 0 0 0 0 0 0 0 0 0
0 0 0 0 1 0 0 0 0 0 2 2 2 0 0 0 0 0 0 0
0 0 0 0 1 0 0 0 0 0 2 2 2 0 0 0 0 0 0 0
0 0 0 0 0 0 0 0 0 0 0 0 0 0 0 0 0 0 0 0
0 0 0 0 0 0 0 0 0 0 0 0 0 0 0 0 0 0 0 0
0 0 0 0 0 0 0 0 1 0 0 0 0 0 0 0 0 0 0 0
0 0 2 2 2 0 0 1 1 1 0 0 0 0 0 0 0 0 0 0
0 0 2 2 2 0 0 0 1 0 0 0 0 0 0 0 0 0 0 0
0 0 0 0 0 0 0 0 0 0 0 0 0 0 0 0 0 0 0 0
0 0 0 0 0 0 0 0 0 0 0 0 0 0 0 0 0 0 0 0

Example 3:

Input:
0 0 0 0 0 0 0 0 0 0 0 0 0 5 0 0 0 0 0 0
0 0 0 0 0 0 0 0 0 0 0 0 0 5 0 0 3 3 0 0
0 0 0 0 0 0 0 0 0 0 0 0 0 5 0 0 3 3 0 0
0 5 5 5 5 5 5 5 0 0 0 0 0 5 0 3 3 3 3 0
0 5 0 0 0 0 0 5 0 0 0 0 0 5 0 0 0 0 0 0
0 5 0 3 3 3 0 5 0 0 0 0 0 5 5 5 5 5 5 5
0 5 0 3 3 3 0 5 0 0 0 0 0 0 0 0 0 0 0 0
0 5 0 3 3 3 0 5 0 0 0 0 0 0 0 0 0 0 0 0
0 5 0 0 0 0 0 5 0 0 0 0 0 0 0 0 1 1 0 0
0 5 5 5 5 5 5 5 0 0 1 1 1 0 0 0 1 1 0 0
0 0 0 0 0 0 0 0 0 0 1 1 1 0 0 1 1 1 1 0
0 0 0 0 0 0 0 0 0 0 1 1 1 0 0 0 0 0 0 0
0 0 0 0 0 1 0 0 0 0 0 0 0 0 0 0 0 0 0 0
0 0 0 0 0 1 0 0 0 0 0 0 0 0 0 0 0 0 0 0
0 0 0 0 0 1 0 0 0 0 0 0 0 0 0 0 0 0 0 0
0 0 0 0 0 1 0 0 0 0 0 1 0 0 0 0 0 0 0 0
0 0 0 0 0 0 0 0 0 0 1 1 1 0 0 0 0 0 0 0
0 0 0 0 0 0 0 0 0 0 0 1 0 0 0 0 0 0 0 0
0 0 0 0 0 0 0 0 0 0 0 0 0 0 0 0 0 0 0 0
0 0 0 0 0 0 0 0 0 0 0 0 0 0 0 0 0 0 0 0
Output:
0 0 0 0 0 0 0 0 0 0 0 0 0 5 0 0 0 0 0 0
0 0 0 0 0 0 0 0 0 0 0 0 0 5 0 0 3 3 0 0
0 0 0 0 0 0 0 0 0 0 0 0 0 5 0 0 3 3 0 0
0 5 5 5 5 5 5 5 0 0 0 0 0 5 0 3 3 3 3 0
0 5 0 0 0 0 0 5 0 0 0 0 0 5 0 0 0 0 0 0
0 5 0 3 3 3 0 5 0 0 0 0 0 5 5 5 5 5 5 5
0 5 0 3 3 3 0 5 0 0 0 0 0 0 0 0 0 0 0 0
0 5 0 3 3 3 0 5 0 0 0 0 0 0 0 0 0 0 0 0
0 5 0 0 0 0 0 5 0 0 0 0 0 0 0 0 1 1 0 0
0 5 5 5 5 5 5 5 0 0 3 3 3 0 0 0 1 1 0 0
0 0 0 0 0 0 0 0 0 0 3 3 3 0 0 1 1 1 1 0
0 0 0 0 0 0 0 0 0 0 3 3 3 0 0 0 0 0 0 0
0 0 0 0 0 1 0 0 0 0 0 0 0 0 0 0 0 0 0 0
0 0 0 0 0 1 0 0 0 0 0 0 0 0 0 0 0 0 0 0
0 0 0 0 0 1 0 0 0 0 0 0 0 0 0 0 0 0 0 0
0 0 0 0 0 1 0 0 0 0 0 1 0 0 0 0 0 0 0 0
0 0 0 0 0 0 0 0 0 0 1 1 1 0 0 0 0 0 0 0
0 0 0 0 0 0 0 0 0 0 0 1 0 0 0 0 0 0 0 0
0 0 0 0 0 0 0 0 0 0 0 0 0 0 0 0 0 0 0 0
0 0 0 0 0 0 0 0 0 0 0 0 0 0 0 0 0 0 0 0

Example 4:

Input:
0 0 0 0 0 0 0 0 0 0 0 0 5 0 0 0 0 0 0 0
0 0 0 0 0 0 0 0 0 0 0 0 5 0 0 2 2 2 0 0
0 0 0 0 0 0 0 1 1 1 0 0 5 0 0 2 2 2 0 0
0 0 0 0 0 0 0 1 1 1 0 0 5 0 0 0 0 0 0 0
0 0 0 1 0 0 0 0 0 0 0 0 5 0 0 0 0 0 0 0
0 0 0 1 0 0 0 0 0 0 0 0 5 5 5 5 5 5 5 5
0 0 1 1 1 1 0 0 0 0 0 0 0 0 0 0 0 0 0 0
0 0 0 1 0 0 0 0 0 0 0 0 0 0 0 0 0 0 0 0
0 0 0 0 0 0 0 1 1 0 0 0 0 0 0 0 0 0 0 0
0 0 1 0 0 0 1 1 1 1 0 0 0 0 0 1 0 0 0 0
0 1 1 1 0 0 1 1 1 1 0 0 0 0 1 1 1 0 0 0
0 0 1 0 0 0 0 1 1 0 0 0 0 0 0 1 0 0 0 0
0 0 0 0 0 0 0 0 0 0 0 0 0 0 0 0 0 0 0 0
5 5 5 5 5 5 5 0 0 0 0 0 5 5 5 5 5 5 5 0
0 0 0 0 0 0 5 0 0 0 0 0 5 0 0 0 0 0 5 0
0 0 2 2 0 0 5 0 0 0 0 0 5 0 0 2 0 0 5 0
0 2 2 2 2 0 5 0 0 0 0 0 5 0 2 2 2 0 5 0
0 2 2 2 2 0 5 0 0 0 0 0 5 0 0 2 0 0 5 0
0 0 2 2 0 0 5 0 0 0 0 0 5 0 0 0 0 0 5 0
0 0 0 0 0 0 5 0 0 0 0 0 5 5 5 5 5 5 5 0
Output:
0 0 0 0 0 0 0 0 0 0 0 0 5 0 0 0 0 0 0 0
0 0 0 0 0 0 0 0 0 0 0 0 5 0 0 2 2 2 0 0
0 0 0 0 0 0 0 1 1 1 0 0 5 0 0 2 2 2 0 0
0 0 0 0 0 0 0 1 1 1 0 0 5 0 0 0 0 0 0 0
0 0 0 1 0 0 0 0 0 0 0 0 5 0 0 0 0 0 0 0
0 0 0 1 0 0 0 0 0 0 0 0 5 5 5 5 5 5 5 5
0 0 1 1 1 1 0 0 0 0 0 0 0 0 0 0 0 0 0 0
0 0 0 1 0 0 0 0 0 0 0 0 0 0 0 0 0 0 0 0
0 0 0 0 0 0 0 1 1 0 0 0 0 0 0 0 0 0 0 0
0 0 2 0 0 0 1 1 1 1 0 0 0 0 0 2 0 0 0 0
0 2 2 2 0 0 1 1 1 1 0 0 0 0 2 2 2 0 0 0
0 0 2 0 0 0 0 1 1 0 0 0 0 0 0 2 0 0 0 0
0 0 0 0 0 0 0 0 0 0 0 0 0 0 0 0 0 0 0 0
5 5 5 5 5 5 5 0 0 0 0 0 5 5 5 5 5 5 5 0
0 0 0 0 0 0 5 0 0 0 0 0 5 0 0 0 0 0 5 0
0 0 2 2 0 0 5 0 0 0 0 0 5 0 0 2 0 0 5 0
0 2 2 2 2 0 5 0 0 0 0 0 5 0 2 2 2 0 5 0
0 2 2 2 2 0 5 0 0 0 0 0 5 0 0 2 0 0 5 0
0 0 2 2 0 0 5 0 0 0 0 0 5 0 0 0 0 0 5 0
0 0 0 0 0 0 5 0 0 0 0 0 5 5 5 5 5 5 5 0

Example 5:

Input:
0 0 0 0 0 0 0 0 0 0 0 0 0 0 0 0 0 0 0 0
0 0 0 0 0 0 0 0 0 0 0 0 0 0 0 0 0 0 0 0
0 0 0 0 0 1 0 0 0 0 0 0 0 0 1 1 1 0 0 0
0 0 0 0 0 1 0 0 0 0 0 0 0 0 1 1 1 0 0 0
0 0 0 0 0 1 0 0 0 0 0 0 0 0 0 0 0 0 0 0
0 0 0 0 0 0 0 0 0 0 0 0 0 0 0 0 0 0 0 0
0 0 0 0 0 0 0 0 0 0 0 0 0 0 0 0 0 0 0 0
0 0 5 5 5 5 5 5 5 0 0 0 0 0 0 0 0 0 0 0
0 0 5 0 0 0 0 0 5 0 0 0 0 0 1 0 0 0 0 0
0 0 5 0 0 3 0 0 5 0 0 0 0 0 1 0 0 0 0 0
0 0 5 0 0 3 0 0 5 0 0 0 0 0 1 0 0 0 0 0
0 0 5 0 0 3 0 0 5 0 0 0 0 0 1 0 0 0 0 0
0 0 5 0 0 0 0 0 5 0 0 0 0 0 0 0 0 0 0 0
0 0 5 5 5 5 5 5 5 0 0 0 0 0 0 0 0 0 0 0
0 0 0 0 0 0 0 0 0 0 0 0 0 0 0 0 0 0 0 0
0 0 0 0 0 0 1 0 0 0 0 0 0 0 0 0 0 0 0 0
0 0 0 0 0 1 1 1 0 0 0 0 0 0 0 0 0 0 0 0
0 0 0 0 0 0 1 0 0 0 0 0 0 0 0 0 0 0 0 0
0 0 0 0 0 0 0 0 0 0 0 0 0 0 0 0 0 0 0 0
0 0 0 0 0 0 0 0 0 0 0 0 0 0 0 0 0 0 0 0
Output:
0 0 0 0 0 0 0 0 0 0 0 0 0 0 0 0 0 0 0 0
0 0 0 0 0 0 0 0 0 0 0 0 0 0 0 0 0 0 0 0
0 0 0 0 0 3 0 0 0 0 0 0 0 0 1 1 1 0 0 0
0 0 0 0 0 3 0 0 0 0 0 0 0 0 1 1 1 0 0 0
0 0 0 0 0 3 0 0 0 0 0 0 0 0 0 0 0 0 0 0
0 0 0 0 0 0 0 0 0 0 0 0 0 0 0 0 0 0 0 0
0 0 0 0 0 0 0 0 0 0 0 0 0 0 0 0 0 0 0 0
0 0 5 5 5 5 5 5 5 0 0 0 0 0 0 0 0 0 0 0
0 0 5 0 0 0 0 0 5 0 0 0 0 0 1 0 0 0 0 0
0 0 5 0 0 3 0 0 5 0 0 0 0 0 1 0 0 0 0 0
0 0 5 0 0 3 0 0 5 0 0 0 0 0 1 0 0 0 0 0
0 0 5 0 0 3 0 0 5 0 0 0 0 0 1 0 0 0 0 0
0 0 5 0 0 0 0 0 5 0 0 0 0 0 0 0 0 0 0 0
0 0 5 5 5 5 5 5 5 0 0 0 0 0 0 0 0 0 0 0
0 0 0 0 0 0 0 0 0 0 0 0 0 0 0 0 0 0 0 0
0 0 0 0 0 0 1 0 0 0 0 0 0 0 0 0 0 0 0 0
0 0 0 0 0 1 1 1 0 0 0 0 0 0 0 0 0 0 0 0
0 0 0 0 0 0 1 0 0 0 0 0 0 0 0 0 0 0 0 0
0 0 0 0 0 0 0 0 0 0 0 0 0 0 0 0 0 0 0 0
0 0 0 0 0 0 0 0 0 0 0 0 0 0 0 0 0 0 0 0

Example 6:

Input:
0 0 0 0 0 0 0 0 0 0 0 0 0 0 0 0 0 0 0 0
0 0 0 0 0 0 0 0 0 0 0 0 0 0 0 0 0 0 0 0
0 0 0 0 0 0 0 0 0 0 0 0 0 0 0 0 0 0 0 0
0 0 0 0 0 0 0 0 0 0 0 0 0 0 0 0 0 0 0 0
0 0 0 0 0 0 0 0 0 0 0 0 0 0 0 0 0 0 0 0
0 0 0 0 0 0 0 0 0 0 0 1 0 0 0 0 0 0 0 0
0 0 0 0 0 0 0 0 0 0 0 1 0 0 0 0 0 0 0 0
0 0 0 0 1 1 0 0 0 0 0 1 0 0 0 0 0 0 0 0
0 0 0 0 1 1 0 0 0 0 0 1 0 0 0 0 0 0 0 0
0 0 0 1 1 1 1 0 0 0 0 0 0 0 0 0 0 0 0 0
0 0 0 0 0 0 0 0 0 0 0 0 0 0 0 0 0 0 0 0
0 0 0 0 0 0 0 0 0 0 0 0 0 0 0 0 0 0 0 0
0 0 0 0 0 0 0 0 0 0 0 0 0 0 0 0 0 0 0 0
0 0 0 1 0 0 5 5 5 5 5 5 5 0 0 0 0 0 0 0
0 0 0 1 0 0 5 0 0 2 0 0 5 0 0 1 0 0 0 0
0 0 1 1 1 1 5 0 0 2 0 0 5 0 0 1 0 0 0 0
0 0 0 1 0 0 5 0 0 2 0 0 5 0 0 1 0 0 0 0
0 0 0 0 0 0 5 0 0 2 0 0 5 0 0 1 0 0 0 0
0 0 0 0 0 0 5 0 0 0 0 0 5 0 0 0 0 0 0 0
0 0 0 0 0 0 5 5 5 5 5 5 5 0 0 0 0 0 0 0
Output:
0 0 0 0 0 0 0 0 0 0 0 0 0 0 0 0 0 0 0 0
0 0 0 0 0 0 0 0 0 0 0 0 0 0 0 0 0 0 0 0
0 0 0 0 0 0 0 0 0 0 0 0 0 0 0 0 0 0 0 0
0 0 0 0 0 0 0 0 0 0 0 0 0 0 0 0 0 0 0 0
0 0 0 0 0 0 0 0 0 0 0 0 0 0 0 0 0 0 0 0
0 0 0 0 0 0 0 0 0 0 0 2 0 0 0 0 0 0 0 0
0 0 0 0 0 0 0 0 0 0 0 2 0 0 0 0 0 0 0 0
0 0 0 0 1 1 0 0 0 0 0 2 0 0 0 0 0 0 0 0
0 0 0 0 1 1 0 0 0 0 0 2 0 0 0 0 0 0 0 0
0 0 0 1 1 1 1 0 0 0 0 0 0 0 0 0 0 0 0 0
0 0 0 0 0 0 0 0 0 0 0 0 0 0 0 0 0 0 0 0
0 0 0 0 0 0 0 0 0 0 0 0 0 0 0 0 0 0 0 0
0 0 0 0 0 0 0 0 0 0 0 0 0 0 0 0 0 0 0 0
0 0 0 1 0 0 5 5 5 5 5 5 5 0 0 0 0 0 0 0
0 0 0 1 0 0 5 0 0 2 0 0 5 0 0 2 0 0 0 0
0 0 1 1 1 1 5 0 0 2 0 0 5 0 0 2 0 0 0 0
0 0 0 1 0 0 5 0 0 2 0 0 5 0 0 2 0 0 0 0
0 0 0 0 0 0 5 0 0 2 0 0 5 0 0 2 0 0 0 0
0 0 0 0 0 0 5 0 0 0 0 0 5 0 0 0 0 0 0 0
0 0 0 0 0 0 5 5 5 5 5 5 5 0 0 0 0 0 0 0

Example 7:

Input:
0 0 0 0 0 5 5 5 5 5 5 5 0 0 0 0 0 0 0 0
0 0 0 0 0 5 0 0 2 0 0 5 0 0 0 0 0 0 0 0
0 0 0 0 0 5 0 0 2 0 0 5 0 0 1 0 0 0 0 0
0 0 0 0 0 5 0 0 2 0 0 5 0 1 1 1 0 0 0 0
0 0 0 0 0 5 0 0 2 0 0 5 1 1 1 1 1 0 0 0
0 0 0 0 0 5 0 0 0 0 0 5 0 0 0 0 0 0 0 0
0 0 0 0 0 5 5 5 5 5 5 5 0 0 0 0 0 0 0 0
0 0 0 0 0 0 0 0 0 0 0 0 0 0 0 0 1 0 0 0
0 0 0 0 0 0 0 0 0 0 0 0 0 0 0 0 1 0 0 0
0 0 0 0 0 0 0 0 1 1 1 0 0 0 0 0 1 0 0 0
0 0 0 0 0 0 0 0 1 1 1 0 0 0 0 0 1 0 0 0
0 0 0 0 0 0 0 0 1 1 1 0 0 0 0 0 0 0 0 0
0 0 0 0 0 0 0 0 0 0 0 0 0 0 0 0 0 0 0 0
0 0 0 0 0 0 0 0 0 0 0 0 0 0 0 0 0 0 0 0
0 0 0 0 0 0 0 0 0 0 0 0 0 0 0 1 0 0 0 0
0 0 0 0 0 0 0 0 0 0 0 0 0 0 0 1 0 0 0 0
0 0 0 0 0 0 0 0 0 0 0 0 0 0 0 1 0 0 0 0
0 0 0 0 0 0 0 0 0 0 0 0 0 0 0 0 0 0 0 0
0 0 0 0 0 0 0 0 0 0 0 0 0 0 0 0 0 0 0 0
0 0 0 0 0 0 0 0 0 0 0 0 0 0 0 0 0 0 0 0
Output:
0 0 0 0 0 5 5 5 5 5 5 5 0 0 0 0 0 0 0 0
0 0 0 0 0 5 0 0 2 0 0 5 0 0 0 0 0 0 0 0
0 0 0 0 0 5 0 0 2 0 0 5 0 0 1 0 0 0 0 0
0 0 0 0 0 5 0 0 2 0 0 5 0 1 1 1 0 0 0 0
0 0 0 0 0 5 0 0 2 0 0 5 1 1 1 1 1 0 0 0
0 0 0 0 0 5 0 0 0 0 0 5 0 0 0 0 0 0 0 0
0 0 0 0 0 5 5 5 5 5 5 5 0 0 0 0 0 0 0 0
0 0 0 0 0 0 0 0 0 0 0 0 0 0 0 0 2 0 0 0
0 0 0 0 0 0 0 0 0 0 0 0 0 0 0 0 2 0 0 0
0 0 0 0 0 0 0 0 1 1 1 0 0 0 0 0 2 0 0 0
0 0 0 0 0 0 0 0 1 1 1 0 0 0 0 0 2 0 0 0
0 0 0 0 0 0 0 0 1 1 1 0 0 0 0 0 0 0 0 0
0 0 0 0 0 0 0 0 0 0 0 0 0 0 0 0 0 0 0 0
0 0 0 0 0 0 0 0 0 0 0 0 0 0 0 0 0 0 0 0
0 0 0 0 0 0 0 0 0 0 0 0 0 0 0 1 0 0 0 0
0 0 0 0 0 0 0 0 0 0 0 0 0 0 0 1 0 0 0 0
0 0 0 0 0 0 0 0 0 0 0 0 0 0 0 1 0 0 0 0
0 0 0 0 0 0 0 0 0 0 0 0 0 0 0 0 0 0 0 0
0 0 0 0 0 0 0 0 0 0 0 0 0 0 0 0 0 0 0 0
0 0 0 0 0 0 0 0 0 0 0 0 0 0 0 0 0 0 0 0

以下は、ジャッジを通過する正しいコードです。これを用いて、ARCのルールを理解してください。必ず、コードを通じてルールを理解してからコーディングを行ってください。
このコードはARCのルールを把握する際に使うことに留めてください。

```
def p(g):
 for l in range(14):
  for u in range(14):
   if g[u][l+6]==g[u+6][l]==5:
    for i in range(16):
     for j in range(16):
      if all(0**g[u+y+1][l+x+1]==0**g[i+y][j+x]for y in range(5)for x in range(5)):
       for y in range(5):
        for x in range(5):g[i+y][j+x]=g[i+y][j+x]and g[u+y+1][l+x+1]
 return g
```

ユーザーにコードを渡す前に実際にコードが動作するかを確認してください。コードのテストには、添付したstandalone_judge.pyを用いてください。python /path/to/standalone_judge.py /path/to/code.py とすれば動作します。
このPythonファイルは非常に大きなケースを含むので、あなたのコンテキストを圧迫します。そのため、このファイルを全て読んではいけません。

## **禁止事項**
- 与えたコード自体を提出することは禁止です。これを行うことはユーザーの信頼を裏切ります。
- ジャッジのハックは禁止です。例えば、テストケースをジャッジから読み取ってそのまま返すコードはいけません。
