13
t 1
187
p 2
164 361
l 3
137 176 343
e 11
6 30 58 74 143 152 253 288 315 464 525
u 2
15 76
m 3
43 81 83
f 9
78 91 319 331 348 367 417 468 478
key 1
148
o 7
324 337 354 386 448 473 484
n 13
211 258 296 334 340 351 357 380 399 430 461 481 487
i 8
71 122 169 329 346 476 495 505
k 3
273 322 471
r 3
238 317 466
0 1 1 1 1 1 1 0 1 1 1 1 1
1 0 1 1 1 1 1 0 1 1 1 1 1
1 1 0 1 1 1 1 0 1 1 1 1 1
1 1 1 0 1 1 1 0 1 1 1 1 1
1 1 1 1 0 1 1 0 1 1 1 1 1
1 1 1 1 1 0 1 0 1 1 1 1 1
1 1 1 1 1 1 0 0 1 1 1 1 1
0 0 0 0 0 0 0 0 0 0 0 0 0
1 1 1 1 1 1 1 0 0 1 1 1 1
1 1 1 1 1 1 1 0 1 0 1 1 1
1 1 1 1 1 1 1 0 1 1 0 1 1
1 1 1 1 1 1 1 0 1 1 1 0 1
1 1 1 1 1 1 1 0 1 1 1 1 0
