12
A 8
0 28 56 70 145 169 225 242
a 5
39 101 119 130 196
c 3
23 87 269
d 3
122 150 229
g 5
14 78 205 253 279
i 7
43 51 80 189 209 220 257
j 7
45 65 83 191 214 237 264
l 4
113 176 248 266
r 3
124 174 246
u 4
111 152 231 259
x 3
164 212 262
y 3
140 207 255
0 1 1 1 1 1 1 1 1 1 1 1
1 0 1 1 1 1 1 1 1 1 1 1
1 1 0 1 1 1 1 1 1 1 1 1
1 1 1 0 1 1 1 1 1 1 1 1
1 1 1 1 0 1 1 1 1 1 1 1
1 1 1 1 1 0 1 1 1 1 1 1
1 1 1 1 1 1 0 1 1 1 1 1
1 1 1 1 1 1 1 0 1 1 1 1
1 1 1 1 1 1 1 1 0 1 1 1
1 1 1 1 1 1 1 1 1 0 1 1
1 1 1 1 1 1 1 1 1 1 0 1
1 1 1 1 1 1 1 1 1 1 1 0
