12
g 8
0 28 56 70 145 169 225 242
i 5
39 101 119 130 196
p 3
23 87 269
a 3
122 150 229
n 5
14 78 205 253 279
m 7
43 51 80 189 209 220 257
e 7
45 65 83 191 214 237 264
f 4
113 176 248 266
d 3
124 174 246
r 4
111 152 231 259
l 3
164 212 262
o 3
140 207 255
0 1 1 1 1 1 1 1 1 1 1 1
1 0 1 1 1 1 1 1 1 1 1 1
1 1 0 1 1 1 1 1 1 1 1 1
1 1 1 0 1 1 1 1 1 1 1 1
1 1 1 1 0 1 1 1 1 1 1 1
1 1 1 1 1 0 1 1 1 1 1 1
1 1 1 1 1 1 0 1 1 1 1 1
1 1 1 1 1 1 1 0 1 1 1 1
1 1 1 1 1 1 1 1 0 1 1 1
1 1 1 1 1 1 1 1 1 0 1 1
1 1 1 1 1 1 1 1 1 1 0 1
1 1 1 1 1 1 1 1 1 1 1 0
