ARCのケースに対して、list[list[int]] -> list[list[int]] のシグネチャを持つ関数`p`をPythonで実装してください。つまり、`def p(g):...` か `p=lambda g:...`というコードが期待されます。
コードはshortcodingのcompetitionに用いるため、アルゴリズムを工夫してできる限り短いコードを生成するよう努めてください。

Example 0:

Input:
1 2 3 4 5 1 2 3 4 5 1 2 3 4 5 1
2 0 0 0 1 2 3 4 5 1 2 3 4 5 1 2
3 0 0 0 2 3 4 5 1 2 3 4 5 1 2 3
4 0 0 0 3 4 5 1 2 3 4 5 1 2 3 4
5 0 0 0 4 5 1 2 3 4 5 1 2 3 4 5
1 2 3 4 5 1 2 3 4 5 1 2 0 0 5 1
2 3 4 5 1 2 3 4 5 1 2 3 0 0 1 2
3 4 5 1 2 3 4 5 1 2 3 4 5 1 2 3
4 5 1 2 3 4 5 1 2 3 4 5 1 2 3 4
5 1 2 3 4 5 1 2 3 4 0 0 0 0 4 5
1 2 3 4 5 1 2 3 4 5 0 0 0 0 5 1
2 3 4 5 1 2 0 0 0 1 0 0 0 0 1 2
3 4 5 1 2 3 0 0 0 0 3 4 5 1 2 3
4 5 1 2 3 4 0 0 0 0 4 5 1 2 3 4
5 1 2 3 4 5 0 0 0 0 5 1 2 3 4 5
1 2 3 4 5 1 2 3 4 5 1 2 3 4 5 1
Output:
1 2 3 4 5 1 2 3 4 5 1 2 3 4 5 1
2 3 4 5 1 2 3 4 5 1 2 3 4 5 1 2
3 4 5 1 2 3 4 5 1 2 3 4 5 1 2 3
4 5 1 2 3 4 5 1 2 3 4 5 1 2 3 4
5 1 2 3 4 5 1 2 3 4 5 1 2 3 4 5
1 2 3 4 5 1 2 3 4 5 1 2 3 4 5 1
2 3 4 5 1 2 3 4 5 1 2 3 4 5 1 2
3 4 5 1 2 3 4 5 1 2 3 4 5 1 2 3
4 5 1 2 3 4 5 1 2 3 4 5 1 2 3 4
5 1 2 3 4 5 1 2 3 4 5 1 2 3 4 5
1 2 3 4 5 1 2 3 4 5 1 2 3 4 5 1
2 3 4 5 1 2 3 4 5 1 2 3 4 5 1 2
3 4 5 1 2 3 4 5 1 2 3 4 5 1 2 3
4 5 1 2 3 4 5 1 2 3 4 5 1 2 3 4
5 1 2 3 4 5 1 2 3 4 5 1 2 3 4 5
1 2 3 4 5 1 2 3 4 5 1 2 3 4 5 1

Example 1:

Input:
1 2 3 4 5 6 1 2 3 4 5 6 1 2 3 4
2 3 4 5 6 1 2 3 4 5 6 1 2 3 4 5
3 4 5 6 1 2 0 0 5 6 1 2 3 4 5 6
4 5 6 1 2 0 0 0 6 1 2 3 4 5 6 1
5 6 1 2 3 0 0 0 1 2 3 4 5 6 1 2
6 1 2 3 4 5 6 1 2 3 4 5 6 1 2 3
1 2 3 4 5 6 1 2 0 0 0 6 1 2 3 4
2 3 4 5 6 1 2 3 0 0 0 0 2 3 4 5
3 4 5 6 1 2 3 4 0 0 0 0 3 4 5 6
0 0 0 0 2 3 4 5 0 0 0 0 4 5 6 1
0 0 0 0 3 4 5 6 1 2 3 4 5 6 1 2
0 0 0 0 4 5 6 1 2 3 4 5 6 1 2 3
0 0 0 0 5 6 1 2 3 4 5 6 1 2 3 4
2 3 4 5 6 1 2 3 4 5 6 1 2 3 4 5
3 4 5 6 1 2 3 4 5 6 1 2 3 4 5 6
4 5 6 1 2 3 4 5 6 1 2 3 4 5 6 1
Output:
1 2 3 4 5 6 1 2 3 4 5 6 1 2 3 4
2 3 4 5 6 1 2 3 4 5 6 1 2 3 4 5
3 4 5 6 1 2 3 4 5 6 1 2 3 4 5 6
4 5 6 1 2 3 4 5 6 1 2 3 4 5 6 1
5 6 1 2 3 4 5 6 1 2 3 4 5 6 1 2
6 1 2 3 4 5 6 1 2 3 4 5 6 1 2 3
1 2 3 4 5 6 1 2 3 4 5 6 1 2 3 4
2 3 4 5 6 1 2 3 4 5 6 1 2 3 4 5
3 4 5 6 1 2 3 4 5 6 1 2 3 4 5 6
4 5 6 1 2 3 4 5 6 1 2 3 4 5 6 1
5 6 1 2 3 4 5 6 1 2 3 4 5 6 1 2
6 1 2 3 4 5 6 1 2 3 4 5 6 1 2 3
1 2 3 4 5 6 1 2 3 4 5 6 1 2 3 4
2 3 4 5 6 1 2 3 4 5 6 1 2 3 4 5
3 4 5 6 1 2 3 4 5 6 1 2 3 4 5 6
4 5 6 1 2 3 4 5 6 1 2 3 4 5 6 1

Example 2:

Input:
1 2 3 4 5 6 7 1 2 3 4 5 6 7 1 2
2 3 4 5 6 7 1 2 3 4 5 6 7 1 2 3
3 0 0 0 0 1 2 3 4 5 6 7 1 2 3 4
4 0 0 0 0 2 3 4 5 6 7 1 2 3 4 5
5 0 0 0 0 3 4 5 6 7 1 2 3 4 5 6
6 0 0 0 0 4 5 6 7 1 2 3 4 5 6 7
7 1 2 3 4 5 6 7 1 2 3 4 5 6 7 1
1 2 3 4 5 6 7 1 2 3 4 5 6 7 1 2
2 0 0 0 0 7 1 2 3 4 5 6 7 1 2 3
3 0 0 0 0 1 2 3 4 5 6 7 1 2 3 4
4 5 6 7 1 2 3 4 5 6 7 1 0 0 4 5
5 6 7 1 2 3 4 5 6 7 1 2 0 0 5 6
6 7 1 2 3 4 5 6 7 1 2 0 0 0 0 7
7 1 2 3 4 5 6 7 1 2 3 0 0 0 0 1
1 2 3 4 5 6 7 1 2 3 4 0 0 0 0 2
2 3 4 5 6 7 1 2 3 4 5 6 7 1 2 3
Output:
1 2 3 4 5 6 7 1 2 3 4 5 6 7 1 2
2 3 4 5 6 7 1 2 3 4 5 6 7 1 2 3
3 4 5 6 7 1 2 3 4 5 6 7 1 2 3 4
4 5 6 7 1 2 3 4 5 6 7 1 2 3 4 5
5 6 7 1 2 3 4 5 6 7 1 2 3 4 5 6
6 7 1 2 3 4 5 6 7 1 2 3 4 5 6 7
7 1 2 3 4 5 6 7 1 2 3 4 5 6 7 1
1 2 3 4 5 6 7 1 2 3 4 5 6 7 1 2
2 3 4 5 6 7 1 2 3 4 5 6 7 1 2 3
3 4 5 6 7 1 2 3 4 5 6 7 1 2 3 4
4 5 6 7 1 2 3 4 5 6 7 1 2 3 4 5
5 6 7 1 2 3 4 5 6 7 1 2 3 4 5 6
6 7 1 2 3 4 5 6 7 1 2 3 4 5 6 7
7 1 2 3 4 5 6 7 1 2 3 4 5 6 7 1
1 2 3 4 5 6 7 1 2 3 4 5 6 7 1 2
2 3 4 5 6 7 1 2 3 4 5 6 7 1 2 3

Example 3:

Input:
1 2 3 4 5 6 7 0 0 0 3 4 5 6 7 8
2 3 4 5 6 7 8 0 0 0 4 5 6 7 8 1
3 4 5 6 7 8 1 2 3 4 5 6 7 8 1 2
4 5 6 7 8 1 2 3 4 5 6 7 8 1 2 3
5 6 0 0 0 0 3 4 5 6 7 8 1 2 3 4
6 7 0 0 0 0 0 0 0 7 8 1 2 3 4 5
7 8 0 0 0 0 0 0 0 8 1 2 3 4 5 6
8 1 0 0 0 0 0 0 0 1 2 3 4 5 6 7
1 2 3 4 5 0 0 0 0 2 3 4 5 6 7 8
2 3 4 5 6 7 8 1 2 3 4 5 6 7 8 1
3 4 5 6 7 8 1 2 3 4 5 6 7 8 1 2
4 5 6 7 8 1 2 3 4 5 6 7 8 1 2 3
5 6 7 8 1 2 3 0 0 6 7 8 1 2 3 4
6 7 8 1 2 3 4 0 0 7 8 1 2 3 4 5
7 8 1 2 3 4 5 6 7 8 1 2 3 4 5 6
8 1 2 3 4 5 6 7 8 1 2 3 4 5 6 7
Output:
1 2 3 4 5 6 7 8 1 2 3 4 5 6 7 8
2 3 4 5 6 7 8 1 2 3 4 5 6 7 8 1
3 4 5 6 7 8 1 2 3 4 5 6 7 8 1 2
4 5 6 7 8 1 2 3 4 5 6 7 8 1 2 3
5 6 7 8 1 2 3 4 5 6 7 8 1 2 3 4
6 7 8 1 2 3 4 5 6 7 8 1 2 3 4 5
7 8 1 2 3 4 5 6 7 8 1 2 3 4 5 6
8 1 2 3 4 5 6 7 8 1 2 3 4 5 6 7
1 2 3 4 5 6 7 8 1 2 3 4 5 6 7 8
2 3 4 5 6 7 8 1 2 3 4 5 6 7 8 1
3 4 5 6 7 8 1 2 3 4 5 6 7 8 1 2
4 5 6 7 8 1 2 3 4 5 6 7 8 1 2 3
5 6 7 8 1 2 3 4 5 6 7 8 1 2 3 4
6 7 8 1 2 3 4 5 6 7 8 1 2 3 4 5
7 8 1 2 3 4 5 6 7 8 1 2 3 4 5 6
8 1 2 3 4 5 6 7 8 1 2 3 4 5 6 7

Example 4:

Input:
1 2 3 4 1 2 3 4 1 2 3 4 1 2 3 4
2 0 0 1 2 3 0 0 2 3 4 1 2 3 4 1
3 0 0 2 3 4 0 0 3 4 1 2 3 4 1 2
0 0 0 0 4 1 0 0 4 1 2 3 4 1 2 3
0 0 0 0 1 2 0 0 1 2 3 4 1 2 3 4
0 0 0 0 2 3 4 1 2 3 4 1 2 3 4 1
0 0 0 0 0 0 1 2 3 4 1 2 0 0 0 0
4 1 2 0 0 0 2 3 4 1 2 3 0 0 0 0
1 2 3 0 0 0 3 4 1 2 3 4 0 0 0 0
2 3 4 1 2 3 4 1 2 3 4 1 2 3 4 1
3 4 1 2 3 4 1 2 3 4 1 2 3 4 1 2
4 1 2 3 4 1 2 3 4 1 2 3 4 1 2 3
1 2 3 4 1 2 3 4 1 2 3 4 1 2 3 4
2 3 4 1 2 3 4 1 2 3 4 1 2 3 4 1
3 4 1 2 3 4 1 2 3 4 1 2 3 4 1 2
4 1 2 3 4 1 2 3 4 1 2 3 4 1 2 3
Output:
1 2 3 4 1 2 3 4 1 2 3 4 1 2 3 4
2 3 4 1 2 3 4 1 2 3 4 1 2 3 4 1
3 4 1 2 3 4 1 2 3 4 1 2 3 4 1 2
4 1 2 3 4 1 2 3 4 1 2 3 4 1 2 3
1 2 3 4 1 2 3 4 1 2 3 4 1 2 3 4
2 3 4 1 2 3 4 1 2 3 4 1 2 3 4 1
3 4 1 2 3 4 1 2 3 4 1 2 3 4 1 2
4 1 2 3 4 1 2 3 4 1 2 3 4 1 2 3
1 2 3 4 1 2 3 4 1 2 3 4 1 2 3 4
2 3 4 1 2 3 4 1 2 3 4 1 2 3 4 1
3 4 1 2 3 4 1 2 3 4 1 2 3 4 1 2
4 1 2 3 4 1 2 3 4 1 2 3 4 1 2 3
1 2 3 4 1 2 3 4 1 2 3 4 1 2 3 4
2 3 4 1 2 3 4 1 2 3 4 1 2 3 4 1
3 4 1 2 3 4 1 2 3 4 1 2 3 4 1 2
4 1 2 3 4 1 2 3 4 1 2 3 4 1 2 3

Example 5:

Input:
1 2 3 4 5 6 1 2 3 4 5 6 1 2 3 4
2 3 4 5 6 1 2 3 4 5 6 1 2 3 4 5
3 4 5 6 1 2 3 4 5 6 1 2 3 4 5 6
4 5 6 1 2 3 4 5 6 1 2 3 4 5 6 1
5 6 1 2 3 4 5 6 1 2 3 4 5 6 1 2
6 1 2 3 4 5 6 1 2 3 4 5 6 1 0 0
1 2 3 4 5 6 1 2 3 4 5 6 1 2 0 0
2 3 4 5 0 0 2 3 4 5 6 1 2 3 4 5
3 4 5 6 0 0 3 4 5 6 1 2 3 4 5 6
4 5 6 1 2 3 4 5 6 1 2 3 4 5 6 1
5 6 1 2 3 0 0 0 0 2 3 4 5 6 1 2
6 1 2 3 4 0 0 0 0 3 4 5 6 1 2 3
1 2 3 4 5 0 0 0 0 4 5 6 1 2 3 4
2 3 4 0 0 0 2 3 4 5 6 1 2 3 4 5
3 4 5 0 0 0 3 4 5 6 1 2 3 4 5 6
4 5 6 1 2 3 4 5 6 1 2 3 4 5 6 1
Output:
1 2 3 4 5 6 1 2 3 4 5 6 1 2 3 4
2 3 4 5 6 1 2 3 4 5 6 1 2 3 4 5
3 4 5 6 1 2 3 4 5 6 1 2 3 4 5 6
4 5 6 1 2 3 4 5 6 1 2 3 4 5 6 1
5 6 1 2 3 4 5 6 1 2 3 4 5 6 1 2
6 1 2 3 4 5 6 1 2 3 4 5 6 1 2 3
1 2 3 4 5 6 1 2 3 4 5 6 1 2 3 4
2 3 4 5 6 1 2 3 4 5 6 1 2 3 4 5
3 4 5 6 1 2 3 4 5 6 1 2 3 4 5 6
4 5 6 1 2 3 4 5 6 1 2 3 4 5 6 1
5 6 1 2 3 4 5 6 1 2 3 4 5 6 1 2
6 1 2 3 4 5 6 1 2 3 4 5 6 1 2 3
1 2 3 4 5 6 1 2 3 4 5 6 1 2 3 4
2 3 4 5 6 1 2 3 4 5 6 1 2 3 4 5
3 4 5 6 1 2 3 4 5 6 1 2 3 4 5 6
4 5 6 1 2 3 4 5 6 1 2 3 4 5 6 1

Example 6:

Input:
1 2 3 4 5 6 1 2 3 4 5 6 1 2 3 4
2 3 4 5 6 1 2 3 4 0 0 0 0 3 4 5
3 4 5 6 1 2 3 4 5 0 0 0 0 4 5 6
4 5 6 1 2 3 4 5 6 1 2 3 4 5 6 1
5 0 0 0 3 4 5 6 1 2 3 4 5 6 1 2
6 0 0 0 4 5 6 1 2 3 4 5 6 1 2 3
1 0 0 0 5 6 1 2 3 4 5 6 1 2 3 4
2 3 0 0 6 1 2 3 4 5 6 1 2 3 4 5
3 4 0 0 1 2 0 0 0 6 1 2 3 4 5 6
4 5 6 1 2 3 0 0 0 1 2 3 4 5 6 1
5 6 1 2 3 4 5 6 1 2 3 4 5 6 1 2
6 1 2 3 4 5 6 1 2 3 4 5 6 1 2 3
1 2 3 4 5 6 1 2 3 4 5 6 0 0 0 0
2 3 4 5 6 1 2 3 4 5 6 1 0 0 0 0
3 4 5 6 1 2 3 4 5 6 1 2 0 0 0 0
4 5 6 1 2 3 4 5 6 1 2 3 4 5 6 1
Output:
1 2 3 4 5 6 1 2 3 4 5 6 1 2 3 4
2 3 4 5 6 1 2 3 4 5 6 1 2 3 4 5
3 4 5 6 1 2 3 4 5 6 1 2 3 4 5 6
4 5 6 1 2 3 4 5 6 1 2 3 4 5 6 1
5 6 1 2 3 4 5 6 1 2 3 4 5 6 1 2
6 1 2 3 4 5 6 1 2 3 4 5 6 1 2 3
1 2 3 4 5 6 1 2 3 4 5 6 1 2 3 4
2 3 4 5 6 1 2 3 4 5 6 1 2 3 4 5
3 4 5 6 1 2 3 4 5 6 1 2 3 4 5 6
4 5 6 1 2 3 4 5 6 1 2 3 4 5 6 1
5 6 1 2 3 4 5 6 1 2 3 4 5 6 1 2
6 1 2 3 4 5 6 1 2 3 4 5 6 1 2 3
1 2 3 4 5 6 1 2 3 4 5 6 1 2 3 4
2 3 4 5 6 1 2 3 4 5 6 1 2 3 4 5
3 4 5 6 1 2 3 4 5 6 1 2 3 4 5 6
4 5 6 1 2 3 4 5 6 1 2 3 4 5 6 1

Example 7:

Input:
1 2 3 4 5 6 7 1 2 3 4 5 6 7 1 2
2 3 4 5 6 7 1 2 3 4 5 6 7 1 2 3
3 4 5 6 7 1 2 3 4 5 6 7 1 2 3 4
4 5 6 7 1 2 3 4 5 0 0 0 0 3 4 5
5 6 7 1 2 3 4 5 6 0 0 0 0 0 5 6
6 7 1 2 3 4 5 6 7 0 0 0 0 0 6 7
7 1 2 3 4 5 6 0 0 2 3 4 5 6 7 1
1 2 3 4 5 6 7 0 0 3 4 5 6 7 1 2
2 0 0 5 6 7 1 0 0 4 5 6 7 1 2 3
3 0 0 6 7 1 2 0 0 5 6 7 1 2 3 4
4 5 6 7 1 2 3 4 5 6 7 1 2 3 0 0
5 6 7 1 2 3 4 5 6 7 1 2 3 4 0 0
6 7 1 2 3 4 5 6 7 1 2 3 4 5 0 0
7 1 2 3 4 5 6 7 1 2 3 4 5 6 7 1
1 2 3 4 5 6 7 1 2 3 4 5 6 7 1 2
2 3 4 5 6 7 1 2 3 4 5 6 7 1 2 3
Output:
1 2 3 4 5 6 7 1 2 3 4 5 6 7 1 2
2 3 4 5 6 7 1 2 3 4 5 6 7 1 2 3
3 4 5 6 7 1 2 3 4 5 6 7 1 2 3 4
4 5 6 7 1 2 3 4 5 6 7 1 2 3 4 5
5 6 7 1 2 3 4 5 6 7 1 2 3 4 5 6
6 7 1 2 3 4 5 6 7 1 2 3 4 5 6 7
7 1 2 3 4 5 6 7 1 2 3 4 5 6 7 1
1 2 3 4 5 6 7 1 2 3 4 5 6 7 1 2
2 3 4 5 6 7 1 2 3 4 5 6 7 1 2 3
3 4 5 6 7 1 2 3 4 5 6 7 1 2 3 4
4 5 6 7 1 2 3 4 5 6 7 1 2 3 4 5
5 6 7 1 2 3 4 5 6 7 1 2 3 4 5 6
6 7 1 2 3 4 5 6 7 1 2 3 4 5 6 7
7 1 2 3 4 5 6 7 1 2 3 4 5 6 7 1
1 2 3 4 5 6 7 1 2 3 4 5 6 7 1 2
2 3 4 5 6 7 1 2 3 4 5 6 7 1 2 3

以下は、ジャッジを通過する正しいコードです。これを用いて、ARCのルールを理解してください。必ず、コードを通じてルールを理解してからコーディングを行ってください。
このコードはARCのルールを把握する際に使うことに留めてください。

```
p=lambda g,R=range(16):[[(i+j)%max(g[i])+1for j in R]for i in R]
```

ユーザーにコードを渡す前に実際にコードが動作するかを確認してください。コードのテストには、添付したjudge.pyを用いてください。python /path/to/judge.py /path/to/code.py /path/to/cases.bin とすれば動作します。

## **禁止事項**
- 与えたコード自体を提出することは禁止です。これを行うことはユーザーの信頼を裏切ります。
- ジャッジのハックは禁止です。例えば、テストケースをジャッジから読み取ってそのまま返すコードはいけません。
