9
a 10
146 169 254 277 362 385 470 493 579 602
b 10
157 171 265 279 373 387 481 495 590 604
g 6
6 123 231 339 447 556
i 20
76 88 125 142 184 196 233 250 292 304 341 358 400 412 449 466 509 521 558 575
j 20
80 106 128 153 188 214 236 261 296 322 344 369 404 430 452 477 513 539 561 586
t 5
11 504 624 641 649
u 10
62 72 176 180 284 288 392 396 500 609
x 14
43 82 155 190 263 298 371 406 479 515 588 631 656 664
y 14
21 78 144 186 252 294 360 402 468 511 577 626 651 683
0 1 0 1 1 0 1 1 1
1 0 0 1 1 0 1 1 1
0 0 0 1 1 1 1 1 1
1 1 1 0 1 0 1 1 1
1 1 1 1 0 0 1 1 1
0 0 1 0 0 0 1 1 1
1 1 1 1 1 1 0 1 1
1 1 1 1 1 1 1 0 1
1 1 1 1 1 1 1 1 0
