7
i 10
146 169 254 277 362 385 470 493 579 602
h 16
6 123 157 171 231 265 279 339 373 387 447 481 495 556 590 604
n 25
11 76 88 125 142 184 196 233 250 292 304 341 358 400 412 449 466 504 509 521 558 575 624 641 649
g 20
80 106 128 153 188 214 236 261 296 322 344 369 404 430 452 477 513 539 561 586
f 10
62 72 176 180 284 288 392 396 500 609
r 14
43 82 155 190 263 298 371 406 479 515 588 631 656 664
e 14
21 78 144 186 252 294 360 402 468 511 577 626 651 683
0 1 1 1 1 1 1
1 0 1 1 1 1 1
1 1 0 1 1 1 1
1 1 1 0 1 1 1
1 1 1 1 0 1 1
1 1 1 1 1 0 1
1 1 1 1 1 1 0
