12
h 12
12 48 64 162 175 201 216 232 278 296 403 430
f 11
6 126 139 318 331 354 367 391 418 447 461
r 7
0 50 66 218 234 405 432
j 4
31 151 343 345
k 3
88 203 244
p 2
104 254
a 10
26 52 68 77 220 236 265 407 434 441
e 11
35 43 79 108 122 188 211 314 350 387 443
d 11
37 59 82 110 135 190 227 327 363 414 457
i 14
128 141 157 177 273 298 320 333 356 369 393 420 449 463
g 12
133 146 170 291 325 338 361 374 398 425 454 468
s 6
106 181 186 196 247 303
0 1 1 1 1 1 1 1 1 1 1 1
1 0 1 1 1 1 1 1 1 1 1 1
1 1 0 1 1 1 1 1 1 1 1 1
1 1 1 0 1 1 1 1 1 1 1 1
1 1 1 1 0 1 1 1 1 1 1 1
1 1 1 1 1 0 1 1 1 1 1 1
1 1 1 1 1 1 0 1 1 1 1 1
1 1 1 1 1 1 1 0 1 1 1 1
1 1 1 1 1 1 1 1 0 1 1 1
1 1 1 1 1 1 1 1 1 0 1 1
1 1 1 1 1 1 1 1 1 1 0 1
1 1 1 1 1 1 1 1 1 1 1 0
