ARCのケースに対して、list[list[int]] -> list[list[int]] のシグネチャを持つ関数`p`をPythonで実装してください。つまり、`def p(g):...` か `p=lambda g:...`というコードが期待されます。
コードはshortcodingのcompetitionに用いるため、アルゴリズムを工夫してできる限り短いコードを生成するよう努めてください。

Example 0:

Input:
0 3 3 3 3 0 0 2 2 2 0 0 0 0 2 2 2 0 1 1 1 1 1 0
3 3 3 3 3 0 2 2 0 2 2 0 0 2 2 0 2 2 1 1 1 1 1 3
3 3 3 0 0 3 2 0 0 2 0 0 0 0 2 0 0 2 1 1 1 1 1 3
3 3 0 3 3 3 2 2 2 2 2 2 2 2 2 2 2 2 1 1 1 1 1 3
3 3 0 3 3 3 0 2 0 2 2 2 2 2 2 0 2 0 1 1 1 1 1 3
0 0 3 3 3 3 0 0 0 2 2 2 2 2 2 0 0 0 3 3 3 3 0 0
0 2 2 2 0 0 2 0 0 2 2 2 2 2 2 0 0 2 0 0 2 2 2 0
2 2 0 2 2 0 0 2 2 0 2 2 2 2 0 2 2 0 0 2 2 0 2 2
2 0 0 2 0 0 0 2 2 0 0 2 2 0 0 2 2 0 0 0 2 0 0 2
2 2 2 2 2 2 2 0 0 2 2 2 2 2 2 0 0 2 2 2 2 2 2 2
0 2 0 2 2 2 2 2 0 2 0 2 2 0 2 0 2 2 2 2 2 0 2 0
0 0 0 2 2 2 2 2 2 2 2 0 0 2 2 2 2 2 2 2 2 0 0 0
0 0 0 2 2 2 2 2 2 2 2 0 0 2 2 2 2 2 2 2 2 0 0 0
0 2 0 2 2 2 2 2 0 2 0 2 2 0 2 0 2 2 2 2 2 0 2 0
2 2 2 2 2 2 2 0 0 2 2 2 2 2 2 0 0 2 2 2 2 2 2 2
2 0 0 2 0 0 0 2 2 0 0 2 2 0 0 2 2 0 0 0 2 0 0 2
2 2 0 2 2 0 0 2 2 0 2 2 2 2 0 2 2 0 0 2 2 0 2 2
0 2 2 2 0 0 2 0 0 2 2 2 2 2 2 0 0 2 0 0 2 2 2 0
0 0 3 3 3 3 0 0 0 2 2 2 2 2 2 0 0 0 3 3 3 3 0 0
3 3 0 3 3 3 0 2 0 2 2 2 2 2 2 0 2 0 3 3 3 0 3 3
3 3 0 3 3 3 2 2 2 2 2 2 2 2 2 2 2 2 3 3 3 0 3 3
3 3 3 0 0 3 2 0 0 2 0 0 0 0 2 0 0 2 3 0 0 3 3 3
3 3 3 3 3 0 2 2 0 2 2 0 0 2 2 0 2 2 0 3 3 3 3 3
0 3 3 3 3 0 0 2 2 2 0 0 0 0 2 2 2 0 0 3 3 3 3 0
Output:
0 3 3 3 3
0 3 3 3 3
3 0 0 3 3
3 3 3 0 3
3 3 3 0 3

Example 1:

Input:
0 3 3 3 0 3 0 8 8 0 8 8 8 8 0 8 8 0 3 0 3 3 3 0
3 0 3 0 3 0 8 0 8 0 0 0 0 0 0 8 0 8 0 3 0 3 0 3
3 3 3 3 3 3 8 8 8 0 8 8 8 8 0 8 8 8 3 3 3 3 3 3
3 0 3 0 3 3 0 0 0 8 0 8 8 0 8 0 0 0 3 3 0 3 0 3
0 3 3 3 0 0 8 0 8 0 0 8 8 0 0 8 0 8 0 0 3 3 3 0
3 0 3 3 0 3 8 0 8 8 8 0 0 8 8 8 0 8 3 0 3 3 0 3
0 8 8 0 8 8 6 6 6 6 6 6 6 6 6 6 6 6 8 8 0 8 8 0
8 0 8 0 0 0 6 6 0 6 6 6 6 6 6 0 6 6 0 0 0 8 0 8
8 8 8 0 8 8 6 0 0 6 0 6 6 0 6 0 0 6 8 8 0 8 8 8
0 0 0 8 0 8 6 6 6 6 6 6 6 6 6 6 6 6 8 0 8 0 0 0
8 0 8 0 0 8 6 6 0 6 6 6 6 6 6 0 6 6 8 0 0 8 0 8
8 0 8 8 8 0 1 1 1 1 1 0 0 6 6 6 6 6 0 8 8 8 0 8
8 0 8 8 8 0 1 1 1 1 1 0 0 6 6 6 6 6 0 8 8 8 0 8
8 0 8 0 0 8 1 1 1 1 1 6 6 6 6 0 6 6 8 0 0 8 0 8
0 0 0 8 0 8 1 1 1 1 1 6 6 6 6 6 6 6 8 0 8 0 0 0
8 8 8 0 8 8 1 1 1 1 1 6 6 0 6 0 0 6 8 8 0 8 8 8
8 0 8 0 0 0 6 6 0 6 6 6 6 6 6 0 6 6 0 0 0 8 0 8
0 8 8 0 8 8 6 6 6 6 6 6 6 6 6 6 6 6 8 8 0 8 8 0
3 0 3 3 0 3 8 0 8 8 8 0 0 8 8 8 0 8 3 0 3 3 0 3
0 3 3 3 0 0 8 0 8 0 0 8 8 0 0 8 0 8 0 0 3 3 3 0
3 0 3 0 3 3 0 0 0 8 0 8 8 0 8 0 0 0 3 3 0 3 0 3
3 3 3 3 3 3 8 8 8 0 8 8 8 8 0 8 8 8 3 3 3 3 3 3
3 0 3 0 3 0 8 0 8 0 0 0 0 0 0 8 0 8 0 3 0 3 0 3
0 3 3 3 0 3 0 8 8 0 8 8 8 8 0 8 8 0 3 0 3 3 3 0
Output:
6 6 6 6 6
6 6 6 6 6
6 6 0 6 6
6 6 6 6 6
6 0 0 6 0

Example 2:

Input:
0 3 3 3 3 0 5 5 5 0 0 5 5 0 0 5 5 5 0 3 3 3 3 0
3 3 3 3 3 3 5 5 0 0 0 0 0 0 0 0 5 5 3 3 3 3 3 3
3 3 3 0 0 0 5 0 0 5 5 0 0 5 5 0 0 5 0 0 0 3 3 3
3 3 0 0 3 3 0 0 5 0 5 5 5 5 0 5 0 0 3 3 0 0 3 3
3 3 0 3 3 0 0 0 5 5 0 0 0 0 5 5 0 0 0 3 3 0 3 3
0 3 0 3 0 3 5 0 0 5 0 0 0 0 5 0 0 5 3 0 3 0 3 0
5 5 5 0 0 5 0 5 0 0 5 5 5 5 0 0 5 0 5 0 0 5 5 5
5 5 0 0 0 0 5 5 5 0 0 5 5 0 0 5 5 5 0 0 0 0 5 5
5 0 0 5 5 0 0 5 5 5 0 5 5 0 5 5 5 0 0 5 5 0 0 5
0 0 5 0 5 5 0 0 5 5 5 5 5 5 5 5 0 0 5 5 0 5 0 0
0 0 5 5 0 0 5 0 0 5 0 5 5 0 5 0 0 5 0 0 5 5 0 0
5 0 0 5 0 0 5 5 5 5 5 0 0 5 5 5 5 5 0 0 5 0 0 5
5 0 0 5 0 0 5 5 5 5 5 0 0 5 5 5 5 5 0 0 5 0 0 5
0 0 5 5 0 0 5 0 0 5 0 5 5 0 5 0 0 5 0 0 5 5 0 0
0 0 5 0 5 5 0 0 5 5 5 5 5 5 5 5 0 0 5 5 0 5 0 0
5 0 0 5 5 0 0 5 5 5 1 1 1 1 1 5 5 0 0 5 5 0 0 5
5 5 0 0 0 0 5 5 5 0 1 1 1 1 1 5 5 5 0 0 0 0 5 5
5 5 5 0 0 5 0 5 0 0 1 1 1 1 1 0 5 0 5 0 0 5 5 5
0 3 0 3 0 3 5 0 0 5 1 1 1 1 1 0 0 5 3 0 3 0 3 0
3 3 0 3 3 0 0 0 5 5 1 1 1 1 1 5 0 0 0 3 3 0 3 3
3 3 0 0 3 3 0 0 5 0 5 5 5 5 0 5 0 0 3 3 0 0 3 3
3 3 3 0 0 0 5 0 0 5 5 0 0 5 5 0 0 5 0 0 0 3 3 3
3 3 3 3 3 3 5 5 0 0 0 0 0 0 0 0 5 5 3 3 3 3 3 3
0 3 3 3 3 0 5 5 5 0 0 5 5 0 0 5 5 5 0 3 3 3 3 0
Output:
0 5 5 0 5
0 5 5 0 0
5 5 5 5 0
0 0 0 0 5
0 0 0 0 5

Example 3:

Input:
4 4 4 0 4 0 0 3 3 3 0 0 0 0 3 3 3 0 0 4 0 4 4 4
4 4 4 4 0 4 3 3 3 3 0 3 3 0 3 3 3 3 4 0 4 4 4 4
4 4 0 4 0 0 3 3 0 0 3 3 3 3 0 0 3 3 0 0 4 0 4 4
0 4 4 0 4 4 3 3 0 0 3 3 3 3 0 0 3 3 4 4 0 4 4 0
4 0 0 4 4 4 0 0 3 3 0 3 3 0 3 3 0 0 4 4 4 0 0 4
0 4 0 4 4 0 0 3 3 3 3 3 3 3 3 3 3 0 0 4 4 0 4 0
0 3 3 3 0 0 8 8 8 1 1 1 1 1 8 8 8 8 0 0 3 3 3 0
3 3 3 3 0 3 8 8 8 1 1 1 1 1 0 8 8 8 3 0 3 3 3 3
3 3 0 0 3 3 8 8 8 1 1 1 1 1 0 8 8 8 3 3 0 0 3 3
3 3 0 0 3 3 8 0 0 1 1 1 1 1 8 0 0 8 3 3 0 0 3 3
0 0 3 3 0 3 8 0 8 1 1 1 1 1 8 8 0 8 3 0 3 3 0 0
0 3 3 3 3 3 8 8 0 8 8 8 8 8 8 0 8 8 3 3 3 3 3 0
0 3 3 3 3 3 8 8 0 8 8 8 8 8 8 0 8 8 3 3 3 3 3 0
0 0 3 3 0 3 8 0 8 8 0 8 8 0 8 8 0 8 3 0 3 3 0 0
3 3 0 0 3 3 8 0 0 8 8 8 8 8 8 0 0 8 3 3 0 0 3 3
3 3 0 0 3 3 8 8 8 0 8 0 0 8 0 8 8 8 3 3 0 0 3 3
3 3 3 3 0 3 8 8 8 0 0 8 8 0 0 8 8 8 3 0 3 3 3 3
0 3 3 3 0 0 8 8 8 8 8 8 8 8 8 8 8 8 0 0 3 3 3 0
0 4 0 4 4 0 0 3 3 3 3 3 3 3 3 3 3 0 0 4 4 0 4 0
4 0 0 4 4 4 0 0 3 3 0 3 3 0 3 3 0 0 4 4 4 0 0 4
0 4 4 0 4 4 3 3 0 0 3 3 3 3 0 0 3 3 4 4 0 4 4 0
4 4 0 4 0 0 3 3 0 0 3 3 3 3 0 0 3 3 0 0 4 0 4 4
4 4 4 4 0 4 3 3 3 3 0 3 3 0 3 3 3 3 4 0 4 4 4 4
4 4 4 0 4 0 0 3 3 3 0 0 0 0 3 3 3 0 0 4 0 4 4 4
Output:
8 8 8 8 8
0 0 8 8 0
0 8 0 0 8
8 8 8 8 8
8 0 8 8 0

Example 4:

Input:
3 0 3 3 3 0 0 9 9 0 0 0 0 0 0 9 9 0 0 3 3 3 0 3
0 0 3 0 3 0 9 0 9 9 0 0 0 0 9 9 0 9 0 3 0 3 0 0
3 3 0 0 3 0 9 9 9 9 9 0 0 9 9 9 9 1 1 1 1 1 3 3
3 0 0 3 0 3 0 0 0 0 9 0 0 9 0 0 0 1 1 1 1 1 0 3
3 3 3 0 0 0 9 9 0 9 9 9 9 9 9 0 9 1 1 1 1 1 3 3
0 0 0 3 0 3 9 0 9 9 9 9 9 9 9 9 0 1 1 1 1 1 0 0
0 9 9 0 9 9 4 4 4 4 0 4 4 0 4 4 4 1 1 1 1 1 9 0
9 0 9 0 9 0 4 4 4 4 4 0 0 4 4 4 4 4 0 9 0 9 0 9
9 9 9 0 0 9 4 4 4 4 0 4 4 0 4 4 4 4 9 0 0 9 9 9
0 9 9 0 9 9 4 4 4 0 4 4 4 4 0 4 4 4 9 9 0 9 9 0
0 0 9 9 9 9 0 4 0 4 4 4 4 4 4 0 4 0 9 9 9 9 0 0
0 0 0 0 9 9 4 0 4 4 4 0 0 4 4 4 0 4 9 9 0 0 0 0
0 0 0 0 9 9 4 0 4 4 4 0 0 4 4 4 0 4 9 9 0 0 0 0
0 0 9 9 9 9 0 4 0 4 4 4 4 4 4 0 4 0 9 9 9 9 0 0
0 9 9 0 9 9 4 4 4 0 4 4 4 4 0 4 4 4 9 9 0 9 9 0
9 9 9 0 0 9 4 4 4 4 0 4 4 0 4 4 4 4 9 0 0 9 9 9
9 0 9 0 9 0 4 4 4 4 4 0 0 4 4 4 4 4 0 9 0 9 0 9
0 9 9 0 9 9 4 4 4 4 0 4 4 0 4 4 4 4 9 9 0 9 9 0
0 0 0 3 0 3 9 0 9 9 9 9 9 9 9 9 0 9 3 0 3 0 0 0
3 3 3 0 0 0 9 9 0 9 9 9 9 9 9 0 9 9 0 0 0 3 3 3
3 0 0 3 0 3 0 0 0 0 9 0 0 9 0 0 0 0 3 0 3 0 0 3
3 3 0 0 3 0 9 9 9 9 9 0 0 9 9 9 9 9 0 3 0 0 3 3
0 0 3 0 3 0 9 0 9 9 0 0 0 0 9 9 0 9 0 3 0 3 0 0
3 0 3 3 3 0 0 9 9 0 0 0 0 0 0 9 9 0 0 3 3 3 0 3
Output:
9 0 3 0 0
0 3 0 3 0
9 0 0 0 3
9 3 0 3 0
4 9 9 0 9

Example 5:

Input:
0 3 3 3 3 3 7 7 7 7 7 0 0 7 7 7 7 7 3 3 3 3 3 0
3 0 3 0 0 3 0 7 0 7 7 7 7 7 7 0 7 0 3 0 0 3 0 3
3 3 3 0 3 3 7 7 7 7 7 7 7 7 7 7 7 7 3 3 0 3 3 3
3 0 0 0 3 3 0 7 7 7 7 7 7 7 7 7 7 0 3 3 0 0 0 3
3 0 3 3 0 3 7 7 7 7 0 7 7 0 7 7 7 7 3 0 3 3 0 3
3 3 3 3 3 3 7 7 7 0 7 7 7 7 0 7 7 7 3 3 3 3 3 3
7 0 7 0 7 7 3 3 0 3 3 3 3 3 3 0 3 3 7 7 0 7 0 7
7 7 7 7 7 7 3 3 3 3 3 3 3 3 3 3 3 3 7 7 7 7 7 7
7 0 7 7 7 7 0 3 3 3 3 3 3 3 3 3 3 0 7 7 7 7 0 7
7 7 7 7 7 0 3 3 3 0 3 0 0 3 0 3 3 3 0 7 7 7 7 7
7 7 7 7 0 7 3 3 3 3 0 0 0 0 3 3 3 3 7 0 7 7 7 7
0 7 7 7 7 7 3 3 3 0 0 3 3 0 0 3 3 3 7 7 7 7 7 0
0 7 7 7 7 7 3 3 3 0 0 3 3 0 0 3 3 3 7 7 7 7 7 0
7 7 7 7 0 7 3 3 3 3 0 0 0 0 3 3 3 3 7 0 7 7 7 7
7 7 7 7 7 0 3 3 3 0 3 0 0 3 0 3 3 3 0 7 7 7 7 7
7 0 7 7 7 7 0 3 3 3 3 3 3 3 3 3 3 0 7 7 7 7 0 7
7 7 7 1 1 1 1 1 3 3 3 3 3 3 3 3 3 3 7 7 7 7 7 7
7 0 7 1 1 1 1 1 0 3 3 3 3 3 3 0 3 3 7 7 0 7 0 7
3 3 3 1 1 1 1 1 7 0 7 7 7 7 0 7 7 7 3 3 3 3 3 3
3 0 3 1 1 1 1 1 7 7 0 7 7 0 7 7 7 7 3 0 3 3 0 3
3 0 0 1 1 1 1 1 7 7 7 7 7 7 7 7 7 0 3 3 0 0 0 3
3 3 3 0 3 3 7 7 7 7 7 7 7 7 7 7 7 7 3 3 0 3 3 3
3 0 3 0 0 3 0 7 0 7 7 7 7 7 7 0 7 0 3 0 0 3 0 3
0 3 3 3 3 3 7 7 7 7 7 0 0 7 7 7 7 7 3 3 3 3 3 0
Output:
7 7 7 3 3
0 7 7 3 3
3 3 3 7 7
3 0 3 7 7
0 3 3 0 7

Example 6:

Input:
0 3 3 3 3 0 9 0 9 9 0 9 9 0 9 9 0 9 1 1 1 1 1 0
3 3 3 3 0 3 9 9 9 0 9 9 9 9 0 9 9 9 1 1 1 1 1 3
3 3 3 3 3 0 0 9 9 9 0 9 9 0 9 9 9 0 1 1 1 1 1 3
3 3 3 3 3 0 9 9 9 9 9 0 0 9 9 9 9 9 1 1 1 1 1 3
3 0 3 3 0 0 9 9 9 9 0 9 9 0 9 9 9 9 1 1 1 1 1 3
0 3 0 0 0 3 9 9 0 0 9 9 9 9 0 0 9 9 3 0 0 0 3 0
9 9 0 9 9 9 0 0 3 3 3 3 3 3 3 3 0 0 9 9 9 0 9 9
0 9 9 9 9 9 0 3 3 0 3 0 0 3 0 3 3 0 9 9 9 9 9 0
9 9 9 9 9 0 3 3 0 0 0 3 3 0 0 0 3 3 0 9 9 9 9 9
9 0 9 9 9 0 3 0 0 3 3 3 3 3 3 0 0 3 0 9 9 9 0 9
0 9 0 9 0 9 3 3 0 3 3 0 0 3 3 0 3 3 9 0 9 0 9 0
9 9 9 0 9 9 3 0 3 3 0 3 3 0 3 3 0 3 9 9 0 9 9 9
9 9 9 0 9 9 3 0 3 3 0 3 3 0 3 3 0 3 9 9 0 9 9 9
0 9 0 9 0 9 3 3 0 3 3 0 0 3 3 0 3 3 9 0 9 0 9 0
9 0 9 9 9 0 3 0 0 3 3 3 3 3 3 0 0 3 0 9 9 9 0 9
9 9 9 9 9 0 3 3 0 0 0 3 3 0 0 0 3 3 0 9 9 9 9 9
0 9 9 9 9 9 0 3 3 0 3 0 0 3 0 3 3 0 9 9 9 9 9 0
9 9 0 9 9 9 0 0 3 3 3 3 3 3 3 3 0 0 9 9 9 0 9 9
0 3 0 0 0 3 9 9 0 0 9 9 9 9 0 0 9 9 3 0 0 0 3 0
3 0 3 3 0 0 9 9 9 9 0 9 9 0 9 9 9 9 0 0 3 3 0 3
3 3 3 3 3 0 9 9 9 9 9 0 0 9 9 9 9 9 0 3 3 3 3 3
3 3 3 3 3 0 0 9 9 9 0 9 9 0 9 9 9 0 0 3 3 3 3 3
3 3 3 3 0 3 9 9 9 0 9 9 9 9 0 9 9 9 3 0 3 3 3 3
0 3 3 3 3 0 9 0 9 9 0 9 9 0 9 9 0 9 0 3 3 3 3 0
Output:
0 3 3 3 3
3 0 3 3 3
0 3 3 3 3
0 3 3 3 3
0 0 3 3 0

Example 7:

Input:
7 7 7 0 7 0 0 4 4 4 4 4 4 4 4 4 4 0 0 7 0 7 7 7
7 0 7 7 7 7 0 4 0 0 0 4 4 0 0 0 4 0 7 7 7 7 0 7
7 7 7 7 0 7 4 0 4 4 4 4 4 4 4 4 0 4 7 0 7 7 7 7
0 7 7 7 0 7 0 4 4 4 4 0 0 4 4 4 4 0 7 0 7 7 7 0
7 7 0 0 7 7 0 4 0 4 0 4 4 0 4 0 4 0 7 7 0 0 7 7
0 7 7 7 7 0 4 4 4 4 4 4 4 4 4 4 4 4 0 7 7 7 7 0
0 0 4 0 0 4 0 2 2 2 0 2 2 0 2 2 2 0 4 0 0 4 0 0
4 4 0 4 4 4 2 2 2 2 2 0 0 2 2 2 2 2 4 4 4 0 4 4
4 0 4 4 0 4 2 2 2 0 0 2 1 1 1 1 1 2 4 0 4 4 0 4
4 0 4 4 4 4 2 2 0 2 2 2 1 1 1 1 1 2 4 4 4 4 0 4
4 0 4 4 0 4 0 2 0 2 2 0 1 1 1 1 1 0 4 0 4 4 0 4
4 4 4 0 4 4 2 0 2 2 0 2 1 1 1 1 1 2 4 4 0 4 4 4
4 4 4 0 4 4 2 0 2 2 0 2 1 1 1 1 1 2 4 4 0 4 4 4
4 0 4 4 0 4 0 2 0 2 2 0 0 2 2 0 2 0 4 0 4 4 0 4
4 0 4 4 4 4 2 2 0 2 2 2 2 2 2 0 2 2 4 4 4 4 0 4
4 0 4 4 0 4 2 2 2 0 0 2 2 0 0 2 2 2 4 0 4 4 0 4
4 4 0 4 4 4 2 2 2 2 2 0 0 2 2 2 2 2 4 4 4 0 4 4
0 0 4 0 0 4 0 2 2 2 0 2 2 0 2 2 2 0 4 0 0 4 0 0
0 7 7 7 7 0 4 4 4 4 4 4 4 4 4 4 4 4 0 7 7 7 7 0
7 7 0 0 7 7 0 4 0 4 0 4 4 0 4 0 4 0 7 7 0 0 7 7
0 7 7 7 0 7 0 4 4 4 4 0 0 4 4 4 4 0 7 0 7 7 7 0
7 7 7 7 0 7 4 0 4 4 4 4 4 4 4 4 0 4 7 0 7 7 7 7
7 0 7 7 7 7 0 4 0 0 0 4 4 0 0 0 4 0 7 7 7 7 0 7
7 7 7 0 7 0 0 4 4 4 4 4 4 4 4 4 4 0 0 7 0 7 7 7
Output:
2 0 0 2 2
2 2 2 0 2
0 2 2 0 2
2 0 2 2 0
2 0 2 2 0

以下は、ジャッジを通過する正しいコードです。これを用いて、ARCのルールを理解してください。必ず、コードを通じてルールを理解してからコーディングを行ってください。
このコードはARCのルールを把握する際に使うことに留めてください。

```
p=lambda g:[(t:=sum(g,[]))[~t.index(1)-i*24::-1][:5]for i in range(5)]
```

ユーザーにコードを渡す前に実際にコードが動作するかを確認してください。コードのテストには、添付したjudge.pyを用いてください。python /path/to/judge.py /path/to/code.py /path/to/cases.bin とすれば動作します。

## **禁止事項**
- 与えたコード自体を提出することは禁止です。これを行うことはユーザーの信頼を裏切ります。
- ジャッジのハックは禁止です。例えば、テストケースをジャッジから読み取ってそのまま返すコードはいけません。
