ARCのケースに対して、list[list[int]] -> list[list[int]] のシグネチャを持つ関数`p`をPythonで実装してください。つまり、`def p(g):...` か `p=lambda g:...`というコードが期待されます。
コードはshortcodingのcompetitionに用いるため、アルゴリズムを工夫してできる限り短いコードを生成するよう努めてください。

Example 0:

Input:
4 4 4 4 4 4 4 4 4 4 4 4 4 4 4 4 4
4 4 4 4 4 4 4 4 4 4 4 4 3 3 3 4 4
4 4 4 1 1 4 1 1 4 4 4 4 3 4 3 4 4
4 4 4 1 4 4 4 1 4 4 4 4 3 3 3 4 4
4 4 4 4 4 4 4 4 4 4 4 4 4 4 4 4 4
4 4 4 1 4 4 4 1 4 4 4 4 4 4 4 4 4
4 4 4 1 1 4 1 1 4 4 4 4 4 4 4 4 4
4 4 4 4 4 4 4 4 4 4 6 6 4 4 4 6 6
4 4 4 4 4 4 4 4 4 4 6 4 4 4 4 4 6
4 4 4 4 4 4 4 4 4 4 4 4 4 4 4 4 4
4 4 4 4 4 4 4 4 4 4 4 4 4 4 4 4 4
4 4 4 4 4 4 4 4 4 4 4 4 4 4 4 4 4
4 4 4 4 4 4 4 4 4 4 6 4 4 4 4 4 6
Output:
6 6 4 4 4 6 6
6 1 1 4 1 1 6
4 1 3 3 3 1 4
4 4 3 4 3 4 4
4 1 3 3 3 1 4
6 1 1 4 1 1 6
6 6 4 4 4 6 6

Example 1:

Input:
8 8 8 8 8 8 8 8 8 8 8 8 8 8 8 8 8 8
8 8 8 8 8 8 8 8 8 8 8 8 8 8 8 8 8 8
8 8 1 1 1 8 1 1 1 8 8 8 8 8 8 8 8 8
8 8 1 8 8 8 8 8 1 8 8 8 8 8 8 8 8 8
8 8 1 8 8 8 8 8 1 8 8 8 8 8 8 8 8 8
8 8 8 8 8 8 8 8 8 8 8 8 8 8 8 8 8 8
8 8 1 8 8 8 8 8 1 8 8 8 8 0 8 8 8 8
8 8 1 8 8 8 8 8 1 8 8 8 8 8 8 8 8 8
8 8 1 1 1 8 1 1 1 8 8 8 8 8 8 8 8 8
8 8 8 8 8 8 8 8 8 8 8 8 8 8 8 8 8 8
8 8 8 8 8 8 8 8 8 8 8 8 8 8 8 8 8 8
8 4 4 4 8 8 8 8 8 8 8 8 8 8 8 8 8 8
8 4 8 4 8 8 8 2 2 8 2 2 8 8 8 8 8 8
8 4 4 4 8 8 8 2 8 8 8 2 8 8 8 8 8 8
8 8 8 8 8 8 8 8 8 8 8 8 8 8 8 8 8 8
8 8 8 8 8 8 8 2 8 8 8 2 8 8 8 8 8 8
8 8 8 8 8 8 8 2 2 8 2 2 8 8 8 8 8 8
8 8 8 8 8 8 8 8 8 8 8 8 8 8 8 8 8 8
Output:
1 1 1 8 1 1 1
1 2 2 8 2 2 1
1 2 4 4 4 2 1
8 8 4 0 4 8 8
1 2 4 4 4 2 1
1 2 2 8 2 2 1
1 1 1 8 1 1 1

Example 2:

Input:
3 3 3 3 3 3 3 3 3 3 3 3 3 3 3 3 3 3
2 2 2 3 3 3 3 3 3 3 3 3 3 3 3 3 3 3
3 3 2 3 3 1 1 1 3 3 3 1 1 1 3 8 8 3
3 3 2 3 3 1 3 3 3 3 3 3 3 1 3 8 3 3
3 3 3 3 3 1 3 3 3 3 3 3 3 1 3 3 3 3
3 3 2 3 3 3 3 3 3 3 3 3 3 3 3 8 3 3
3 3 2 3 3 3 3 7 7 7 3 3 3 3 3 8 8 3
2 2 2 3 3 3 3 7 3 7 3 3 3 3 3 3 3 3
3 3 3 3 3 1 3 7 7 7 3 3 3 1 3 3 3 3
3 3 3 3 3 1 3 3 3 3 3 3 3 1 3 3 3 3
3 3 3 3 3 1 1 1 3 3 3 1 1 1 3 3 3 3
3 3 3 3 3 3 3 3 3 3 3 3 3 3 3 3 3 3
3 3 3 3 3 3 3 3 3 3 3 3 3 3 3 3 3 3
3 3 3 4 4 3 3 3 3 3 3 3 4 4 3 3 3 3
3 3 3 4 3 3 3 3 3 3 3 3 3 4 3 3 3 3
3 3 3 3 3 3 3 3 3 3 3 3 3 3 3 3 3 3
3 3 3 3 3 3 3 3 3 3 3 3 3 3 3 3 6 3
3 3 3 3 3 3 3 3 3 3 3 3 3 3 3 3 3 3
Output:
4 4 3 3 3 3 3 3 3 4 4
4 1 1 1 3 3 3 1 1 1 4
3 1 2 2 2 3 2 2 2 1 3
3 1 2 8 8 3 8 8 2 1 3
3 3 2 8 7 7 7 8 2 3 3
3 3 3 3 7 6 7 3 3 3 3
3 3 2 8 7 7 7 8 2 3 3
3 1 2 8 8 3 8 8 2 1 3
3 1 2 2 2 3 2 2 2 1 3
4 1 1 1 3 3 3 1 1 1 4
4 4 3 3 3 3 3 3 3 4 4

Example 3:

Input:
1 1 1 1 1 1 1 1 1 1 1 1 1 4 1 1 1 1 1
1 1 1 1 1 1 1 1 1 1 1 1 1 1 1 1 1 1 1
1 1 1 1 1 1 1 1 1 1 1 1 1 4 1 1 1 1 1
1 1 1 1 1 1 1 8 8 8 1 1 1 4 1 1 1 1 1
1 1 1 1 1 1 1 8 1 8 1 1 1 4 1 1 1 1 1
1 1 1 1 1 1 1 8 8 8 1 1 1 4 1 1 1 1 1
1 1 1 1 1 1 1 1 1 1 1 1 1 4 4 4 4 4 1
1 1 1 1 1 1 1 1 1 1 1 1 1 1 1 1 1 1 1
1 1 1 3 3 1 3 3 1 1 1 1 1 1 1 1 1 1 1
1 1 1 3 1 1 1 3 1 1 1 1 1 1 1 1 1 1 1
1 1 1 1 1 1 1 1 1 1 1 1 1 1 1 1 1 1 1
1 1 1 3 1 1 1 3 1 1 1 1 1 1 1 1 1 1 1
1 1 1 3 3 1 3 3 1 1 1 1 1 1 1 1 1 1 1
1 1 1 1 1 1 1 1 1 1 1 1 1 1 6 6 1 1 1
1 1 1 1 1 1 1 1 1 1 1 1 1 1 6 1 1 1 1
1 1 1 1 2 2 2 1 1 1 2 2 2 1 1 1 1 1 1
1 1 1 1 2 1 1 1 1 1 1 1 2 1 1 1 1 1 1
1 1 1 1 2 1 1 1 1 1 1 1 2 1 1 1 1 1 1
1 1 1 1 1 1 1 1 1 1 1 1 1 1 6 1 1 1 1
Output:
4 4 4 4 4 1 4 4 4 4 4
4 2 2 2 1 1 1 2 2 2 4
4 2 6 6 1 1 1 6 6 2 4
4 2 6 3 3 1 3 3 6 2 4
4 1 1 3 8 8 8 3 1 1 4
1 1 1 1 8 1 8 1 1 1 1
4 1 1 3 8 8 8 3 1 1 4
4 2 6 3 3 1 3 3 6 2 4
4 2 6 6 1 1 1 6 6 2 4
4 2 2 2 1 1 1 2 2 2 4
4 4 4 4 4 1 4 4 4 4 4

Example 4:

Input:
8 4 8 8 8 4 8 8 8 8 8 3 8 3 8 8 8
8 8 8 8 8 8 1 8 8 8 8 3 3 3 8 8 8
8 4 8 8 8 4 8 8 8 8 8 8 8 8 8 8 8
8 4 4 8 4 4 8 8 8 8 8 8 8 8 8 8 8
8 8 8 8 8 8 8 8 8 8 8 8 8 8 8 8 8
8 8 8 8 8 8 8 8 8 8 8 8 8 8 8 8 8
8 8 8 8 8 8 8 8 8 8 8 8 8 8 8 8 8
8 8 8 8 8 8 8 8 8 8 8 8 8 8 8 8 8
8 8 8 8 8 8 8 8 8 8 8 8 8 8 8 8 8
8 8 8 8 8 8 8 8 8 8 5 5 5 8 5 5 5
8 8 8 8 8 8 8 8 8 8 5 8 8 8 8 8 5
8 8 8 8 8 8 8 8 8 8 5 8 8 8 8 8 5
8 8 8 8 8 8 8 8 8 8 8 8 8 8 8 8 8
Output:
5 5 5 8 5 5 5
5 4 4 8 4 4 5
5 4 3 3 3 4 5
8 8 3 1 3 8 8
5 4 3 3 3 4 5
5 4 4 8 4 4 5
5 5 5 8 5 5 5

Example 5:

Input:
9 9 9 9 9 9 9 9 9 9 9 9 9
3 3 9 9 9 9 9 9 9 3 3 9 9
3 9 9 6 6 9 9 9 9 9 3 9 9
9 9 9 9 6 9 9 9 9 9 9 9 9
9 9 9 9 9 9 9 8 8 8 9 2 9
9 9 9 9 9 9 9 8 9 8 9 9 9
9 9 9 9 9 9 9 8 8 8 9 9 9
9 9 9 9 6 9 9 9 9 9 9 9 9
9 9 9 6 6 9 9 4 4 4 4 9 4
9 9 9 9 9 9 9 4 9 9 9 9 9
3 9 9 9 9 9 9 4 9 9 3 9 9
3 3 9 9 9 9 9 4 9 3 3 9 9
9 9 9 9 9 9 9 9 5 5 9 5 5
9 9 9 9 9 9 9 4 5 9 9 9 5
9 9 9 9 9 9 9 4 9 9 9 9 9
Output:
3 3 9 9 9 9 9 9 9 3 3
3 4 4 4 4 9 4 4 4 4 3
9 4 6 6 9 9 9 6 6 4 9
9 4 6 5 5 9 5 5 6 4 9
9 4 9 5 8 8 8 5 9 4 9
9 9 9 9 8 2 8 9 9 9 9
9 4 9 5 8 8 8 5 9 4 9
9 4 6 5 5 9 5 5 6 4 9
9 4 6 6 9 9 9 6 6 4 9
3 4 4 4 4 9 4 4 4 4 3
3 3 9 9 9 9 9 9 9 3 3

Example 6:

Input:
2 2 5 5 2 5 5 2 2 2 2 2 2
2 2 5 2 2 2 5 2 2 2 2 2 2
2 2 2 2 2 2 2 2 2 2 2 2 2
2 2 5 2 2 2 5 2 2 2 2 2 2
2 2 5 5 2 5 5 2 2 2 2 2 2
2 2 2 2 2 2 2 2 2 2 2 2 2
2 2 2 2 2 2 2 2 2 2 2 2 2
2 2 2 2 2 2 2 2 2 3 3 2 2
8 8 8 2 7 2 2 2 2 3 2 2 2
8 2 8 2 2 2 2 2 2 2 2 2 2
8 8 8 2 2 2 2 2 2 2 2 2 2
2 2 2 2 2 2 2 2 2 2 2 2 2
2 2 2 2 2 2 2 2 2 3 2 2 2
2 2 2 2 2 2 2 2 2 3 3 2 2
2 2 2 2 2 2 2 2 2 2 2 2 2
2 2 2 2 2 2 2 2 2 2 2 2 2
Output:
3 3 2 2 2 3 3
3 5 5 2 5 5 3
2 5 8 8 8 5 2
2 2 8 7 8 2 2
2 5 8 8 8 5 2
3 5 5 2 5 5 3
3 3 2 2 2 3 3

Example 7:

Input:
8 8 8 8 8 8 8 8 8 8 8 8 8 8 8 8 8 8
8 8 8 8 8 8 8 8 8 8 8 8 8 8 8 8 8 8
8 8 8 8 8 8 8 8 8 8 8 8 8 8 8 8 8 8
8 8 8 8 8 8 8 8 8 8 8 8 8 8 8 8 8 8
5 5 5 8 5 5 5 8 8 8 8 8 8 8 8 8 8 8
5 8 8 8 8 8 5 8 8 8 8 8 8 8 8 8 8 8
5 8 8 8 8 8 5 8 8 8 8 8 8 8 8 8 8 8
8 8 8 8 8 8 8 8 8 8 8 8 8 8 8 8 8 8
5 8 8 8 8 8 5 8 8 8 8 8 8 8 8 8 8 8
5 8 8 8 8 8 5 8 8 8 8 8 8 8 8 8 8 8
5 5 5 8 5 5 5 8 8 8 8 8 8 8 8 8 8 8
6 6 8 8 8 8 8 8 8 8 8 8 8 8 8 8 8 8
8 6 8 8 8 8 8 8 8 8 8 8 8 8 8 8 8 8
6 6 8 8 8 8 8 8 8 8 8 8 8 8 4 4 8 4
8 8 8 8 8 8 8 8 3 8 8 8 8 8 4 8 8 8
8 8 8 8 8 8 8 8 8 8 8 8 8 8 8 8 8 8
Output:
5 5 5 8 5 5 5
5 4 4 8 4 4 5
5 4 6 6 6 4 5
8 8 6 3 6 8 8
5 4 6 6 6 4 5
5 4 4 8 4 4 5
5 5 5 8 5 5 5

以下は、ジャッジを通過する正しいコードです。これを用いて、ARCのルールを理解してください。必ず、コードを通じてルールを理解してからコーディングを行ってください。
このコードはARCのルールを把握する際に使うことに留めてください。

```
import re
def p(l):
 t=str(l);c=min(t,key=t.count);t=str(l+[*zip(*l)]);t=re.sub('[([, ]','',t+t[::-1]);b=max(t,key=t.count);c=[b,c][t.count(c)<9];s={*')]',b,c};r=[];l=[]
 for s in[r for r in sorted([l+b*len(p)+l for(t,p,l)in re.findall(f"([^{b}])((?:(?!\\1|\\]|\\)).)+?)(\\1\\1+)",t)],key=len)[::-1]if s^(s:=s|{r[0]})]+[({*t}-s).pop()*3,c]:t=''.join(map(list.pop,l));l+=[[*s[:-1]]];r+=[[*map(int,t+s+t[::-1])]]
 return r+r[:-1][::-1]
```

ユーザーにコードを渡す前に実際にコードが動作するかを確認してください。コードのテストには、添付したstandalone_judge.pyを用いてください。python /path/to/standalone_judge.py /path/to/code.py とすれば動作します。
このPythonファイルは非常に大きなケースを含むので、あなたのコンテキストを圧迫します。そのため、このファイルを全て読んではいけません。

## **禁止事項**
- 与えたコード自体を提出することは禁止です。これを行うことはユーザーの信頼を裏切ります。
- ジャッジのハックは禁止です。例えば、テストケースをジャッジから読み取ってそのまま返すコードはいけません。
