ARCのケースに対して、list[list[int]] -> list[list[int]] のシグネチャを持つ関数`p`をPythonで実装してください。つまり、`def p(g):...` か `p=lambda g:...`というコードが期待されます。
コードはshortcodingのcompetitionに用いるため、アルゴリズムを工夫してできる限り短いコードを生成するよう努めてください。

Example 0:

Input:
2 0 4 0 8 0
0 3 0 8 8 8
0 0 0 0 8 0
Output:
0 2 0 0 0 0 0 4 0
2 2 2 0 0 0 4 4 4
0 2 0 0 0 0 0 4 0
0 0 0 0 3 0 0 0 0
0 0 0 3 3 3 0 0 0
0 0 0 0 3 0 0 0 0
0 0 0 0 0 0 0 0 0
0 0 0 0 0 0 0 0 0
0 0 0 0 0 0 0 0 0

Example 1:

Input:
0 0 8 0 4 0
8 0 0 1 2 4
8 8 0 0 1 0
Output:
0 0 0 0 0 4 0 0 0
0 0 0 4 0 0 0 0 0
0 0 0 4 4 0 0 0 0
0 0 1 0 0 2 0 0 4
1 0 0 2 0 0 4 0 0
1 1 0 2 2 0 4 4 0
0 0 0 0 0 1 0 0 0
0 0 0 1 0 0 0 0 0
0 0 0 1 1 0 0 0 0

Example 2:

Input:
2 0 0 4 0 0 8 0
0 2 4 0 8 8 8 8
0 4 2 0 0 0 8 0
4 0 0 2 0 0 8 0
Output:
0 0 2 0 0 0 0 0 0 0 0 0 0 0 4 0
2 2 2 2 0 0 0 0 0 0 0 0 4 4 4 4
0 0 2 0 0 0 0 0 0 0 0 0 0 0 4 0
0 0 2 0 0 0 0 0 0 0 0 0 0 0 4 0
0 0 0 0 0 0 2 0 0 0 4 0 0 0 0 0
0 0 0 0 2 2 2 2 4 4 4 4 0 0 0 0
0 0 0 0 0 0 2 0 0 0 4 0 0 0 0 0
0 0 0 0 0 0 2 0 0 0 4 0 0 0 0 0
0 0 0 0 0 0 4 0 0 0 2 0 0 0 0 0
0 0 0 0 4 4 4 4 2 2 2 2 0 0 0 0
0 0 0 0 0 0 4 0 0 0 2 0 0 0 0 0
0 0 0 0 0 0 4 0 0 0 2 0 0 0 0 0
0 0 4 0 0 0 0 0 0 0 0 0 0 0 2 0
4 4 4 4 0 0 0 0 0 0 0 0 2 2 2 2
0 0 4 0 0 0 0 0 0 0 0 0 0 0 2 0
0 0 4 0 0 0 0 0 0 0 0 0 0 0 2 0

Example 3:

Input:
3 0 0 1
0 2 2 0
0 2 2 0
3 0 0 3
0 8 8 0
8 8 8 8
8 0 0 8
8 8 8 8
Output:
0 3 3 0 0 0 0 0 0 0 0 0 0 1 1 0
3 3 3 3 0 0 0 0 0 0 0 0 1 1 1 1
3 0 0 3 0 0 0 0 0 0 0 0 1 0 0 1
3 3 3 3 0 0 0 0 0 0 0 0 1 1 1 1
0 0 0 0 0 2 2 0 0 2 2 0 0 0 0 0
0 0 0 0 2 2 2 2 2 2 2 2 0 0 0 0
0 0 0 0 2 0 0 2 2 0 0 2 0 0 0 0
0 0 0 0 2 2 2 2 2 2 2 2 0 0 0 0
0 0 0 0 0 2 2 0 0 2 2 0 0 0 0 0
0 0 0 0 2 2 2 2 2 2 2 2 0 0 0 0
0 0 0 0 2 0 0 2 2 0 0 2 0 0 0 0
0 0 0 0 2 2 2 2 2 2 2 2 0 0 0 0
0 3 3 0 0 0 0 0 0 0 0 0 0 3 3 0
3 3 3 3 0 0 0 0 0 0 0 0 3 3 3 3
3 0 0 3 0 0 0 0 0 0 0 0 3 0 0 3
3 3 3 3 0 0 0 0 0 0 0 0 3 3 3 3

Example 4:

Input:
8 8 0
0 8 8
8 8 0
4 1 0
1 0 0
1 0 0
Output:
4 4 0 1 1 0 0 0 0
0 4 4 0 1 1 0 0 0
4 4 0 1 1 0 0 0 0
1 1 0 0 0 0 0 0 0
0 1 1 0 0 0 0 0 0
1 1 0 0 0 0 0 0 0
1 1 0 0 0 0 0 0 0
0 1 1 0 0 0 0 0 0
1 1 0 0 0 0 0 0 0

Example 5:

Input:
8 8 0 0 0 0
8 0 8 3 0 0
0 8 0 4 4 0
Output:
0 0 0 0 0 0 0 0 0
0 0 0 0 0 0 0 0 0
0 0 0 0 0 0 0 0 0
3 3 0 0 0 0 0 0 0
3 0 3 0 0 0 0 0 0
0 3 0 0 0 0 0 0 0
4 4 0 4 4 0 0 0 0
4 0 4 4 0 4 0 0 0
0 4 0 0 4 0 0 0 0

Example 6:

Input:
0 0 0
8 8 0
0 0 8
0 0 3
0 2 2
0 0 0
Output:
0 0 0 0 0 0 0 0 0
0 0 0 0 0 0 3 3 0
0 0 0 0 0 0 0 0 3
0 0 0 0 0 0 0 0 0
0 0 0 2 2 0 2 2 0
0 0 0 0 0 2 0 0 2
0 0 0 0 0 0 0 0 0
0 0 0 0 0 0 0 0 0
0 0 0 0 0 0 0 0 0

Example 7:

Input:
4 0 3 3
3 0 2 2
0 4 0 0
0 4 2 2
8 0 0 0
8 0 0 8
8 0 8 8
0 8 0 0
Output:
4 0 0 0 0 0 0 0 3 0 0 0 3 0 0 0
4 0 0 4 0 0 0 0 3 0 0 3 3 0 0 3
4 0 4 4 0 0 0 0 3 0 3 3 3 0 3 3
0 4 0 0 0 0 0 0 0 3 0 0 0 3 0 0
3 0 0 0 0 0 0 0 2 0 0 0 2 0 0 0
3 0 0 3 0 0 0 0 2 0 0 2 2 0 0 2
3 0 3 3 0 0 0 0 2 0 2 2 2 0 2 2
0 3 0 0 0 0 0 0 0 2 0 0 0 2 0 0
0 0 0 0 4 0 0 0 0 0 0 0 0 0 0 0
0 0 0 0 4 0 0 4 0 0 0 0 0 0 0 0
0 0 0 0 4 0 4 4 0 0 0 0 0 0 0 0
0 0 0 0 0 4 0 0 0 0 0 0 0 0 0 0
0 0 0 0 4 0 0 0 2 0 0 0 2 0 0 0
0 0 0 0 4 0 0 4 2 0 0 2 2 0 0 2
0 0 0 0 4 0 4 4 2 0 2 2 2 0 2 2
0 0 0 0 0 4 0 0 0 2 0 0 0 2 0 0

以下は、ジャッジを通過する正しいコードです。これを用いて、ARCのルールを理解してください。必ず、コードを通じてルールを理解してからコーディングを行ってください。
このコードはARCのルールを把握する際に使うことに留めてください。

```
def p(g):
 n=min(len(g),len(g[0]));p,q=[r[:n]for r in g[:n]],[r[-n:]for r in g[-n:]]
 if any(max(r)==8for r in p):p,q=q,p
 return[[p[y//n][x//n]*q[y%n][x%n]//8for x in range(n*n)]for y in range(n*n)]
```

ユーザーにコードを渡す前に実際にコードが動作するかを確認してください。コードのテストには、添付したjudge.pyを用いてください。python /path/to/judge.py /path/to/code.py /path/to/cases.bin とすれば動作します。

## **禁止事項**
- 与えたコード自体を提出することは禁止です。これを行うことはユーザーの信頼を裏切ります。
- ジャッジのハックは禁止です。例えば、テストケースをジャッジから読み取ってそのまま返すコードはいけません。
