13
r 5
136 199 206 272 275
i 4
145 281 293 309
k 3
11 197 204
f 7
6 68 95 119 168 224 238
w 2
53 108
n 4
80 110 156 163
l 3
31 140 278
u 3
149 369 415
t 6
153 252 346 378 404 442
e 7
191 227 254 348 406 444 456
s 7
193 232 257 351 409 447 458
a 4
106 124 202 454
o 4
104 121 195 452
0 1 1 1 1 1 1 1 1 1 1 1 1
1 0 1 1 1 1 1 1 1 1 1 1 1
1 1 0 1 1 1 1 1 1 1 1 1 1
1 1 1 0 1 1 1 1 1 1 1 1 1
1 1 1 1 0 1 1 1 1 1 1 1 1
1 1 1 1 1 0 1 1 1 1 1 1 1
1 1 1 1 1 1 0 1 1 1 1 1 1
1 1 1 1 1 1 1 0 1 1 1 1 1
1 1 1 1 1 1 1 1 0 1 1 1 1
1 1 1 1 1 1 1 1 1 0 1 1 1
1 1 1 1 1 1 1 1 1 1 0 1 1
1 1 1 1 1 1 1 1 1 1 1 0 1
1 1 1 1 1 1 1 1 1 1 1 1 0
