10
c 2
15 89
g 17
6 80 170 179 188 197 206 215 264 278 305 325 355 440 498 521 542
i 11
37 45 82 199 227 280 336 345 367 442 470
j 10
39 63 85 202 249 287 296 389 445 451
k 6
181 229 338 347 369 404
s 2
493 509
w 7
184 251 289 298 329 391 422
x 6
148 193 239 379 511 515
y 6
126 190 217 357 500 504
z 8
33 97 103 112 128 136 150 158
0 1 1 1 0 1 0 1 1 1
1 0 1 1 1 1 1 1 1 1
1 1 0 1 1 0 1 1 1 0
1 1 1 0 1 0 1 1 1 0
0 1 1 1 0 0 1 1 1 0
1 1 0 0 0 0 0 1 1 1
0 1 1 1 1 0 0 1 1 0
1 1 1 1 1 1 1 0 1 1
1 1 1 1 1 1 1 1 0 1
1 1 0 0 0 1 0 1 1 0
