6
n 21
15 163 171 216 243 279 287 332 359 395 403 448 475 511 519 564 591 629 638 673 719
r 20
165 193 219 252 281 309 335 368 397 425 451 484 513 541 567 600 632 646 675 696
i 32
6 51 80 101 109 119 129 186 208 214 223 302 324 330 339 418 440 446 455 534 556 562 571 623 627 654 683 711 734 741 754 765
e 21
36 103 111 121 131 153 225 250 266 341 366 382 457 482 498 573 598 614 656 669 685
j 21
65 106 116 124 136 155 228 241 264 344 357 380 460 473 496 576 589 612 642 659 690
g 11
149 159 271 275 387 391 503 507 619 651 680
0 1 1 1 1 1
1 0 1 1 1 1
1 1 0 1 1 1
1 1 1 0 1 1
1 1 1 1 0 1
1 1 1 1 1 0
