ARCのケースに対して、list[list[int]] -> list[list[int]] のシグネチャを持つ関数`p`をPythonで実装してください。つまり、`def p(g):...` か `p=lambda g:...`というコードが期待されます。
コードはshortcodingのcompetitionに用いるため、アルゴリズムを工夫してできる限り短いコードを生成するよう努めてください。

Example 0:

Input:
8 8 8 8 8 8 8 8 8 8 8 8 8 8 8 8 8 8 8 8 8 8 8 8 8 8 8
8 8 8 8 8 8 8 8 8 8 8 8 8 8 8 8 8 8 8 8 8 8 8 8 8 8 8
8 8 8 3 3 3 3 3 3 3 3 3 3 3 3 3 3 3 3 3 3 8 8 8 8 8 8
8 8 8 3 3 3 3 3 3 3 3 3 3 3 3 3 3 3 3 3 3 8 8 8 8 8 8
8 8 8 3 3 3 3 3 3 3 3 3 3 3 3 3 3 3 3 3 3 8 8 8 8 8 8
8 8 8 3 3 3 3 3 3 3 3 3 3 3 3 3 3 3 3 3 3 8 8 8 8 8 8
8 8 8 3 3 3 3 3 3 3 3 3 3 3 3 3 3 3 3 3 3 8 8 8 8 8 8
8 8 8 3 3 3 3 3 3 3 3 3 3 3 3 3 3 3 3 3 3 8 8 8 8 8 8
8 8 8 3 3 3 3 3 3 3 3 3 3 3 3 3 3 3 3 3 3 8 8 8 8 8 8
8 8 8 3 3 3 2 2 2 2 2 2 3 3 3 3 3 3 3 3 3 8 8 8 8 8 8
8 8 8 3 3 3 2 2 2 2 2 2 3 3 3 3 3 3 3 3 3 8 8 8 8 8 8
8 8 8 3 3 3 2 2 2 2 2 2 3 3 3 3 3 3 3 3 3 8 8 8 8 8 8
8 8 8 3 3 3 2 2 2 2 2 2 3 3 3 3 3 3 3 3 3 8 8 8 8 8 8
8 8 8 3 3 3 2 2 2 2 2 2 3 3 3 3 3 3 3 3 3 8 8 8 8 8 8
8 8 8 3 3 3 2 2 2 2 2 2 3 3 3 3 3 3 3 3 3 8 8 8 8 8 8
8 8 8 3 3 3 3 3 3 3 3 3 3 3 3 3 3 3 3 3 3 8 8 8 8 8 8
8 8 8 3 3 3 3 3 3 3 3 3 3 3 3 3 3 3 3 3 3 8 8 8 8 8 8
8 8 8 3 3 3 3 3 3 3 3 3 3 3 3 3 3 3 3 3 3 8 8 8 8 8 8
8 8 8 8 8 8 8 8 8 8 8 8 8 8 8 8 8 8 8 8 8 8 8 8 8 8 8
8 8 8 8 8 8 8 8 8 8 8 8 8 8 8 8 8 8 8 8 8 8 8 8 8 8 8
8 8 8 8 8 8 8 8 8 8 8 8 8 8 8 8 8 8 8 8 8 8 8 8 8 8 8
8 8 8 8 8 8 8 8 8 8 8 8 8 8 8 8 8 8 8 8 8 8 8 8 8 8 8
8 8 8 8 8 8 8 8 8 8 8 8 8 8 8 8 8 8 8 8 8 8 8 8 8 8 8
Output:
8 8 8 8 8
8 3 3 3 8
8 3 2 3 8
8 3 3 3 8
8 8 8 8 8

Example 1:

Input:
5 5 5 5 5 5 5 5 5 5 5 5 5 5 5 5 5 5 5 5 5 5 5 5 5
5 5 5 5 5 5 5 5 5 5 5 5 5 5 5 5 5 5 5 5 5 5 5 5 5
5 5 5 5 5 5 5 5 5 5 5 5 5 5 5 5 5 5 5 5 5 5 5 5 5
5 5 5 5 6 6 6 6 6 6 6 6 6 6 6 6 6 6 6 5 5 5 5 5 5
5 5 5 5 6 6 6 6 6 6 6 6 6 6 6 6 6 6 6 5 5 5 5 5 5
5 5 5 5 6 6 6 6 6 6 6 6 6 6 6 6 6 6 6 5 5 5 5 5 5
5 5 5 5 6 6 6 6 6 6 6 6 6 6 6 6 6 6 6 5 5 5 5 5 5
5 5 5 5 6 6 6 6 6 6 6 6 6 6 6 6 6 6 6 5 5 5 5 5 5
5 5 5 5 6 6 6 6 6 6 6 6 6 6 6 6 6 6 6 5 5 5 5 5 5
5 5 5 5 6 6 6 6 6 6 6 6 6 6 6 6 6 6 6 5 5 5 5 5 5
5 5 5 5 6 6 6 6 6 6 6 6 6 6 6 6 6 6 6 5 5 5 5 5 5
5 5 5 5 6 6 6 6 6 6 6 6 6 6 6 6 6 6 6 5 5 5 5 5 5
5 5 5 5 6 6 6 6 6 6 6 6 6 6 6 6 6 6 6 5 5 5 5 5 5
5 5 5 5 6 6 6 6 6 6 6 6 6 6 6 6 6 6 6 5 5 5 5 5 5
5 5 5 5 6 6 6 6 6 6 6 6 6 6 6 6 6 6 6 5 5 5 5 5 5
5 5 5 5 6 6 6 6 6 6 6 6 6 6 6 6 6 6 6 5 5 5 5 5 5
5 5 5 5 5 5 5 5 5 5 5 5 5 5 5 5 5 5 5 5 5 5 5 5 5
5 5 5 5 5 5 5 5 5 5 5 5 5 5 5 5 5 5 5 5 5 5 5 5 5
5 5 5 5 5 5 5 5 5 5 5 5 5 5 5 5 5 5 5 5 5 5 5 5 5
5 5 5 5 5 5 5 5 5 5 5 5 5 5 5 5 5 5 5 5 5 5 5 5 5
5 5 5 5 5 5 5 5 5 5 5 5 5 5 5 5 5 5 5 5 5 5 5 5 5
5 5 5 5 5 5 5 5 5 5 5 5 5 5 5 5 5 5 5 5 5 5 5 5 5
Output:
5 5 5
5 6 5
5 5 5

Example 2:

Input:
3 3 3 3 3 3 3 3 3 3 3 3 3 3 3 3 3 3 3 3 3 3
3 3 3 3 3 3 3 3 3 3 3 3 3 3 3 3 3 3 3 3 3 3
3 3 3 3 3 3 3 3 3 3 3 3 3 3 3 3 3 3 3 3 3 3
3 3 3 8 8 8 8 8 8 8 8 8 8 8 8 8 8 3 3 3 3 3
3 3 3 8 8 8 8 8 8 8 8 8 8 8 8 8 8 3 3 3 3 3
3 3 3 8 8 2 2 2 2 2 2 2 2 2 8 8 8 3 3 3 3 3
3 3 3 8 8 2 2 2 1 1 1 1 1 2 8 8 8 3 3 3 3 3
3 3 3 8 8 2 2 2 1 1 1 1 1 2 8 8 8 3 3 3 3 3
3 3 3 8 8 2 2 2 1 1 1 1 1 2 8 8 8 3 3 3 3 3
3 3 3 8 8 2 2 2 2 2 2 2 2 2 8 8 8 3 3 3 3 3
3 3 3 8 8 2 2 2 2 2 2 2 2 2 8 8 8 3 3 3 3 3
3 3 3 8 8 2 2 2 2 2 2 2 2 2 8 8 8 3 3 3 3 3
3 3 3 8 8 2 2 2 2 2 2 2 2 2 8 8 8 3 3 3 3 3
3 3 3 8 8 2 2 2 2 2 2 2 2 2 8 8 8 3 3 3 3 3
3 3 3 8 8 8 8 8 8 8 8 8 8 8 8 8 8 3 3 3 3 3
3 3 3 8 8 8 8 8 8 8 8 8 8 8 8 8 8 3 3 3 3 3
3 3 3 8 8 8 8 8 8 8 8 8 8 8 8 8 8 3 3 3 3 3
3 3 3 3 3 3 3 3 3 3 3 3 3 3 3 3 3 3 3 3 3 3
3 3 3 3 3 3 3 3 3 3 3 3 3 3 3 3 3 3 3 3 3 3
3 3 3 3 3 3 3 3 3 3 3 3 3 3 3 3 3 3 3 3 3 3
3 3 3 3 3 3 3 3 3 3 3 3 3 3 3 3 3 3 3 3 3 3
Output:
3 3 3 3 3 3 3
3 8 8 8 8 8 3
3 8 2 2 2 8 3
3 8 2 1 2 8 3
3 8 2 2 2 8 3
3 8 8 8 8 8 3
3 3 3 3 3 3 3

Example 3:

Input:
2 2 2 2 2 2 2 2 2 2 2 2 2 2 2 2 2 2 2 2 2 2 2 2 2 2 2
2 2 2 2 2 2 2 2 2 2 2 2 2 2 2 2 2 2 2 2 2 2 2 2 2 2 2
2 2 2 2 2 2 2 2 2 2 2 2 2 2 2 2 2 2 2 2 2 2 2 2 2 2 2
2 2 2 2 2 2 2 2 2 2 2 2 2 2 2 2 2 2 2 2 2 2 2 2 2 2 2
2 2 2 2 2 2 2 2 2 2 2 2 2 2 2 2 2 2 2 2 2 2 2 2 2 2 2
2 2 2 1 1 1 1 1 1 1 1 1 1 1 1 1 1 1 1 1 1 1 1 2 2 2 2
2 2 2 1 1 1 1 1 1 1 1 1 1 1 1 1 1 1 1 1 1 1 1 2 2 2 2
2 2 2 1 1 1 3 3 3 3 3 3 3 3 3 3 3 3 3 3 1 1 1 2 2 2 2
2 2 2 1 1 1 3 3 3 3 3 3 3 3 3 3 3 3 3 3 1 1 1 2 2 2 2
2 2 2 1 1 1 3 3 3 3 3 3 3 3 3 3 3 3 3 3 1 1 1 2 2 2 2
2 2 2 1 1 1 3 3 3 8 8 8 8 8 8 8 8 8 3 3 1 1 1 2 2 2 2
2 2 2 1 1 1 3 3 3 8 8 8 2 2 2 2 8 8 3 3 1 1 1 2 2 2 2
2 2 2 1 1 1 3 3 3 8 8 8 2 2 2 2 8 8 3 3 1 1 1 2 2 2 2
2 2 2 1 1 1 3 3 3 8 8 8 2 2 2 2 8 8 3 3 1 1 1 2 2 2 2
2 2 2 1 1 1 3 3 3 8 8 8 2 2 2 2 8 8 3 3 1 1 1 2 2 2 2
2 2 2 1 1 1 3 3 3 8 8 8 8 8 8 8 8 8 3 3 1 1 1 2 2 2 2
2 2 2 1 1 1 3 3 3 8 8 8 8 8 8 8 8 8 3 3 1 1 1 2 2 2 2
2 2 2 1 1 1 3 3 3 3 3 3 3 3 3 3 3 3 3 3 1 1 1 2 2 2 2
2 2 2 1 1 1 3 3 3 3 3 3 3 3 3 3 3 3 3 3 1 1 1 2 2 2 2
2 2 2 1 1 1 3 3 3 3 3 3 3 3 3 3 3 3 3 3 1 1 1 2 2 2 2
2 2 2 1 1 1 3 3 3 3 3 3 3 3 3 3 3 3 3 3 1 1 1 2 2 2 2
2 2 2 1 1 1 1 1 1 1 1 1 1 1 1 1 1 1 1 1 1 1 1 2 2 2 2
2 2 2 1 1 1 1 1 1 1 1 1 1 1 1 1 1 1 1 1 1 1 1 2 2 2 2
2 2 2 1 1 1 1 1 1 1 1 1 1 1 1 1 1 1 1 1 1 1 1 2 2 2 2
2 2 2 2 2 2 2 2 2 2 2 2 2 2 2 2 2 2 2 2 2 2 2 2 2 2 2
2 2 2 2 2 2 2 2 2 2 2 2 2 2 2 2 2 2 2 2 2 2 2 2 2 2 2
Output:
2 2 2 2 2 2 2 2 2
2 1 1 1 1 1 1 1 2
2 1 3 3 3 3 3 1 2
2 1 3 8 8 8 3 1 2
2 1 3 8 2 8 3 1 2
2 1 3 8 8 8 3 1 2
2 1 3 3 3 3 3 1 2
2 1 1 1 1 1 1 1 2
2 2 2 2 2 2 2 2 2

Example 4:

Input:
8 8 8 8 8 8 8 8 8 8 8 8 8 8 8 8 8 8 8 8 8 8 8 8 8 8 8 8
8 8 8 8 8 8 8 8 8 8 8 8 7 7 7 7 7 7 7 7 8 8 8 8 8 8 8 8
8 8 8 8 8 8 8 8 8 8 8 8 7 7 7 7 7 7 7 7 8 8 8 8 8 8 8 8
8 8 8 8 8 8 8 8 8 8 8 8 7 7 7 7 7 7 7 7 8 8 8 8 8 8 8 8
8 8 8 8 8 8 8 8 8 8 8 8 7 7 7 7 7 7 7 7 8 8 8 8 8 8 8 8
8 8 8 8 8 8 8 8 8 8 8 8 7 7 7 7 7 7 7 7 8 8 8 8 8 8 8 8
8 8 8 8 8 8 8 8 8 8 8 8 7 7 7 7 7 7 7 7 8 8 8 8 8 8 8 8
8 8 8 8 8 8 8 8 8 8 8 8 7 7 7 7 7 7 7 7 8 8 8 8 8 8 8 8
8 8 8 8 8 8 8 8 8 8 8 8 7 7 2 2 2 2 7 7 8 8 8 8 8 8 8 8
8 8 8 8 8 8 8 8 8 8 8 8 7 7 2 2 2 2 7 7 8 8 8 8 8 8 8 8
8 8 8 8 8 8 8 8 8 8 8 8 7 7 2 2 2 2 7 7 8 8 8 8 8 8 8 8
8 8 8 8 8 8 8 8 8 8 8 8 7 7 2 2 2 2 7 7 8 8 8 8 8 8 8 8
8 8 8 8 8 8 8 8 8 8 8 8 7 7 7 7 7 7 7 7 8 8 8 8 8 8 8 8
8 8 8 8 8 8 8 8 8 8 8 8 7 7 7 7 7 7 7 7 8 8 8 8 8 8 8 8
8 8 8 8 8 8 8 8 8 8 8 8 7 7 7 7 7 7 7 7 8 8 8 8 8 8 8 8
8 8 8 8 8 8 8 8 8 8 8 8 7 7 7 7 7 7 7 7 8 8 8 8 8 8 8 8
8 8 8 8 8 8 8 8 8 8 8 8 7 7 7 7 7 7 7 7 8 8 8 8 8 8 8 8
8 8 8 8 8 8 8 8 8 8 8 8 7 7 7 7 7 7 7 7 8 8 8 8 8 8 8 8
8 8 8 8 8 8 8 8 8 8 8 8 7 7 7 7 7 7 7 7 8 8 8 8 8 8 8 8
8 8 8 8 8 8 8 8 8 8 8 8 7 7 7 7 7 7 7 7 8 8 8 8 8 8 8 8
8 8 8 8 8 8 8 8 8 8 8 8 8 8 8 8 8 8 8 8 8 8 8 8 8 8 8 8
Output:
8 8 8 8 8
8 7 7 7 8
8 7 2 7 8
8 7 7 7 8
8 8 8 8 8

Example 5:

Input:
9 9 9 9 9 9 9 9 9 9 9 9 9 9 9 9 9 9 9 9 9
9 7 7 7 7 7 7 7 7 7 7 7 7 7 7 7 7 7 7 7 9
9 7 7 7 7 7 7 7 7 7 7 7 7 7 7 7 7 7 7 7 9
9 7 7 7 7 7 7 7 7 7 7 7 7 7 7 7 7 7 7 7 9
9 7 7 7 7 7 7 7 7 7 7 7 7 7 7 7 7 7 7 7 9
9 7 7 1 1 1 1 1 1 1 1 1 1 1 7 7 7 7 7 7 9
9 7 7 1 1 1 1 1 1 1 1 1 1 1 7 7 7 7 7 7 9
9 7 7 1 1 1 1 1 1 1 1 1 1 1 7 7 7 7 7 7 9
9 7 7 1 1 1 1 1 1 1 1 1 1 1 7 7 7 7 7 7 9
9 7 7 1 1 1 1 1 1 1 1 1 1 1 7 7 7 7 7 7 9
9 7 7 1 1 1 1 1 1 1 3 3 3 1 7 7 7 7 7 7 9
9 7 7 1 1 1 1 1 1 1 3 3 3 1 7 7 7 7 7 7 9
9 7 7 1 1 1 1 1 1 1 3 3 3 1 7 7 7 7 7 7 9
9 7 7 1 1 1 1 1 1 1 3 3 3 1 7 7 7 7 7 7 9
9 7 7 1 1 1 1 1 1 1 1 1 1 1 7 7 7 7 7 7 9
9 7 7 1 1 1 1 1 1 1 1 1 1 1 7 7 7 7 7 7 9
9 7 7 1 1 1 1 1 1 1 1 1 1 1 7 7 7 7 7 7 9
9 7 7 1 1 1 1 1 1 1 1 1 1 1 7 7 7 7 7 7 9
9 7 7 1 1 1 1 1 1 1 1 1 1 1 7 7 7 7 7 7 9
9 7 7 1 1 1 1 1 1 1 1 1 1 1 7 7 7 7 7 7 9
9 7 7 1 1 1 1 1 1 1 1 1 1 1 7 7 7 7 7 7 9
9 7 7 1 1 1 1 1 1 1 1 1 1 1 7 7 7 7 7 7 9
9 7 7 1 1 1 1 1 1 1 1 1 1 1 7 7 7 7 7 7 9
9 7 7 7 7 7 7 7 7 7 7 7 7 7 7 7 7 7 7 7 9
9 9 9 9 9 9 9 9 9 9 9 9 9 9 9 9 9 9 9 9 9
Output:
9 9 9 9 9 9 9
9 7 7 7 7 7 9
9 7 1 1 1 7 9
9 7 1 3 1 7 9
9 7 1 1 1 7 9
9 7 7 7 7 7 9
9 9 9 9 9 9 9

Example 6:

Input:
2 2 2 2 2 2 2 2 2 2 2 2 2 2 2 2 2 2 2 2 2
2 2 2 2 2 2 2 2 2 2 2 2 2 2 2 2 2 2 2 2 2
2 2 2 2 2 2 2 2 2 2 2 2 2 4 4 4 2 2 2 2 2
2 2 2 2 2 2 2 2 2 2 2 2 2 4 4 4 2 2 2 2 2
2 2 2 2 2 2 2 2 2 2 2 2 2 4 4 4 2 2 2 2 2
2 2 2 2 2 2 2 2 2 2 2 2 2 4 4 4 2 2 2 2 2
2 2 2 2 2 2 2 2 2 2 2 2 2 4 4 4 2 2 2 2 2
2 2 2 2 2 2 2 2 2 2 2 2 2 4 4 4 2 2 2 2 2
2 2 2 2 2 2 2 2 2 2 2 2 2 4 4 4 2 2 2 2 2
2 2 2 2 2 2 2 2 2 2 2 2 2 4 4 4 2 2 2 2 2
2 2 2 2 2 2 2 2 2 2 2 2 2 4 4 4 2 2 2 2 2
2 2 2 2 2 2 2 2 2 2 2 2 2 4 4 4 2 2 2 2 2
2 2 2 2 2 2 2 2 2 2 2 2 2 4 4 4 2 2 2 2 2
2 2 2 2 2 2 2 2 2 2 2 2 2 4 4 4 2 2 2 2 2
2 2 2 2 2 2 2 2 2 2 2 2 2 4 4 4 2 2 2 2 2
2 2 2 2 2 2 2 2 2 2 2 2 2 4 4 4 2 2 2 2 2
2 2 2 2 2 2 2 2 2 2 2 2 2 4 4 4 2 2 2 2 2
2 2 2 2 2 2 2 2 2 2 2 2 2 4 4 4 2 2 2 2 2
2 2 2 2 2 2 2 2 2 2 2 2 2 4 4 4 2 2 2 2 2
2 2 2 2 2 2 2 2 2 2 2 2 2 4 4 4 2 2 2 2 2
2 2 2 2 2 2 2 2 2 2 2 2 2 4 4 4 2 2 2 2 2
2 2 2 2 2 2 2 2 2 2 2 2 2 4 4 4 2 2 2 2 2
2 2 2 2 2 2 2 2 2 2 2 2 2 4 4 4 2 2 2 2 2
2 2 2 2 2 2 2 2 2 2 2 2 2 4 4 4 2 2 2 2 2
2 2 2 2 2 2 2 2 2 2 2 2 2 4 4 4 2 2 2 2 2
2 2 2 2 2 2 2 2 2 2 2 2 2 2 2 2 2 2 2 2 2
2 2 2 2 2 2 2 2 2 2 2 2 2 2 2 2 2 2 2 2 2
Output:
2 2 2
2 4 2
2 2 2

Example 7:

Input:
1 1 1 1 1 1 1 1 1 1 1 1 1 1 1 1 1 1 1 1 1 1 1 1 1
1 1 1 1 1 1 1 1 1 1 1 1 1 1 1 1 1 1 1 1 1 1 1 1 1
1 1 1 1 1 1 1 1 1 1 1 1 1 1 1 1 1 1 1 1 1 1 1 1 1
1 1 1 2 2 2 2 2 2 2 2 2 2 2 2 2 2 1 1 1 1 1 1 1 1
1 1 1 2 2 2 2 2 2 2 2 2 2 2 2 2 2 1 1 1 1 1 1 1 1
1 1 1 2 2 2 2 2 2 2 2 2 2 2 2 2 2 1 1 1 1 1 1 1 1
1 1 1 2 2 2 2 2 2 2 2 2 2 2 2 2 2 1 1 1 1 1 1 1 1
1 1 1 2 2 2 2 2 2 2 2 2 2 2 2 2 2 1 1 1 1 1 1 1 1
1 1 1 2 2 2 2 2 2 2 2 2 2 2 2 2 2 1 1 1 1 1 1 1 1
1 1 1 2 2 2 2 2 2 2 2 2 2 2 2 2 2 1 1 1 1 1 1 1 1
1 1 1 2 2 2 2 2 2 2 2 2 2 2 2 2 2 1 1 1 1 1 1 1 1
1 1 1 2 2 2 2 2 2 2 2 2 2 2 2 2 2 1 1 1 1 1 1 1 1
1 1 1 2 2 2 2 2 2 2 2 2 2 2 2 2 2 1 1 1 1 1 1 1 1
1 1 1 2 2 2 2 2 2 2 2 2 2 2 2 2 2 1 1 1 1 1 1 1 1
1 1 1 2 2 2 2 2 2 2 2 2 2 2 2 2 2 1 1 1 1 1 1 1 1
1 1 1 2 2 2 2 2 2 2 2 2 2 2 2 2 2 1 1 1 1 1 1 1 1
1 1 1 2 2 2 2 2 2 2 2 2 2 2 2 2 2 1 1 1 1 1 1 1 1
1 1 1 1 1 1 1 1 1 1 1 1 1 1 1 1 1 1 1 1 1 1 1 1 1
1 1 1 1 1 1 1 1 1 1 1 1 1 1 1 1 1 1 1 1 1 1 1 1 1
1 1 1 1 1 1 1 1 1 1 1 1 1 1 1 1 1 1 1 1 1 1 1 1 1
1 1 1 1 1 1 1 1 1 1 1 1 1 1 1 1 1 1 1 1 1 1 1 1 1
1 1 1 1 1 1 1 1 1 1 1 1 1 1 1 1 1 1 1 1 1 1 1 1 1
Output:
1 1 1
1 2 1
1 1 1

以下は、ジャッジを通過する正しいコードです。これを用いて、ARCのルールを理解してください。必ず、コードを通じてルールを理解してからコーディングを行ってください。
このコードはARCのルールを把握する際に使うことに留めてください。

```
f=lambda x:[t for(s,t)in zip([0]+x,x)if s!=t]
p=lambda g:f([*zip(*f(g))])
```

ユーザーにコードを渡す前に実際にコードが動作するかを確認してください。コードのテストには、添付したjudge.pyを用いてください。python /path/to/judge.py /path/to/code.py /path/to/cases.bin とすれば動作します。

## **禁止事項**
- 与えたコード自体を提出することは禁止です。これを行うことはユーザーの信頼を裏切ります。
- ジャッジのハックは禁止です。例えば、テストケースをジャッジから読み取ってそのまま返すコードはいけません。
