ARCのケースに対して、list[list[int]] -> list[list[int]] のシグネチャを持つ関数`p`をPythonで実装してください。つまり、`def p(g):...` か `p=lambda g:...`というコードが期待されます。
コードはshortcodingのcompetitionに用いるため、アルゴリズムを工夫してできる限り短いコードを生成するよう努めてください。

Example 0:

Input:
9 0 0 0 0 2 8 0 9 0 2 0 9
1 0 0 6 0 0 0 0 0 0 0 9 5
9 0 4 9 3 0 0 5 7 0 8 0 8
0 0 8 6 0 6 0 1 0 0 0 4 1
3 6 0 1 0 3 9 0 0 4 5 7 2
0 8 0 0 0 0 0 0 7 1 8 0 0
9 0 0 2 0 0 0 7 5 7 0 8 4
0 0 0 8 7 5 0 0 7 0 0 5 0
9 9 0 0 0 0 5 0 0 5 0 0 0
8 0 0 8 0 6 5 0 0 0 0 9 0
4 0 0 6 0 7 9 9 8 0 5 7 3
0 0 0 0 0 0 0 7 2 0 0 0 8
0 0 0 7 5 0 5 0 0 0 0 0 3
Output:
9 1 1 1 1 2 8 1 9 1 2 0 9
1 1 1 6 1 1 1 1 1 1 1 9 5
9 1 4 9 3 1 1 5 7 1 8 0 8
1 1 8 6 1 6 1 1 1 1 1 4 1
3 6 1 1 1 3 9 1 1 4 5 7 2
0 8 1 1 1 1 1 1 7 1 8 0 0
9 1 1 2 1 1 1 7 5 7 1 8 4
1 1 1 8 7 5 1 1 7 1 1 5 1
9 9 1 1 1 1 5 1 1 5 1 1 1
8 1 1 8 1 6 5 1 1 1 1 9 1
4 1 1 6 1 7 9 9 8 1 5 7 3
1 1 1 1 1 1 1 7 2 1 1 1 8
1 1 1 7 5 1 5 1 1 1 1 1 3

Example 1:

Input:
0 0 2 0 9 6 5 5 5 0 2 1 0 0 0
3 0 4 4 9 0 0 0 3 9 0 0 0 5 0
8 9 2 0 1 0 6 8 0 0 0 8 0 8 0
6 0 4 0 4 0 0 1 6 1 6 9 1 4 2
7 7 7 3 0 0 6 4 0 4 0 1 3 0 0
7 6 0 4 0 2 0 0 4 0 8 0 0 7 6
0 0 4 7 8 3 0 4 0 0 5 0 6 0 3
0 8 0 0 2 0 0 0 1 0 2 0 0 1 0
3 3 1 0 2 0 0 6 0 8 6 0 0 0 0
0 0 0 0 0 8 0 0 0 9 0 4 0 2 8
0 0 4 1 4 9 0 7 0 1 0 5 0 0 8
7 2 0 0 4 5 1 0 9 0 0 6 4 0 0
0 0 0 0 9 6 3 1 3 3 9 0 0 0 5
0 5 0 4 0 7 9 9 0 0 0 0 9 4 0
0 9 8 8 0 6 8 0 0 0 8 0 0 0 0
Output:
0 0 2 0 9 6 5 5 5 0 2 1 1 1 1
3 0 4 4 9 1 1 1 3 9 1 1 1 5 1
8 9 2 1 1 1 6 8 1 1 1 8 1 8 1
6 0 4 1 4 1 1 1 6 1 6 9 1 4 2
7 7 7 3 1 1 6 4 0 4 1 1 3 0 0
7 6 0 4 1 2 1 1 4 1 8 1 1 7 6
0 0 4 7 8 3 1 4 1 1 5 1 6 1 3
0 8 1 1 2 1 1 1 1 1 2 1 1 1 1
3 3 1 1 2 1 1 6 1 8 6 1 1 1 1
1 1 1 1 1 8 1 1 1 9 1 4 1 2 8
1 1 4 1 4 9 1 7 1 1 1 5 1 1 8
7 2 1 1 4 5 1 1 9 1 1 6 4 1 1
1 1 1 1 9 6 3 1 3 3 9 1 1 1 5
1 5 1 4 0 7 9 9 1 1 1 1 9 4 1
1 9 8 8 0 6 8 1 1 1 8 1 1 1 1

Example 2:

Input:
7 4 4 0 4 0 0 6 1 1 1 0 0 6 0 5
1 1 3 3 4 0 3 8 5 3 4 5 0 8 2 8
8 0 4 8 8 5 0 9 0 0 0 5 5 8 5 8
0 2 6 0 0 0 0 3 0 1 0 8 0 4 0 8
8 0 2 8 0 7 0 0 0 9 0 7 3 0 3 6
0 0 0 0 0 0 5 3 0 6 0 6 0 4 5 7
6 6 0 0 3 1 0 0 2 5 0 0 0 3 4 5
7 0 7 8 0 1 0 0 0 9 0 7 3 0 3 0
0 6 0 0 5 6 6 5 9 8 3 9 0 7 0 0
7 5 0 0 0 8 0 6 9 0 0 7 1 0 0 0
6 5 3 4 3 0 6 9 4 1 8 9 2 8 7 7
8 6 8 6 3 2 7 3 0 2 0 0 2 1 0 0
9 0 0 0 6 1 8 0 3 3 0 2 0 2 1 4
0 4 0 0 0 0 1 0 0 0 6 0 4 4 5 6
0 5 0 8 3 2 1 0 5 9 1 8 7 0 2 7
0 9 0 1 8 6 0 9 9 8 0 9 0 0 3 0
Output:
7 4 4 0 4 0 0 6 1 1 1 1 1 6 0 5
1 1 3 3 4 0 3 8 5 3 4 5 1 8 2 8
8 1 4 8 8 5 1 9 1 1 1 5 5 8 5 8
0 2 6 1 1 1 1 3 1 1 1 8 0 4 0 8
8 1 2 8 1 7 1 1 1 9 1 7 3 0 3 6
1 1 1 1 1 1 5 3 1 6 1 6 1 4 5 7
6 6 1 1 3 1 1 1 2 5 1 1 1 3 4 5
7 0 7 8 1 1 1 1 1 9 1 7 3 0 3 1
0 6 0 0 5 6 6 5 9 8 3 9 1 7 1 1
7 5 0 0 0 8 0 6 9 1 1 7 1 1 1 1
6 5 3 4 3 0 6 9 4 1 8 9 2 8 7 7
8 6 8 6 3 2 7 3 0 2 0 0 2 1 1 1
9 1 1 1 6 1 8 1 3 3 0 2 0 2 1 4
0 4 1 1 1 1 1 1 1 1 6 0 4 4 5 6
0 5 1 8 3 2 1 1 5 9 1 8 7 0 2 7
0 9 1 1 8 6 1 9 9 8 1 9 0 0 3 0

Example 3:

Input:
0 0 0 8 0 5 0 0 9 0 6 0 0 0 0 5
6 7 6 0 4 0 2 0 0 8 3 6 2 0 0 0
0 0 0 7 0 0 5 4 1 0 1 7 6 0 0 0
0 5 8 0 9 0 0 2 2 0 8 0 4 0 0 7
4 0 0 4 2 2 7 3 2 0 6 4 9 9 9 0
0 1 8 0 5 0 0 0 2 0 0 8 0 9 6 6
9 9 0 2 8 0 0 3 0 0 2 0 0 5 8 0
1 3 0 1 6 1 0 0 0 8 0 0 0 4 0 0
0 0 4 0 7 4 0 0 4 0 0 5 8 0 4 0
0 0 0 6 0 6 0 0 0 0 0 8 0 1 4 4
0 9 0 0 9 0 0 0 0 0 1 5 0 6 0 0
6 0 7 5 9 0 7 0 0 0 4 6 0 2 8 0
5 0 0 0 1 0 2 4 8 0 0 3 0 9 0 8
1 0 0 2 4 0 0 0 1 7 0 0 0 0 5 0
6 9 0 0 7 7 1 0 2 0 0 9 1 0 3 0
1 8 3 0 0 9 7 0 2 7 2 0 8 9 0 0
Output:
0 0 0 8 0 5 1 1 9 0 6 0 0 0 0 5
6 7 6 0 4 0 2 1 1 8 3 6 2 0 0 0
0 0 0 7 0 0 5 4 1 1 1 7 6 0 0 0
0 5 8 0 9 0 0 2 2 1 8 0 4 0 0 7
4 1 1 4 2 2 7 3 2 1 6 4 9 9 9 0
1 1 8 0 5 1 1 1 2 1 1 8 1 9 6 6
9 9 1 2 8 1 1 3 1 1 2 1 1 5 8 0
1 3 1 1 6 1 1 1 1 8 1 1 1 4 0 0
1 1 4 1 7 4 1 1 4 1 1 5 8 1 4 0
1 1 1 6 0 6 1 1 1 1 1 8 1 1 4 4
1 9 1 1 9 1 1 1 1 1 1 5 1 6 0 0
6 1 7 5 9 1 7 1 1 1 4 6 1 2 8 0
5 1 1 1 1 1 2 4 8 1 1 3 1 9 0 8
1 1 1 2 4 1 1 1 1 7 1 1 1 1 5 0
6 9 1 1 7 7 1 1 2 1 1 9 1 1 3 0
1 8 3 1 1 9 7 1 2 7 2 0 8 9 0 0

Example 4:

Input:
8 9 6 0 2 0 0 1 4 0 7 1 4 1 7 0
0 2 4 4 2 9 0 8 0 0 6 0 0 0 7 6
6 9 0 5 0 0 0 9 5 0 1 0 9 0 0 5
9 0 4 4 3 0 5 2 0 3 4 0 0 6 0 7
8 2 4 0 0 1 0 0 0 0 0 0 3 0 0 0
0 0 0 4 5 6 3 0 9 2 5 0 1 6 0 5
0 1 0 0 0 0 0 5 0 6 9 0 2 0 0 0
0 2 0 2 0 0 0 5 6 0 3 0 0 6 0 0
8 6 0 0 1 5 0 0 3 0 0 0 3 4 0 8
0 0 4 2 0 0 2 0 0 1 0 7 4 9 6 0
0 0 1 0 1 6 5 0 3 3 3 3 0 2 4 2
6 6 6 0 0 3 0 4 0 5 0 8 0 0 3 2
1 0 0 9 8 0 0 7 0 0 2 0 2 0 1 5
5 0 0 1 0 4 6 9 0 0 0 2 8 1 0 3
6 9 0 7 0 5 3 1 0 3 0 2 7 0 0 0
5 0 6 0 9 6 0 8 0 0 3 0 4 5 5 0
Output:
8 9 6 0 2 1 1 1 4 1 7 1 4 1 7 0
0 2 4 4 2 9 1 8 1 1 6 1 1 1 7 6
6 9 0 5 1 1 1 9 5 1 1 1 9 1 1 5
9 0 4 4 3 1 5 2 1 3 4 1 1 6 1 7
8 2 4 1 1 1 1 1 1 1 1 1 3 1 1 1
1 1 1 4 5 6 3 1 9 2 5 1 1 6 1 5
1 1 1 1 1 1 1 5 0 6 9 1 2 1 1 1
1 2 1 2 1 1 1 5 6 1 3 1 1 6 1 1
8 6 1 1 1 5 1 1 3 1 1 1 3 4 1 8
1 1 4 2 1 1 2 1 1 1 1 7 4 9 6 0
1 1 1 1 1 6 5 1 3 3 3 3 1 2 4 2
6 6 6 1 1 3 0 4 1 5 0 8 1 1 3 2
1 1 1 9 8 0 0 7 1 1 2 0 2 1 1 5
5 1 1 1 1 4 6 9 1 1 1 2 8 1 1 3
6 9 1 7 1 5 3 1 1 3 1 2 7 1 1 1
5 0 6 0 9 6 0 8 1 1 3 0 4 5 5 1

Example 5:

Input:
0 4 0 0 0 1 2 0 8 8 0 7
0 0 0 0 6 9 0 0 0 5 6 0
0 0 7 0 7 0 0 0 0 0 4 1
7 0 8 2 0 0 0 0 0 0 0 0
5 0 1 8 0 0 5 0 0 0 0 5
0 0 8 0 0 7 0 5 0 0 4 0
8 2 8 4 2 9 0 0 1 0 0 9
8 9 0 7 3 0 0 0 9 7 2 0
1 0 0 1 0 0 0 0 0 8 0 3
7 0 0 2 0 4 1 8 8 3 9 3
7 0 0 0 7 0 6 5 0 0 0 0
0 6 0 0 9 0 4 1 8 0 0 1
Output:
1 4 1 1 1 1 2 1 8 8 0 7
1 1 1 1 6 9 1 1 1 5 6 1
1 1 7 1 7 1 1 1 1 1 4 1
7 1 8 2 1 1 1 1 1 1 1 1
5 1 1 8 1 1 5 1 1 1 1 5
1 1 8 1 1 7 1 5 1 1 4 0
8 2 8 4 2 9 1 1 1 1 1 9
8 9 1 7 3 1 1 1 9 7 2 0
1 1 1 1 1 1 1 1 1 8 0 3
7 1 1 2 1 4 1 8 8 3 9 3
7 1 1 1 7 0 6 5 1 1 1 1
0 6 1 1 9 0 4 1 8 1 1 1

Example 6:

Input:
0 1 0 0 7 6 5 0 6 0 5 0
0 3 0 0 7 0 0 8 0 0 4 6
0 0 5 0 0 3 0 2 0 8 4 2
0 9 2 6 0 3 1 0 0 0 0 0
0 7 0 8 0 1 0 0 4 0 2 5
0 0 5 0 5 0 0 0 9 0 4 0
5 3 0 0 5 0 7 0 0 0 2 4
0 0 1 0 3 7 5 0 0 2 0 0
4 0 0 3 3 0 0 0 1 1 0 0
3 0 4 0 4 6 2 8 9 8 7 9
8 3 0 0 2 5 4 8 3 0 0 0
4 0 4 0 5 7 5 0 0 0 0 3
Output:
1 1 1 1 7 6 5 0 6 1 5 0
1 3 1 1 7 1 1 8 1 1 4 6
1 1 5 1 1 3 1 2 1 8 4 2
1 9 2 6 1 3 1 1 1 1 1 1
1 7 0 8 1 1 1 1 4 1 2 5
1 1 5 1 5 1 1 1 9 1 4 0
5 3 1 1 5 1 7 1 1 1 2 4
1 1 1 1 3 7 5 1 1 2 1 1
4 1 1 3 3 1 1 1 1 1 1 1
3 1 4 0 4 6 2 8 9 8 7 9
8 3 0 0 2 5 4 8 3 0 0 0
4 0 4 0 5 7 5 0 0 0 0 3

Example 7:

Input:
1 0 0 0 1 5 0 9 4 1 0 0 5 7
0 8 7 0 0 6 9 6 5 8 0 0 6 0
8 2 8 5 0 0 0 9 0 7 0 7 2 5
1 0 0 1 8 0 2 0 0 6 0 0 0 9
4 0 1 0 3 2 0 0 8 1 6 0 8 0
6 0 1 5 9 7 5 7 0 8 0 0 0 7
6 0 8 0 9 0 7 1 0 7 0 0 0 5
3 2 8 0 0 8 2 9 0 8 0 0 6 0
0 0 0 0 7 0 4 1 0 3 6 1 5 4
5 0 0 0 3 0 0 0 5 3 0 0 8 9
2 0 0 9 2 2 3 9 9 0 3 9 1 2
1 0 2 2 0 0 7 5 0 1 0 0 0 0
0 0 3 6 9 0 2 0 0 0 0 8 6 0
0 1 0 0 0 0 0 7 3 7 1 0 1 8
Output:
1 1 1 1 1 5 0 9 4 1 1 1 5 7
1 8 7 1 1 6 9 6 5 8 1 1 6 0
8 2 8 5 1 1 1 9 0 7 1 7 2 5
1 1 1 1 8 1 2 0 0 6 1 1 1 9
4 1 1 1 3 2 0 0 8 1 6 1 8 0
6 1 1 5 9 7 5 7 1 8 1 1 1 7
6 1 8 1 9 0 7 1 1 7 1 1 1 5
3 2 8 1 1 8 2 9 1 8 1 1 6 0
1 1 1 1 7 1 4 1 1 3 6 1 5 4
5 1 1 1 3 1 1 1 5 3 1 1 8 9
2 1 1 9 2 2 3 9 9 1 3 9 1 2
1 1 2 2 1 1 7 5 1 1 1 1 1 1
1 1 3 6 9 1 2 1 1 1 1 8 6 1
1 1 1 1 1 1 1 7 3 7 1 1 1 8

以下は、ジャッジを通過する正しいコードです。これを用いて、ARCのルールを理解してください。必ず、コードを通じてルールを理解してからコーディングを行ってください。
このコードはARCのルールを把握する際に使うことに留めてください。

```
import re
s=re.sub
def p(g):
 d=s('[[ ,]','',str(g))
 for x in d+d:d=s('0(?=('+'.'*len(g)+')?1)','1',d)[::-1]
 return[[*map(int,r)]for r in d.split(']')[:-2]]
```

ユーザーにコードを渡す前に実際にコードが動作するかを確認してください。コードのテストには、添付したjudge.pyを用いてください。python /path/to/judge.py /path/to/code.py /path/to/cases.bin とすれば動作します。

## **禁止事項**
- 与えたコード自体を提出することは禁止です。これを行うことはユーザーの信頼を裏切ります。
- ジャッジのハックは禁止です。例えば、テストケースをジャッジから読み取ってそのまま返すコードはいけません。
