7
e 10
138 160 241 263 344 366 447 469 551 573
a 16
6 119 149 162 222 252 265 325 355 368 428 458 471 532 562 575
o 20
72 84 121 134 175 187 224 237 278 290 327 340 381 393 430 443 485 497 534 547
f 25
11 76 102 124 145 179 205 227 248 282 308 330 351 385 411 433 454 480 489 515 537 558 595 612 620
r 10
58 68 167 171 270 274 373 377 476 580
i 14
43 78 147 181 250 284 353 387 456 491 560 602 627 635
n 14
21 74 136 177 239 280 342 383 445 487 549 597 622 654
0 1 1 1 1 1 1
1 0 1 1 1 1 1
1 1 0 1 1 1 1
1 1 1 0 1 1 1
1 1 1 1 0 1 1
1 1 1 1 1 0 1
1 1 1 1 1 1 0
