15
A 2
12 67
b 2
14 353
c 5
62 242 361 386 407
d 4
127 312 316 338
g 12
6 29 44 130 168 190 233 268 295 326 379 402
i 6
132 153 192 235 247 297
j 4
141 175 238 274
k 3
138 200 253
key 1
36
l 3
147 217 280
s 3
381 397 412
t 2
367 391
v 3
355 358 369
x 3
103 145 278
y 3
76 136 251
0 1 1 1 1 0 0 0 0 0 0 0 0 1 1
1 0 1 1 1 0 0 0 0 0 1 1 1 1 1
1 1 0 1 1 1 1 1 0 1 1 1 1 1 1
1 1 1 0 1 0 0 0 0 0 0 0 0 1 1
1 1 1 1 0 1 1 1 0 1 1 1 1 1 1
0 0 1 0 1 0 1 1 0 1 0 0 0 1 1
0 0 1 0 1 1 0 1 0 1 0 0 0 1 1
0 0 1 0 1 1 1 0 0 1 0 0 0 1 1
0 0 0 0 0 0 0 0 0 0 0 0 0 0 0
0 0 1 0 1 1 1 1 0 0 0 0 0 1 1
0 1 1 0 1 0 0 0 0 0 0 1 1 0 0
0 1 1 0 1 0 0 0 0 0 1 0 1 0 0
0 1 1 0 1 0 0 0 0 0 1 1 0 0 0
1 1 1 1 1 1 1 1 0 1 0 0 0 0 1
1 1 1 1 1 1 1 1 0 1 0 0 0 1 0
