ARCのケースに対して、list[list[int]] -> list[list[int]] のシグネチャを持つ関数`p`をPythonで実装してください。つまり、`def p(g):...` か `p=lambda g:...`というコードが期待されます。
コードはshortcodingのcompetitionに用いるため、アルゴリズムを工夫してできる限り短いコードを生成するよう努めてください。

Example 0:

Input:
5 5 5 5 5 5 5 5 5 5 5 5 5 5 5 5 5 5 5
5 5 5 5 5 5 5 5 5 5 5 5 5 5 5 5 5 5 5
4 4 4 4 4 4 4 4 4 4 4 4 4 4 4 4 4 4 4
4 4 4 4 4 4 4 4 4 4 4 4 4 0 4 4 4 4 4
4 4 4 4 4 4 4 4 4 4 4 4 4 4 4 4 4 4 4
4 4 4 4 0 4 4 4 4 4 4 4 4 4 4 4 4 4 4
4 4 4 4 4 4 4 4 4 4 4 4 4 4 4 4 4 4 4
4 4 4 4 4 4 4 4 4 4 4 4 4 4 4 4 4 4 4
4 4 4 4 4 4 4 4 4 4 4 4 4 4 4 4 4 4 4
8 8 8 8 8 8 8 8 8 8 8 8 8 8 8 8 8 8 8
8 8 8 8 8 8 8 8 8 8 8 8 8 8 8 8 8 8 8
8 8 8 8 8 8 8 8 8 8 8 8 8 8 8 8 8 8 8
8 8 8 8 8 8 8 8 8 0 8 8 8 8 8 8 8 8 8
8 8 8 8 8 8 8 8 8 8 8 8 8 8 8 8 8 8 8
8 8 8 8 8 8 8 8 8 8 8 8 8 8 8 8 8 8 8
Output:
5 5 5 5 5 5 5 5 5 5 5 5 5 5 5 5 5 5 5
5 5 5 5 5 5 5 5 5 5 5 5 5 5 5 5 5 5 5
4 4 4 4 0 4 4 4 4 4 4 4 4 0 4 4 4 4 4
4 4 4 4 0 4 4 4 4 4 4 4 4 0 4 4 4 4 4
4 4 4 4 0 4 4 4 4 4 4 4 4 0 4 4 4 4 4
4 4 4 4 0 4 4 4 4 4 4 4 4 0 4 4 4 4 4
4 4 4 4 0 4 4 4 4 4 4 4 4 0 4 4 4 4 4
4 4 4 4 0 4 4 4 4 4 4 4 4 0 4 4 4 4 4
4 4 4 4 0 4 4 4 4 4 4 4 4 0 4 4 4 4 4
8 8 8 8 8 8 8 8 8 0 8 8 8 8 8 8 8 8 8
8 8 8 8 8 8 8 8 8 0 8 8 8 8 8 8 8 8 8
8 8 8 8 8 8 8 8 8 0 8 8 8 8 8 8 8 8 8
8 8 8 8 8 8 8 8 8 0 8 8 8 8 8 8 8 8 8
8 8 8 8 8 8 8 8 8 0 8 8 8 8 8 8 8 8 8
8 8 8 8 8 8 8 8 8 0 8 8 8 8 8 8 8 8 8

Example 1:

Input:
2 2 2 2 2 1 1 1 1 1 1 1 1
2 2 2 2 2 1 1 1 1 1 1 1 1
2 2 2 2 2 1 1 1 1 1 1 1 1
2 2 0 2 2 1 1 1 1 1 1 1 1
2 2 2 2 2 1 1 1 1 1 1 1 1
2 2 2 2 2 1 1 1 1 1 1 1 1
2 2 2 2 2 1 1 1 1 1 1 1 1
2 2 2 2 2 1 1 1 1 1 1 1 1
2 2 2 2 2 1 1 1 1 1 1 1 1
2 2 2 2 2 1 1 1 1 1 1 1 1
2 2 2 2 2 1 1 1 1 1 1 1 1
2 2 2 2 2 1 1 1 0 1 1 1 1
2 2 2 2 2 1 1 1 1 1 1 1 1
2 2 2 2 2 1 1 1 1 1 1 1 1
Output:
2 2 2 2 2 1 1 1 1 1 1 1 1
2 2 2 2 2 1 1 1 1 1 1 1 1
2 2 2 2 2 1 1 1 1 1 1 1 1
0 0 0 0 0 1 1 1 1 1 1 1 1
2 2 2 2 2 1 1 1 1 1 1 1 1
2 2 2 2 2 1 1 1 1 1 1 1 1
2 2 2 2 2 1 1 1 1 1 1 1 1
2 2 2 2 2 1 1 1 1 1 1 1 1
2 2 2 2 2 1 1 1 1 1 1 1 1
2 2 2 2 2 1 1 1 1 1 1 1 1
2 2 2 2 2 1 1 1 1 1 1 1 1
2 2 2 2 2 0 0 0 0 0 0 0 0
2 2 2 2 2 1 1 1 1 1 1 1 1
2 2 2 2 2 1 1 1 1 1 1 1 1

Example 2:

Input:
8 8 8 8 8 8 8 8 8 8 8 8 8 8 8
8 8 8 8 8 8 8 8 8 8 8 8 8 8 8
8 8 8 0 8 8 8 8 8 8 8 8 8 8 8
8 8 8 8 8 8 8 8 8 8 8 0 8 8 8
8 8 8 8 8 8 8 8 8 8 8 8 8 8 8
2 2 2 2 2 2 2 2 2 2 2 2 2 2 2
2 2 2 2 2 2 2 2 2 2 2 2 2 2 2
2 2 2 2 2 0 2 2 2 2 2 2 2 2 2
2 2 2 2 2 2 2 2 2 2 2 2 2 2 2
2 2 2 2 2 2 2 2 2 2 2 2 2 2 2
3 3 3 3 3 3 3 3 3 3 3 3 3 3 3
3 3 3 3 3 3 3 0 3 3 3 3 3 3 3
3 3 3 3 3 3 3 3 3 3 3 3 3 3 3
Output:
8 8 8 0 8 8 8 8 8 8 8 0 8 8 8
8 8 8 0 8 8 8 8 8 8 8 0 8 8 8
8 8 8 0 8 8 8 8 8 8 8 0 8 8 8
8 8 8 0 8 8 8 8 8 8 8 0 8 8 8
8 8 8 0 8 8 8 8 8 8 8 0 8 8 8
2 2 2 2 2 0 2 2 2 2 2 2 2 2 2
2 2 2 2 2 0 2 2 2 2 2 2 2 2 2
2 2 2 2 2 0 2 2 2 2 2 2 2 2 2
2 2 2 2 2 0 2 2 2 2 2 2 2 2 2
2 2 2 2 2 0 2 2 2 2 2 2 2 2 2
3 3 3 3 3 3 3 0 3 3 3 3 3 3 3
3 3 3 3 3 3 3 0 3 3 3 3 3 3 3
3 3 3 3 3 3 3 0 3 3 3 3 3 3 3

Example 3:

Input:
2 2 2 2 5 5 5 5 5 4 4 4 4 4 4
2 2 2 2 5 5 5 5 5 4 4 4 4 4 4
2 2 2 2 5 5 5 5 5 4 4 4 0 4 4
2 2 2 2 5 5 5 5 5 4 4 4 4 4 4
2 2 2 2 5 5 5 5 5 4 4 4 4 4 4
2 2 2 2 5 5 5 5 5 4 4 4 4 4 4
2 2 2 2 5 5 0 5 5 4 4 4 4 4 4
2 2 2 2 5 5 5 5 5 4 4 4 4 4 4
2 2 2 2 5 5 5 5 5 4 4 4 4 4 4
2 2 2 2 5 5 5 5 5 4 4 4 4 4 4
2 2 2 2 5 5 5 5 5 4 4 4 4 4 4
2 2 2 2 5 5 5 5 5 4 4 4 4 4 4
2 2 2 2 5 5 5 5 5 4 0 4 4 4 4
2 2 2 2 5 5 5 5 5 4 4 4 4 4 4
Output:
2 2 2 2 5 5 5 5 5 4 4 4 4 4 4
2 2 2 2 5 5 5 5 5 4 4 4 4 4 4
2 2 2 2 5 5 5 5 5 0 0 0 0 0 0
2 2 2 2 5 5 5 5 5 4 4 4 4 4 4
2 2 2 2 5 5 5 5 5 4 4 4 4 4 4
2 2 2 2 5 5 5 5 5 4 4 4 4 4 4
2 2 2 2 0 0 0 0 0 4 4 4 4 4 4
2 2 2 2 5 5 5 5 5 4 4 4 4 4 4
2 2 2 2 5 5 5 5 5 4 4 4 4 4 4
2 2 2 2 5 5 5 5 5 4 4 4 4 4 4
2 2 2 2 5 5 5 5 5 4 4 4 4 4 4
2 2 2 2 5 5 5 5 5 4 4 4 4 4 4
2 2 2 2 5 5 5 5 5 0 0 0 0 0 0
2 2 2 2 5 5 5 5 5 4 4 4 4 4 4

Example 4:

Input:
8 8 8 8 0 8 8 8 8 8 8 8 8 8 8
8 8 8 8 8 8 8 8 8 8 8 8 8 8 8
8 8 8 8 8 8 8 8 8 8 8 8 0 8 8
8 8 8 8 8 8 8 8 8 8 8 8 8 8 8
1 1 1 1 1 1 1 1 1 1 1 1 1 1 1
1 1 1 1 1 1 1 1 1 1 1 1 1 1 1
1 1 1 1 1 1 0 1 1 1 1 1 1 1 1
1 1 1 1 1 1 1 1 1 1 1 1 1 1 1
4 4 4 4 4 4 4 4 4 4 4 4 4 4 4
4 4 4 4 4 4 4 4 4 4 4 4 4 4 4
4 4 4 4 4 4 4 4 4 4 0 4 4 4 4
4 4 4 4 4 4 4 4 4 4 4 4 4 4 4
4 4 4 4 4 4 4 4 4 4 4 4 4 4 4
2 2 2 2 2 2 2 2 2 2 2 2 2 2 2
2 2 2 2 2 2 2 2 2 2 2 2 2 2 2
2 0 2 2 2 2 2 2 2 2 2 2 2 2 2
2 2 2 2 2 2 2 2 2 2 2 2 2 2 2
Output:
8 8 8 8 0 8 8 8 8 8 8 8 0 8 8
8 8 8 8 0 8 8 8 8 8 8 8 0 8 8
8 8 8 8 0 8 8 8 8 8 8 8 0 8 8
8 8 8 8 0 8 8 8 8 8 8 8 0 8 8
1 1 1 1 1 1 0 1 1 1 1 1 1 1 1
1 1 1 1 1 1 0 1 1 1 1 1 1 1 1
1 1 1 1 1 1 0 1 1 1 1 1 1 1 1
1 1 1 1 1 1 0 1 1 1 1 1 1 1 1
4 4 4 4 4 4 4 4 4 4 0 4 4 4 4
4 4 4 4 4 4 4 4 4 4 0 4 4 4 4
4 4 4 4 4 4 4 4 4 4 0 4 4 4 4
4 4 4 4 4 4 4 4 4 4 0 4 4 4 4
4 4 4 4 4 4 4 4 4 4 0 4 4 4 4
2 0 2 2 2 2 2 2 2 2 2 2 2 2 2
2 0 2 2 2 2 2 2 2 2 2 2 2 2 2
2 0 2 2 2 2 2 2 2 2 2 2 2 2 2
2 0 2 2 2 2 2 2 2 2 2 2 2 2 2

Example 5:

Input:
8 8 8 8 8 8 8 8 8 8 8 8 8 8 8 8 8 8
8 8 8 8 8 8 8 8 8 8 8 8 8 8 8 8 8 8
8 8 8 8 8 8 8 8 8 8 8 8 8 8 8 8 8 8
8 8 8 8 8 8 8 8 8 8 8 8 8 8 8 8 8 8
8 8 8 8 8 8 8 8 8 8 8 8 8 8 8 8 8 8
8 8 8 8 8 8 8 8 8 8 8 8 8 8 8 8 8 8
8 8 8 8 8 8 8 8 8 8 8 8 0 8 8 8 8 8
8 8 8 8 8 8 8 8 8 8 8 8 8 8 8 8 8 8
8 8 8 8 8 8 8 8 8 8 8 8 8 8 8 8 8 8
8 8 8 8 8 8 8 8 8 8 8 8 8 8 8 8 8 8
3 3 3 3 3 3 3 3 3 3 3 3 3 3 3 3 3 0
3 3 3 0 3 3 3 3 3 3 3 3 3 3 3 3 3 3
Output:
8 8 8 8 8 8 8 8 8 8 8 8 0 8 8 8 8 8
8 8 8 8 8 8 8 8 8 8 8 8 0 8 8 8 8 8
8 8 8 8 8 8 8 8 8 8 8 8 0 8 8 8 8 8
8 8 8 8 8 8 8 8 8 8 8 8 0 8 8 8 8 8
8 8 8 8 8 8 8 8 8 8 8 8 0 8 8 8 8 8
8 8 8 8 8 8 8 8 8 8 8 8 0 8 8 8 8 8
8 8 8 8 8 8 8 8 8 8 8 8 0 8 8 8 8 8
8 8 8 8 8 8 8 8 8 8 8 8 0 8 8 8 8 8
8 8 8 8 8 8 8 8 8 8 8 8 0 8 8 8 8 8
8 8 8 8 8 8 8 8 8 8 8 8 0 8 8 8 8 8
3 3 3 0 3 3 3 3 3 3 3 3 3 3 3 3 3 0
3 3 3 0 3 3 3 3 3 3 3 3 3 3 3 3 3 0

Example 6:

Input:
9 9 9 0 9 9 9 9 9 9 2 2 2 2 2 2 2 2 8 8 8 8 8 8 8 8 8 8 5 5 5 5 5 5 5 5 5
9 9 9 9 9 9 9 9 9 9 2 2 2 2 2 2 2 2 8 8 8 8 8 8 8 8 8 8 5 0 5 5 5 5 5 5 5
9 9 9 9 9 9 9 9 9 9 2 2 2 2 2 2 2 2 8 8 8 8 8 8 8 8 8 8 5 5 5 5 5 5 5 5 5
9 9 9 9 9 9 9 9 9 9 2 2 2 2 2 2 2 2 8 8 8 8 8 8 8 8 8 8 5 5 5 5 5 5 5 5 5
9 9 9 9 9 9 9 9 9 9 2 2 2 2 2 2 2 2 8 8 8 8 8 8 8 8 8 8 5 5 5 5 5 5 5 5 5
9 9 9 9 9 9 9 9 9 9 2 2 2 2 2 2 2 2 8 8 8 8 8 8 8 8 8 0 5 5 5 5 5 5 5 5 5
9 9 9 9 9 9 9 9 9 9 2 2 2 2 2 2 2 2 8 8 8 8 8 8 8 8 8 8 5 5 5 5 5 5 5 5 5
9 9 9 9 9 9 9 0 9 9 2 2 2 2 2 2 2 2 8 8 8 8 8 8 8 8 8 8 5 5 5 5 5 5 5 5 5
9 9 9 9 9 9 9 9 9 9 2 2 2 2 2 2 2 2 8 8 8 8 8 8 8 8 8 8 5 5 5 5 5 5 5 5 5
9 9 9 9 9 9 9 9 9 9 2 2 2 2 2 2 2 2 8 8 8 8 8 8 8 8 8 8 5 5 5 5 5 5 5 5 5
9 9 9 9 9 9 9 9 9 9 2 2 2 2 2 2 2 2 8 0 8 8 8 8 8 8 8 8 5 5 5 5 5 5 5 5 5
Output:
0 0 0 0 0 0 0 0 0 0 2 2 2 2 2 2 2 2 8 8 8 8 8 8 8 8 8 8 5 5 5 5 5 5 5 5 5
9 9 9 9 9 9 9 9 9 9 2 2 2 2 2 2 2 2 8 8 8 8 8 8 8 8 8 8 0 0 0 0 0 0 0 0 0
9 9 9 9 9 9 9 9 9 9 2 2 2 2 2 2 2 2 8 8 8 8 8 8 8 8 8 8 5 5 5 5 5 5 5 5 5
9 9 9 9 9 9 9 9 9 9 2 2 2 2 2 2 2 2 8 8 8 8 8 8 8 8 8 8 5 5 5 5 5 5 5 5 5
9 9 9 9 9 9 9 9 9 9 2 2 2 2 2 2 2 2 8 8 8 8 8 8 8 8 8 8 5 5 5 5 5 5 5 5 5
9 9 9 9 9 9 9 9 9 9 2 2 2 2 2 2 2 2 0 0 0 0 0 0 0 0 0 0 5 5 5 5 5 5 5 5 5
9 9 9 9 9 9 9 9 9 9 2 2 2 2 2 2 2 2 8 8 8 8 8 8 8 8 8 8 5 5 5 5 5 5 5 5 5
0 0 0 0 0 0 0 0 0 0 2 2 2 2 2 2 2 2 8 8 8 8 8 8 8 8 8 8 5 5 5 5 5 5 5 5 5
9 9 9 9 9 9 9 9 9 9 2 2 2 2 2 2 2 2 8 8 8 8 8 8 8 8 8 8 5 5 5 5 5 5 5 5 5
9 9 9 9 9 9 9 9 9 9 2 2 2 2 2 2 2 2 8 8 8 8 8 8 8 8 8 8 5 5 5 5 5 5 5 5 5
9 9 9 9 9 9 9 9 9 9 2 2 2 2 2 2 2 2 0 0 0 0 0 0 0 0 0 0 5 5 5 5 5 5 5 5 5

Example 7:

Input:
2 2 2 2 1 1 1 1 1 1 1 1 6 6 6 6 3 3 3 3 3 3 3 4 4 4 4
2 2 2 2 1 1 1 1 1 1 1 1 6 6 6 6 3 3 3 3 3 3 3 4 4 4 4
2 2 2 2 1 1 1 1 1 1 1 1 6 6 0 6 3 3 3 3 3 3 3 4 4 4 4
2 2 2 2 1 1 1 1 1 0 1 1 6 6 6 6 3 3 3 3 3 3 3 4 4 4 4
2 2 2 2 1 1 1 1 1 1 1 1 6 6 6 6 3 3 3 3 3 3 3 4 4 4 4
2 2 2 2 1 1 1 1 1 1 1 1 6 0 6 6 3 3 3 3 3 3 3 4 4 4 4
2 2 0 2 1 1 1 1 1 1 1 1 6 6 6 6 3 3 3 3 3 3 3 4 4 4 4
2 2 2 2 1 1 1 1 1 1 1 1 6 6 6 6 3 3 3 3 3 3 3 4 4 0 4
2 2 2 2 1 0 1 1 1 1 1 1 6 6 6 6 3 3 3 3 3 3 3 4 4 4 4
2 2 2 2 1 1 1 1 1 1 1 1 6 6 6 6 3 3 3 3 3 3 3 4 4 4 4
2 2 2 2 1 1 1 1 1 1 1 1 6 6 6 6 3 3 3 3 3 3 3 4 4 4 4
Output:
2 2 2 2 1 1 1 1 1 1 1 1 6 6 6 6 3 3 3 3 3 3 3 4 4 4 4
2 2 2 2 1 1 1 1 1 1 1 1 6 6 6 6 3 3 3 3 3 3 3 4 4 4 4
2 2 2 2 1 1 1 1 1 1 1 1 0 0 0 0 3 3 3 3 3 3 3 4 4 4 4
2 2 2 2 0 0 0 0 0 0 0 0 6 6 6 6 3 3 3 3 3 3 3 4 4 4 4
2 2 2 2 1 1 1 1 1 1 1 1 6 6 6 6 3 3 3 3 3 3 3 4 4 4 4
2 2 2 2 1 1 1 1 1 1 1 1 0 0 0 0 3 3 3 3 3 3 3 4 4 4 4
0 0 0 0 1 1 1 1 1 1 1 1 6 6 6 6 3 3 3 3 3 3 3 4 4 4 4
2 2 2 2 1 1 1 1 1 1 1 1 6 6 6 6 3 3 3 3 3 3 3 0 0 0 0
2 2 2 2 0 0 0 0 0 0 0 0 6 6 6 6 3 3 3 3 3 3 3 4 4 4 4
2 2 2 2 1 1 1 1 1 1 1 1 6 6 6 6 3 3 3 3 3 3 3 4 4 4 4
2 2 2 2 1 1 1 1 1 1 1 1 6 6 6 6 3 3 3 3 3 3 3 4 4 4 4

以下は、ジャッジを通過する正しいコードです。これを用いて、ARCのルールを理解してください。必ず、コードを通じてルールを理解してからコーディングを行ってください。
このコードはARCのルールを把握する際に使うことに留めてください。

```
def p(g):
 C=0
 if len({x for x in g[0]if x})>1:g=[list(r)for r in zip(*g)];C=1
 D,E=len(g),len(g[0]);A=0
 while A<D:
  F=next(x for x in g[A]if x);B=A
  while B<D and set(g[B])-{0}=={F}:B+=1
  G={k for r in range(A,B)for k in range(E)if g[r][k]==0}
  for r in range(A,B):
   for k in G:g[r][k]=0
  A=B
 if C:g=[list(r)for r in zip(*g)]
 return g
```

ユーザーにコードを渡す前に実際にコードが動作するかを確認してください。コードのテストには、添付したjudge.pyを用いてください。python /path/to/judge.py /path/to/code.py /path/to/cases.bin とすれば動作します。

## **禁止事項**
- 与えたコード自体を提出することは禁止です。これを行うことはユーザーの信頼を裏切ります。
- ジャッジのハックは禁止です。例えば、テストケースをジャッジから読み取ってそのまま返すコードはいけません。
