15
A 2
12 67
b 2
14 334
c 5
62 242 342 367 388
d 4
127 293 297 319
g 12
6 29 44 130 168 190 233 251 277 307 360 383
i 6
132 153 192 235 254 279
j 4
141 175 238 265
k 3
138 200 260
key 1
36
l 3
147 217 271
s 3
362 378 393
t 2
348 372
v 3
336 339 350
x 3
103 145 269
y 3
76 136 258
0 1 1 1 1 0 0 0 0 0 0 0 0 1 1
1 0 1 1 1 0 0 0 0 0 1 1 1 1 1
1 1 0 1 1 1 1 1 0 1 1 1 1 1 1
1 1 1 0 1 0 0 0 0 0 0 0 0 1 1
1 1 1 1 0 1 1 1 0 1 1 1 1 1 1
0 0 1 0 1 0 1 1 0 1 0 0 0 1 1
0 0 1 0 1 1 0 1 0 1 0 0 0 1 1
0 0 1 0 1 1 1 0 0 1 0 0 0 1 1
0 0 0 0 0 0 0 0 0 0 0 0 0 0 0
0 0 1 0 1 1 1 1 0 0 0 0 0 1 1
0 1 1 0 1 0 0 0 0 0 0 1 1 0 0
0 1 1 0 1 0 0 0 0 0 1 0 1 0 0
0 1 1 0 1 0 0 0 0 0 1 1 0 0 0
1 1 1 1 1 1 1 1 0 1 0 0 0 0 1
1 1 1 1 1 1 1 1 0 1 0 0 0 1 0
