11
n 6
0 41 187 207 261 294
f 5
129 243 269 313 320
p 2
127 236
g 1
36
a 3
19 77 86
t 3
105 227 256
e 8
14 25 49 62 97 303 315 332
x 3
289 305 317
r 10
131 146 155 166 174 202 220 263 277 296
i 13
75 92 133 148 153 168 176 182 209 222 265 275 298
d 4
65 144 164 193
0 1 1 1 1 1 1 1 1 1 1
1 0 1 1 1 1 1 1 1 1 1
1 1 0 1 1 1 1 1 1 1 1
1 1 1 0 1 1 1 1 1 1 1
1 1 1 1 0 1 1 1 1 1 1
1 1 1 1 1 0 1 1 1 1 1
1 1 1 1 1 1 0 1 1 1 1
1 1 1 1 1 1 1 0 1 1 1
1 1 1 1 1 1 1 1 0 1 1
1 1 1 1 1 1 1 1 1 0 1
1 1 1 1 1 1 1 1 1 1 0
