ARCのケースに対して、list[list[int]] -> list[list[int]] のシグネチャを持つ関数`p`をPythonで実装してください。つまり、`def p(g):...` か `p=lambda g:...`というコードが期待されます。
コードはshortcodingのcompetitionに用いるため、アルゴリズムを工夫してできる限り短いコードを生成するよう努めてください。

Example 0:

Input:
0 0 0 0 0 3 0 0 0 2 0 0 0 0 0 0 8 0 0 0 0 0
1 1 1 1 1 3 1 1 1 1 1 1 1 1 1 1 8 1 1 1 1 1
0 0 0 0 0 3 0 0 0 0 0 0 0 0 0 0 8 0 0 0 0 0
0 0 0 0 0 3 0 0 0 0 0 0 0 0 0 0 8 0 0 0 0 0
2 0 0 0 0 3 0 0 0 0 0 0 0 0 0 0 8 0 0 0 0 0
2 0 0 0 0 3 0 0 0 0 0 0 0 0 0 2 8 0 0 0 0 0
0 0 0 2 0 3 0 0 0 0 0 0 0 0 0 0 8 0 2 0 0 0
0 0 0 0 0 3 0 0 0 2 0 0 0 0 0 0 8 0 0 2 0 0
0 0 0 0 0 3 0 0 0 0 0 0 0 0 2 0 8 0 0 0 0 0
0 0 0 0 0 3 0 0 0 0 0 0 0 0 0 0 8 0 0 0 0 0
0 0 0 0 0 3 0 0 0 0 0 0 0 0 0 0 8 0 0 0 0 0
0 0 0 0 0 3 0 0 0 0 0 0 0 0 0 0 8 0 0 0 0 0
0 0 0 2 0 3 0 2 0 0 0 0 0 0 2 0 8 0 0 0 0 0
0 0 0 0 0 3 0 0 0 0 0 0 0 0 0 0 8 0 0 0 0 0
0 0 0 0 0 3 2 0 0 0 0 0 0 0 0 0 8 0 0 0 0 0
2 2 2 2 2 3 2 2 2 2 2 2 2 2 2 2 8 2 2 2 2 2
0 0 0 0 0 3 0 0 2 0 0 0 0 0 0 0 8 0 0 0 0 0
2 0 0 0 0 3 0 0 0 0 0 0 0 0 0 0 8 0 0 0 0 0
0 0 0 0 0 3 0 0 0 0 0 0 0 0 0 0 8 0 0 0 0 0
0 0 0 0 0 3 0 0 0 0 0 0 0 0 0 0 8 0 0 0 0 0
0 0 0 0 0 3 0 0 0 0 0 0 0 0 0 0 8 0 0 0 0 0
2 0 0 0 0 3 0 0 0 0 0 0 0 0 0 0 8 0 0 0 2 0
Output:
3 1 1 1 1 1 1 1 1 1 1 8
3 0 0 0 0 0 0 0 0 0 0 8
3 0 0 0 0 0 0 0 0 0 0 8
3 0 0 0 0 0 0 0 0 0 0 8
3 0 0 0 0 0 0 0 0 0 2 8
3 0 0 0 0 0 0 0 0 0 2 8
3 0 0 0 2 0 0 0 0 0 2 8
3 0 0 0 2 0 0 0 0 2 2 8
3 0 0 0 2 0 0 0 0 2 2 8
3 0 0 0 2 0 0 0 0 2 2 8
3 0 0 0 2 0 0 0 0 2 2 8
3 0 2 0 2 0 0 0 0 2 2 8
3 0 2 0 2 0 0 0 0 2 2 8
3 2 2 0 2 0 0 0 0 2 2 8
3 2 2 2 2 2 2 2 2 2 2 8

Example 1:

Input:
0 0 4 0 0 0 0 0 0 1 0 0
0 0 4 0 0 0 0 0 0 1 0 0
8 8 4 8 8 8 8 8 8 1 8 8
0 0 4 0 0 0 0 0 0 1 0 0
0 0 4 0 0 0 0 0 0 1 0 0
0 0 4 0 0 0 8 0 0 1 0 8
0 0 4 8 0 0 8 0 0 1 0 0
0 0 4 0 0 0 0 0 0 1 0 0
0 0 4 0 0 0 0 8 0 1 0 8
6 6 6 6 6 6 6 6 6 1 6 6
0 0 4 0 0 0 8 0 0 1 0 0
0 8 4 0 0 0 0 8 0 1 0 0
Output:
4 8 8 8 8 8 8 1
4 8 0 0 8 8 0 1
4 8 0 0 8 8 0 1
4 8 0 0 8 8 0 1
4 8 0 0 8 8 0 1
4 0 0 0 0 8 0 1
4 0 0 0 0 8 0 1
6 6 6 6 6 6 6 1

Example 2:

Input:
0 0 4 3 0 0 0 4 0 0 0 4 0 0 0
0 0 0 3 0 4 0 0 0 0 0 4 0 0 0
0 0 0 3 0 0 4 0 0 0 0 4 0 0 0
0 0 0 3 0 4 0 0 0 0 0 4 0 0 0
0 0 0 3 0 0 0 0 0 0 4 4 4 0 4
2 2 2 3 2 2 2 2 2 2 2 4 2 2 2
4 0 0 3 4 4 0 4 0 0 0 4 0 0 0
0 0 0 3 0 0 0 0 0 0 0 4 0 0 0
4 0 0 3 0 0 0 0 4 0 4 4 0 0 0
4 0 0 3 0 0 4 0 0 0 4 4 0 0 0
8 8 8 3 8 8 8 8 8 8 8 4 8 8 8
0 0 0 3 0 0 0 0 0 0 4 4 0 0 4
0 0 0 3 4 0 0 4 0 0 0 4 0 0 0
0 0 4 3 0 0 0 0 0 4 0 4 0 0 0
Output:
3 2 2 2 2 2 2 2 4
3 4 4 4 4 4 4 4 4
3 0 0 0 0 0 0 0 4
3 0 0 0 0 4 4 4 4
3 0 0 4 4 4 4 4 4
3 8 8 8 8 8 8 8 4

Example 3:

Input:
0 0 0 1 0 1 0 0 0 1 0 0 2 0 0
0 0 0 1 0 0 0 1 0 0 0 0 2 0 0
3 3 3 1 3 3 3 3 3 3 3 3 2 3 3
1 0 0 1 0 0 0 0 0 0 0 0 2 0 0
0 0 0 1 0 1 0 0 0 0 1 0 2 0 0
1 0 0 1 0 0 0 0 0 0 0 0 2 0 0
0 0 0 1 0 0 0 0 1 0 0 0 2 0 1
0 0 0 1 0 0 0 0 0 0 1 0 2 0 0
0 0 0 1 0 0 0 0 0 1 0 0 2 0 0
0 1 0 1 1 0 0 0 0 0 0 0 2 0 0
0 0 0 1 0 1 0 1 0 0 0 0 2 0 0
0 1 0 1 0 0 0 0 0 0 0 0 2 0 0
0 0 0 1 0 0 0 0 0 0 0 0 2 0 0
8 8 8 8 8 8 8 8 8 8 8 8 8 8 8
0 0 0 1 1 0 0 0 0 0 0 0 2 0 0
0 0 0 1 0 0 1 0 0 0 0 0 2 0 0
Output:
1 3 3 3 3 3 3 3 3 2
1 0 0 0 0 0 0 0 0 2
1 1 1 1 1 1 1 1 0 2
1 0 0 0 0 0 0 0 0 2
1 1 1 1 1 1 0 0 0 2
1 1 1 1 1 1 1 1 0 2
1 1 1 1 1 1 1 0 0 2
1 1 0 0 0 0 0 0 0 2
1 1 1 1 1 0 0 0 0 2
1 0 0 0 0 0 0 0 0 2
1 0 0 0 0 0 0 0 0 2
8 8 8 8 8 8 8 8 8 8

Example 4:

Input:
0 6 6 0 0 0 0 0 6 7 0 6
0 0 6 0 0 0 6 0 0 7 0 0
0 0 6 0 0 0 0 0 0 7 0 0
5 5 5 5 5 5 5 5 5 5 5 5
0 0 6 6 0 0 0 0 0 7 0 0
0 0 6 0 0 0 0 0 6 7 0 6
0 0 6 0 0 0 0 6 0 7 0 0
0 0 6 0 0 0 0 0 0 7 0 0
0 0 6 0 0 0 0 0 6 7 0 0
2 2 2 2 2 2 2 2 2 2 2 2
0 0 6 0 0 0 0 0 0 7 0 0
0 0 6 0 6 0 0 0 0 7 0 0
0 0 6 0 0 0 0 0 0 7 0 0
Output:
5 5 5 5 5 5 5 5
6 6 0 0 0 0 0 7
6 6 6 6 6 6 6 7
6 6 6 6 6 6 0 7
6 0 0 0 0 0 0 7
6 6 6 6 6 6 6 7
2 2 2 2 2 2 2 2

Example 5:

Input:
0 0 0 4 0 0 0 0 0 0 0 7 0
0 0 0 4 5 0 0 0 0 0 0 7 5
0 0 0 4 0 0 0 0 0 0 0 7 0
8 8 8 8 8 8 8 8 8 8 8 8 8
0 0 0 4 0 0 0 0 0 0 0 7 0
0 0 0 4 0 0 5 0 0 0 0 7 0
0 0 0 4 0 0 0 0 0 0 5 7 0
0 0 0 4 0 0 5 0 0 5 0 7 0
5 0 0 4 5 0 0 0 0 0 0 7 0
5 5 5 4 5 5 5 5 5 5 5 5 5
0 0 0 4 0 0 0 0 0 5 0 7 0
0 0 0 4 0 0 0 0 0 0 0 7 0
0 0 0 4 0 5 0 0 0 5 0 7 0
Output:
8 8 8 8 8 8 8 8 8
4 0 0 0 0 0 0 0 7
4 0 0 5 0 0 0 0 7
4 0 0 5 0 0 0 5 7
4 0 0 5 0 0 5 5 7
4 5 0 5 0 0 5 5 7
4 5 5 5 5 5 5 5 5

Example 6:

Input:
0 7 0 4 0 0 0 0 0 3 0 0 0
0 7 0 0 0 0 0 0 0 3 0 0 0
4 7 0 0 0 0 0 0 0 3 0 0 0
4 7 4 4 4 4 4 4 4 3 4 4 4
4 7 0 0 0 0 0 0 0 3 0 0 0
0 7 0 0 0 0 0 0 0 3 0 0 0
0 7 0 0 0 0 0 0 0 3 0 0 0
0 7 0 0 0 0 0 0 0 3 0 0 0
0 7 0 0 0 0 0 0 0 3 0 4 0
0 7 0 0 0 0 0 0 0 3 0 0 0
2 2 2 2 2 2 2 2 2 2 2 2 2
0 7 0 0 0 0 0 0 4 3 0 0 0
0 7 0 0 0 0 4 0 0 3 4 0 0
Output:
7 4 4 4 4 4 4 4 3
7 0 0 0 0 0 0 0 3
7 0 0 0 0 0 0 0 3
7 0 0 0 0 0 0 0 3
7 0 0 0 0 0 0 0 3
7 0 0 0 0 0 0 0 3
7 0 0 0 0 0 0 0 3
2 2 2 2 2 2 2 2 2

Example 7:

Input:
0 0 0 0 0 0 5 0 0 3 0 0 0 0 0 3 0 0 0 0 0
0 0 0 0 0 0 5 0 0 0 0 0 0 0 0 3 0 0 0 3 0
0 0 0 0 0 0 5 0 0 0 0 0 0 0 0 3 0 0 0 0 0
6 6 6 6 6 6 5 6 6 6 6 6 6 6 6 3 6 6 6 6 6
0 0 0 0 0 0 5 0 3 0 0 0 3 0 0 3 0 0 0 3 0
0 0 0 0 0 0 5 0 0 0 0 3 0 0 0 3 0 0 0 0 0
3 0 0 0 0 0 5 0 0 3 0 0 0 0 0 3 0 0 0 0 0
0 0 3 0 0 0 5 0 0 0 0 3 0 0 0 3 0 0 0 0 0
0 3 0 0 0 0 5 0 0 0 0 0 3 0 0 3 0 0 0 3 0
0 0 0 0 0 0 5 0 0 0 0 0 0 0 0 3 0 0 0 0 0
0 0 0 0 0 0 5 0 0 0 0 3 0 0 0 3 0 3 0 3 0
0 0 0 0 0 0 5 0 0 3 0 0 0 3 0 3 0 0 0 0 0
0 0 0 3 0 0 5 0 0 0 0 0 0 0 0 3 3 0 0 0 0
3 0 0 0 0 0 5 3 0 0 0 0 0 0 0 3 0 3 0 0 0
0 0 0 0 0 0 5 0 0 0 0 0 0 0 0 3 0 0 0 3 0
0 0 0 0 0 0 5 0 0 0 0 0 0 0 0 3 0 0 0 0 0
1 1 1 1 1 1 1 1 1 1 1 1 1 1 1 1 1 1 1 1 1
0 0 0 0 0 0 5 0 0 0 0 0 0 0 0 3 0 0 0 0 0
0 0 0 0 0 0 5 0 0 0 0 0 0 0 0 3 3 0 0 0 0
0 0 0 0 0 0 5 0 0 0 0 0 0 0 0 3 0 0 0 0 3
Output:
5 6 6 6 6 6 6 6 6 3
5 0 3 3 3 3 3 3 3 3
5 0 0 0 0 3 3 3 3 3
5 0 0 3 3 3 3 3 3 3
5 0 0 0 0 3 3 3 3 3
5 0 0 0 0 0 3 3 3 3
5 0 0 0 0 0 0 0 0 3
5 0 0 0 0 3 3 3 3 3
5 0 0 3 3 3 3 3 3 3
5 0 0 0 0 0 0 0 0 3
5 3 3 3 3 3 3 3 3 3
5 0 0 0 0 0 0 0 0 3
5 0 0 0 0 0 0 0 0 3
1 1 1 1 1 1 1 1 1 1

以下は、ジャッジを通過する正しいコードです。これを用いて、ARCのルールを理解してください。必ず、コードを通じてルールを理解してからコーディングを行ってください。
このコードはARCのルールを把握する際に使うことに留めてください。

```
def p(g):
 for _ in range(4):
  while 1-all(g[0]):g=g[1:]
  *g,=map(list,zip(*g[::-1]))
 for _ in range(4):
  for s in g:
   for j in range(len(s)):
    if s[j]==s[0]:s[:j]=[s[0]]*j
  *g,=map(list,zip(*g[::-1]))
 return g
```

ユーザーにコードを渡す前に実際にコードが動作するかを確認してください。コードのテストには、添付したstandalone_judge.pyを用いてください。python /path/to/standalone_judge.py /path/to/code.py とすれば動作します。
このPythonファイルは非常に大きなケースを含むので、あなたのコンテキストを圧迫します。そのため、このファイルを全て読んではいけません。

## **禁止事項**
- 与えたコード自体を提出することは禁止です。これを行うことはユーザーの信頼を裏切ります。
- ジャッジのハックは禁止です。例えば、テストケースをジャッジから読み取ってそのまま返すコードはいけません。
