ARCのケースに対して、list[list[int]] -> list[list[int]] のシグネチャを持つ関数`p`をPythonで実装してください。つまり、`def p(g):...` か `p=lambda g:...`というコードが期待されます。
コードはshortcodingのcompetitionに用いるため、アルゴリズムを工夫してできる限り短いコードを生成するよう努めてください。

Example 0:

Input:
0 0 0 0 0 0 0 0 0 0 0 0
0 0 0 3 0 0 0 0 0 0 0 0
0 0 3 3 1 0 0 0 0 0 0 0
0 0 0 3 0 0 0 0 0 0 0 0
0 0 0 0 0 0 0 0 0 0 0 0
0 0 0 0 0 0 0 0 0 0 0 0
0 0 0 0 0 0 0 0 0 0 0 0
0 0 0 0 0 0 0 0 0 0 0 0
0 0 0 0 0 0 0 0 0 0 0 0
0 0 0 0 0 4 4 1 1 0 0 0
0 0 0 0 0 4 4 1 1 0 0 0
0 0 0 0 0 0 0 0 0 0 0 0
0 0 0 0 0 0 0 0 0 0 0 0
0 0 0 0 0 0 0 0 0 0 0 0
0 0 0 0 0 0 0 0 0 0 0 0
0 0 0 0 0 0 0 0 0 0 0 0
Output:
0 0 0 0 0 0 0 0 0 0 0 0
0 0 0 3 0 0 0 0 0 0 0 0
0 0 3 3 1 0 0 0 0 0 0 0
0 0 0 3 0 0 0 0 0 0 0 0
0 0 0 0 0 0 0 0 0 0 0 0
0 0 0 0 0 0 0 0 0 0 0 0
0 0 0 0 0 0 0 0 0 0 0 0
0 0 0 0 0 4 4 0 0 0 0 0
0 0 0 0 0 4 4 0 0 0 0 0
0 0 0 4 4 4 4 1 1 0 0 0
0 0 0 4 4 4 4 1 1 0 0 0
0 0 0 0 0 4 4 0 0 0 0 0
0 0 0 0 0 4 4 0 0 0 0 0
0 0 0 0 0 0 0 0 0 0 0 0
0 0 0 0 0 0 0 0 0 0 0 0
0 0 0 0 0 0 0 0 0 0 0 0

Example 1:

Input:
0 0 0 0 0 0 0 0 0 0 0 0 0 0 0 0 0 0
0 0 0 0 0 8 0 0 0 0 0 0 0 0 0 0 0 0
0 0 2 8 8 8 0 0 0 0 0 0 0 0 0 0 0 0
0 0 0 0 0 8 0 0 0 0 0 0 0 0 0 0 0 0
0 0 0 0 0 0 0 0 0 0 0 0 0 0 0 0 0 0
0 0 0 0 0 0 0 0 0 0 0 0 0 0 0 0 0 0
0 0 0 0 0 0 0 0 0 0 0 0 0 0 0 0 0 0
0 0 0 0 0 0 0 0 0 0 2 6 0 0 0 0 0 0
0 0 0 0 0 0 0 0 0 0 0 0 0 0 0 0 0 0
0 0 0 0 0 0 0 0 0 0 0 0 0 0 0 0 0 0
0 0 0 0 0 0 0 0 0 0 0 0 0 0 0 0 0 0
0 0 0 0 0 0 0 0 0 0 0 0 0 0 0 0 0 0
0 0 0 0 0 2 3 0 0 0 0 0 0 0 0 0 0 0
0 0 0 0 0 0 0 0 0 0 0 0 0 0 0 0 0 0
0 0 0 0 0 0 0 0 0 0 0 0 0 0 0 0 0 0
0 0 0 0 0 0 0 0 0 0 0 0 0 0 0 0 0 0
Output:
0 0 0 0 0 0 0 0 0 0 0 0 0 0 0 0 0 0
0 0 0 0 0 8 0 0 0 0 0 0 0 0 0 0 0 0
0 0 2 8 8 8 0 0 0 0 0 0 0 0 0 0 0 0
0 0 0 0 0 8 0 0 0 0 0 0 0 0 0 0 0 0
0 0 0 0 0 0 0 0 0 0 0 0 0 0 0 0 0 0
0 0 0 0 0 0 0 0 0 0 0 0 0 0 0 0 0 0
0 0 0 0 0 0 0 0 0 0 0 0 0 6 0 0 0 0
0 0 0 0 0 0 0 0 0 0 2 6 6 6 0 0 0 0
0 0 0 0 0 0 0 0 0 0 0 0 0 6 0 0 0 0
0 0 0 0 0 0 0 0 0 0 0 0 0 0 0 0 0 0
0 0 0 0 0 0 0 0 0 0 0 0 0 0 0 0 0 0
0 0 0 0 0 0 0 0 3 0 0 0 0 0 0 0 0 0
0 0 0 0 0 2 3 3 3 0 0 0 0 0 0 0 0 0
0 0 0 0 0 0 0 0 3 0 0 0 0 0 0 0 0 0
0 0 0 0 0 0 0 0 0 0 0 0 0 0 0 0 0 0
0 0 0 0 0 0 0 0 0 0 0 0 0 0 0 0 0 0

Example 2:

Input:
0 0 0 0 0 0 0 0 0 0 0 0 0 0 0 0 0 0
0 0 0 0 0 0 0 0 0 0 0 0 0 0 0 0 0 0
0 0 1 1 1 0 0 0 0 0 0 0 0 0 0 0 0 0
0 0 1 4 1 0 0 0 0 0 0 0 0 0 0 0 0 0
0 0 1 0 1 0 0 0 0 0 0 0 0 0 0 0 0 0
0 0 0 0 0 0 0 0 0 0 0 0 0 0 0 0 0 0
0 0 0 0 0 0 0 0 0 0 0 0 0 0 0 0 0 0
0 0 0 0 0 0 0 0 0 8 8 8 0 0 0 0 0 0
0 0 0 0 0 0 0 0 0 8 8 8 0 0 0 0 0 0
0 0 0 0 0 0 0 0 0 8 8 8 0 0 0 0 0 0
0 0 0 0 0 0 0 0 0 4 4 4 0 0 0 0 0 0
0 0 0 0 0 0 0 0 0 4 4 4 0 0 0 0 0 0
0 0 0 0 0 0 0 0 0 4 4 4 0 0 0 0 0 0
0 0 0 0 0 0 0 0 0 0 0 0 0 0 0 0 0 0
0 0 0 0 0 0 0 0 0 0 0 0 0 0 0 0 0 0
0 0 0 0 0 0 0 0 0 0 0 0 0 0 0 0 0 0
0 0 0 0 0 0 0 0 0 0 0 0 0 0 0 0 0 0
Output:
0 0 0 0 0 0 0 0 0 0 0 0 0 0 0 0 0 0
0 0 0 0 0 0 0 0 0 0 0 0 0 0 0 0 0 0
0 0 1 1 1 0 0 0 0 0 0 0 0 0 0 0 0 0
0 0 1 4 1 0 0 0 0 0 0 0 0 0 0 0 0 0
0 0 1 0 1 0 0 0 0 0 0 0 0 0 0 0 0 0
0 0 0 0 0 0 0 0 0 0 0 0 0 0 0 0 0 0
0 0 0 0 0 0 0 0 0 0 0 0 0 0 0 0 0 0
0 0 0 0 0 0 8 8 8 8 8 8 8 8 8 0 0 0
0 0 0 0 0 0 8 8 8 8 8 8 8 8 8 0 0 0
0 0 0 0 0 0 8 8 8 8 8 8 8 8 8 0 0 0
0 0 0 0 0 0 8 8 8 4 4 4 8 8 8 0 0 0
0 0 0 0 0 0 8 8 8 4 4 4 8 8 8 0 0 0
0 0 0 0 0 0 8 8 8 4 4 4 8 8 8 0 0 0
0 0 0 0 0 0 8 8 8 0 0 0 8 8 8 0 0 0
0 0 0 0 0 0 8 8 8 0 0 0 8 8 8 0 0 0
0 0 0 0 0 0 8 8 8 0 0 0 8 8 8 0 0 0
0 0 0 0 0 0 0 0 0 0 0 0 0 0 0 0 0 0

Example 3:

Input:
0 0 0 0 0 0 0 0 0 0 0 0 0 0 0 0 0 0
0 0 0 0 0 0 0 0 0 0 0 0 0 0 0 0 0 0
0 0 0 0 3 2 0 0 0 0 0 0 0 0 0 0 0 0
0 0 0 0 0 0 0 0 0 0 0 0 0 0 8 0 0 0
0 0 0 0 0 0 0 0 0 0 0 0 8 8 2 0 0 0
0 0 0 0 0 0 0 0 0 0 0 0 0 0 8 0 0 0
0 0 0 0 0 0 0 0 0 0 0 0 0 0 0 0 0 0
0 0 0 0 0 0 4 4 0 0 0 0 0 0 0 0 0 0
0 0 0 0 0 0 4 4 0 0 0 0 0 0 0 0 0 0
0 0 0 0 0 0 2 2 0 0 0 0 0 0 0 0 0 0
0 0 0 0 0 0 2 2 0 0 0 0 0 0 0 0 0 0
0 0 0 0 0 0 0 0 0 0 0 0 0 0 0 0 0 0
0 0 0 0 0 0 0 0 0 0 0 0 0 0 0 0 0 0
0 0 0 0 0 0 0 0 0 0 0 0 0 0 0 0 0 0
0 0 0 0 0 0 0 0 0 0 0 0 0 0 0 0 0 0
Output:
0 0 0 0 0 0 0 0 0 0 0 0 0 0 0 0 0 0
0 0 0 0 0 3 0 0 0 0 0 0 0 0 0 0 0 0
0 0 0 3 3 2 0 0 0 0 0 0 0 0 0 0 0 0
0 0 0 0 0 3 0 0 0 0 0 0 0 0 8 0 0 0
0 0 0 0 0 0 0 0 0 0 0 0 8 8 2 0 0 0
0 0 0 0 0 0 0 0 0 0 0 0 0 0 8 0 0 0
0 0 0 0 0 0 0 0 0 0 0 0 0 0 0 0 0 0
0 0 0 0 0 0 4 4 0 0 0 0 0 0 0 0 0 0
0 0 0 0 0 0 4 4 0 0 0 0 0 0 0 0 0 0
0 0 4 4 4 4 2 2 0 0 0 0 0 0 0 0 0 0
0 0 4 4 4 4 2 2 0 0 0 0 0 0 0 0 0 0
0 0 0 0 0 0 4 4 0 0 0 0 0 0 0 0 0 0
0 0 0 0 0 0 4 4 0 0 0 0 0 0 0 0 0 0
0 0 0 0 0 0 0 0 0 0 0 0 0 0 0 0 0 0
0 0 0 0 0 0 0 0 0 0 0 0 0 0 0 0 0 0

Example 4:

Input:
0 0 0 0 0 0 0 0 0 0 0 0 0 0 0 0 0 0 0 0 0 0 0 0 0 0 0 0 0 0
0 0 0 0 0 0 0 0 0 0 0 0 0 0 0 0 0 0 0 0 0 0 0 0 0 0 0 0 0 0
0 0 0 0 8 8 0 0 0 0 0 0 0 0 0 0 0 0 0 0 0 0 0 0 0 0 0 0 0 0
0 0 0 8 1 8 0 0 0 0 4 4 4 1 1 1 0 0 0 0 0 0 0 0 0 0 0 0 0 0
0 0 0 8 8 0 0 0 0 0 4 4 4 1 1 1 0 0 0 0 0 0 0 0 0 0 0 0 0 0
0 0 0 0 0 0 0 0 0 0 4 4 4 1 1 1 0 0 0 0 0 0 0 0 0 0 0 0 0 0
0 0 0 0 0 0 0 0 0 0 0 0 0 0 0 0 0 0 0 0 0 0 0 0 0 0 0 0 0 0
0 0 0 0 0 0 0 0 0 0 0 0 0 0 0 0 0 0 0 0 0 1 1 1 1 2 2 2 2 0
0 0 0 0 0 0 0 0 0 0 0 0 0 0 0 0 0 0 0 0 0 1 1 1 1 2 2 2 2 0
0 0 0 0 0 0 0 0 0 0 0 0 0 0 0 0 0 0 0 0 0 1 1 1 1 2 2 2 2 0
0 0 0 0 0 0 1 1 0 0 0 0 0 0 0 0 0 0 0 0 0 1 1 1 1 2 2 2 2 0
0 0 0 0 0 0 1 1 0 0 0 0 0 0 0 0 0 0 0 0 0 0 0 0 0 0 0 0 0 0
0 0 0 0 0 0 3 3 0 0 0 0 0 0 0 0 0 0 0 0 0 0 0 0 0 0 0 0 0 0
0 0 0 0 0 0 3 3 0 0 0 0 0 0 0 0 0 0 0 0 0 0 0 0 0 0 0 0 0 0
0 0 0 0 0 0 0 0 0 0 0 0 0 0 0 0 0 0 0 0 0 0 0 0 0 0 0 0 0 0
0 0 0 0 0 0 0 0 0 0 0 0 0 0 0 0 0 0 0 0 0 0 0 0 0 0 0 0 0 0
0 0 0 0 0 0 0 0 0 0 0 0 0 0 0 0 0 0 0 0 0 0 0 0 0 0 0 0 0 0
0 0 0 0 0 0 0 0 0 0 0 0 0 0 0 0 0 0 0 0 0 0 0 0 0 0 0 0 0 0
0 0 0 0 0 0 0 0 0 0 0 0 0 0 0 0 0 0 0 0 0 0 0 0 0 0 0 0 0 0
Output:
0 0 0 0 0 0 0 0 0 0 0 0 0 4 4 4 4 4 4 0 0 0 0 0 0 0 0 0 0 0
0 0 0 0 0 0 0 0 0 0 0 0 0 4 4 4 4 4 4 0 0 0 0 0 0 0 0 0 0 0
0 0 0 0 8 8 0 0 0 0 0 0 0 4 4 4 4 4 4 0 0 0 0 0 0 0 0 0 0 0
0 0 0 8 1 8 0 0 0 0 4 4 4 1 1 1 4 4 4 0 0 2 2 2 2 2 2 2 2 0
0 0 0 8 8 0 0 0 0 0 4 4 4 1 1 1 4 4 4 0 0 2 2 2 2 2 2 2 2 0
0 0 0 0 0 0 0 0 0 0 4 4 4 1 1 1 4 4 4 0 0 2 2 2 2 2 2 2 2 0
0 0 0 0 0 0 0 0 0 0 4 4 4 4 4 4 0 0 0 0 0 2 2 2 2 2 2 2 2 0
0 0 0 0 0 0 0 0 0 0 4 4 4 4 4 4 0 2 2 2 2 1 1 1 1 2 2 2 2 0
0 0 0 0 0 0 3 3 3 3 4 4 4 4 4 4 0 2 2 2 2 1 1 1 1 2 2 2 2 0
0 0 0 0 0 0 3 3 3 3 0 0 0 0 0 0 0 2 2 2 2 1 1 1 1 2 2 2 2 0
0 0 0 0 3 3 1 1 3 3 0 0 0 0 0 0 0 2 2 2 2 1 1 1 1 2 2 2 2 0
0 0 0 0 3 3 1 1 3 3 0 0 0 0 0 0 0 2 2 2 2 2 2 2 2 0 0 0 0 0
0 0 0 0 3 3 3 3 0 0 0 0 0 0 0 0 0 2 2 2 2 2 2 2 2 0 0 0 0 0
0 0 0 0 3 3 3 3 0 0 0 0 0 0 0 0 0 2 2 2 2 2 2 2 2 0 0 0 0 0
0 0 0 0 0 0 0 0 0 0 0 0 0 0 0 0 0 2 2 2 2 2 2 2 2 0 0 0 0 0
0 0 0 0 0 0 0 0 0 0 0 0 0 0 0 0 0 0 0 0 0 0 0 0 0 0 0 0 0 0
0 0 0 0 0 0 0 0 0 0 0 0 0 0 0 0 0 0 0 0 0 0 0 0 0 0 0 0 0 0
0 0 0 0 0 0 0 0 0 0 0 0 0 0 0 0 0 0 0 0 0 0 0 0 0 0 0 0 0 0
0 0 0 0 0 0 0 0 0 0 0 0 0 0 0 0 0 0 0 0 0 0 0 0 0 0 0 0 0 0

Example 5:

Input:
0 0 0 0 0 0 0 0 0 0 0 0 0 0 0 0 0 0 0 0 0 0 0 0 0
0 0 0 0 0 0 0 0 0 0 0 0 0 0 0 0 0 0 0 0 0 0 0 0 0
0 0 0 0 0 0 0 0 0 0 0 0 0 0 0 0 0 0 0 0 0 0 0 0 0
0 0 0 0 0 0 0 0 0 0 0 0 0 0 0 0 0 0 0 0 0 0 0 0 0
0 0 0 0 0 0 0 0 0 0 0 0 0 0 0 0 0 0 0 0 0 0 0 0 0
0 0 0 0 0 0 0 0 0 0 0 0 0 0 0 0 0 0 0 0 0 0 0 0 0
0 0 0 0 0 0 0 0 0 0 0 0 0 0 0 0 0 0 0 0 0 0 0 0 0
0 0 0 0 0 0 0 0 0 0 0 0 0 0 0 0 0 0 0 0 0 0 0 0 0
0 0 0 0 0 0 0 0 0 0 0 0 0 0 0 0 0 0 0 0 0 0 0 0 0
0 0 0 0 0 0 0 0 0 0 0 0 0 0 0 0 0 0 0 0 0 0 0 0 0
0 0 0 0 0 0 0 0 0 0 0 0 0 0 0 0 1 4 4 0 0 0 0 0 0
0 0 0 0 1 1 1 8 8 8 0 0 0 0 0 0 4 0 0 0 0 0 0 0 0
0 0 0 0 1 1 1 8 8 8 0 0 0 0 0 0 4 0 0 0 0 0 0 0 0
0 0 0 0 1 1 1 8 8 8 0 0 0 0 0 0 0 0 0 0 0 0 0 0 0
0 0 0 0 0 0 0 0 0 0 0 0 0 0 0 0 0 0 0 0 0 0 0 0 0
0 0 0 0 0 0 0 0 0 0 0 0 0 0 0 0 0 0 0 0 0 0 0 0 0
0 0 0 0 0 0 0 0 0 0 0 0 0 0 0 0 0 0 0 0 0 0 0 0 0
0 0 0 0 0 0 0 0 0 0 0 0 0 0 0 0 0 0 0 0 0 0 0 0 0
0 0 0 0 0 0 0 0 0 0 0 0 0 0 0 0 0 0 0 0 0 0 0 0 0
0 0 0 0 0 0 0 0 0 0 0 0 0 0 0 0 0 0 0 0 0 0 0 0 0
0 0 0 0 0 0 0 0 0 0 0 0 0 0 0 0 0 0 0 0 0 0 0 0 0
0 0 0 0 0 0 0 0 0 0 0 0 0 0 0 0 0 0 0 0 0 0 0 0 0
1 0 0 0 0 0 0 0 0 0 0 0 0 0 0 0 0 0 0 0 0 0 0 0 0
3 0 0 0 0 0 0 0 0 0 0 0 0 0 0 0 0 0 0 0 0 0 0 0 0
0 0 0 0 0 0 0 0 0 0 0 0 0 0 0 0 0 1 0 0 0 0 0 0 0
0 0 0 0 0 0 0 0 0 0 0 0 0 0 0 0 0 5 0 0 0 0 0 0 0
0 0 0 0 0 0 0 0 0 0 0 0 0 0 0 0 0 0 0 0 0 0 0 0 0
Output:
0 0 0 0 0 0 0 0 0 0 0 0 0 0 0 0 0 0 0 0 0 0 0 0 0
0 0 0 0 0 0 0 0 0 0 0 0 0 0 0 0 0 0 0 0 0 0 0 0 0
0 0 0 0 0 0 0 0 0 0 0 0 0 0 0 0 0 0 0 0 0 0 0 0 0
0 0 0 0 0 0 0 0 0 0 0 0 0 0 0 0 0 0 0 0 0 0 0 0 0
0 0 0 0 0 0 0 0 0 0 0 0 0 0 0 0 0 0 0 0 0 0 0 0 0
0 0 0 0 0 0 0 0 0 0 0 0 0 0 0 0 0 0 0 0 0 0 0 0 0
0 0 0 0 0 0 0 0 0 0 0 0 0 0 0 0 0 0 0 0 0 0 0 0 0
0 0 0 0 0 0 0 0 0 0 0 0 0 0 0 0 0 0 0 0 0 0 0 0 0
0 0 0 0 0 0 0 0 0 0 0 0 0 0 0 0 0 0 0 0 0 0 0 0 0
0 0 0 0 0 0 0 0 0 0 0 0 0 0 0 0 0 0 0 0 0 0 0 0 0
0 0 0 0 0 0 0 0 0 0 0 0 0 0 0 0 1 4 4 0 0 0 0 0 0
0 0 0 0 1 1 1 8 8 8 8 8 8 0 0 0 4 0 0 0 0 0 0 0 0
0 0 0 0 1 1 1 8 8 8 8 8 8 0 0 0 4 0 0 0 0 0 0 0 0
0 0 0 0 1 1 1 8 8 8 8 8 8 0 0 0 0 0 0 0 0 0 0 0 0
0 0 0 0 8 8 8 0 0 0 0 0 0 0 0 0 0 0 0 0 0 0 0 0 0
0 0 0 0 8 8 8 0 0 0 0 0 0 0 0 0 0 0 0 0 0 0 0 0 0
0 0 0 0 8 8 8 0 0 0 0 0 0 0 0 0 0 0 0 0 0 0 0 0 0
0 0 0 0 8 8 8 0 0 0 0 0 0 0 0 0 0 0 0 0 0 0 0 0 0
0 0 0 0 8 8 8 0 0 0 0 0 0 0 0 0 0 0 0 0 0 0 0 0 0
0 0 0 0 8 8 8 0 0 0 0 0 0 0 0 0 0 0 0 0 0 0 0 0 0
0 0 0 0 0 0 0 0 0 0 0 0 0 0 0 0 0 0 0 0 0 0 0 0 0
0 0 0 0 0 0 0 0 0 0 0 0 0 0 0 0 0 0 0 0 0 0 0 0 0
1 3 3 0 0 0 0 0 0 0 0 0 0 0 0 0 0 0 0 0 0 0 0 0 0
3 0 0 0 0 0 0 0 0 0 0 0 0 0 0 0 0 0 0 0 0 0 0 0 0
3 0 0 0 0 0 0 0 0 0 0 0 0 0 0 0 0 1 5 5 0 0 0 0 0
0 0 0 0 0 0 0 0 0 0 0 0 0 0 0 0 0 5 0 0 0 0 0 0 0
0 0 0 0 0 0 0 0 0 0 0 0 0 0 0 0 0 5 0 0 0 0 0 0 0

Example 6:

Input:
0 0 0 0 0 0 0 0 0 0 0 0 0 0 0 0 0 0 0 0
0 0 0 0 0 0 0 0 0 0 0 0 0 0 0 0 0 0 0 0
0 0 0 0 0 0 0 0 0 0 0 0 0 0 0 0 0 0 0 0
0 0 0 0 0 0 0 0 0 0 0 0 0 0 0 0 0 0 0 0
0 0 0 0 0 0 0 0 0 0 0 0 0 0 0 0 0 0 0 0
0 0 0 0 0 0 0 0 0 0 0 0 0 0 0 0 0 0 0 0
0 0 0 0 0 0 0 0 0 0 0 0 0 0 0 0 0 0 0 0
0 0 0 0 0 0 0 0 0 0 0 0 0 0 0 0 0 0 0 0
0 0 0 0 0 0 0 0 0 0 0 0 0 0 0 0 0 0 0 0
0 0 0 0 0 0 0 0 0 0 0 0 0 0 0 0 0 0 0 0
0 0 0 0 0 0 0 0 0 0 0 0 0 0 0 0 0 0 0 0
0 0 0 0 0 0 0 0 0 0 0 0 0 0 0 0 0 0 0 0
0 0 0 0 0 0 0 0 0 0 0 0 0 0 0 0 0 0 0 0
0 0 0 0 0 0 0 0 0 0 0 0 0 0 0 0 0 0 0 0
0 0 0 0 0 0 0 0 0 0 0 0 0 0 0 0 0 0 0 0
0 0 0 0 0 0 0 0 0 0 0 0 0 0 0 0 0 0 0 0
0 0 0 0 0 0 0 0 0 0 0 0 0 0 0 0 0 0 0 0
0 0 0 0 0 0 0 0 0 0 0 0 0 0 0 0 0 0 0 0
0 0 0 0 0 0 0 0 0 0 0 0 0 0 0 0 0 0 0 0
0 0 0 0 0 0 3 3 0 0 0 0 0 0 0 0 0 3 1 1
0 0 0 0 0 0 3 3 0 0 0 0 0 0 0 0 0 1 1 0
0 0 0 0 0 0 7 7 0 0 0 0 0 0 0 0 0 0 0 0
0 0 0 0 0 0 7 7 0 0 0 0 0 0 0 0 0 0 0 0
0 0 0 0 0 0 0 0 0 0 0 0 0 0 0 0 0 0 0 0
0 0 0 0 0 0 0 0 0 0 0 0 0 0 0 0 0 0 0 0
0 0 0 0 0 0 0 0 0 0 0 0 0 0 0 0 0 0 0 0
Output:
0 0 0 0 0 0 0 0 0 0 0 0 0 0 0 0 0 0 0 0
0 0 0 0 0 0 0 0 0 0 0 0 0 0 0 0 0 0 0 0
0 0 0 0 0 0 0 0 0 0 0 0 0 0 0 0 0 0 0 0
0 0 0 0 0 0 0 0 0 0 0 0 0 0 0 0 0 0 0 0
0 0 0 0 0 0 0 0 0 0 0 0 0 0 0 0 0 0 0 0
0 0 0 0 0 0 0 0 0 0 0 0 0 0 0 0 0 0 0 0
0 0 0 0 0 0 0 0 0 0 0 0 0 0 0 0 0 0 0 0
0 0 0 0 0 0 0 0 0 0 0 0 0 0 0 0 0 0 0 0
0 0 0 0 0 0 0 0 0 0 0 0 0 0 0 0 0 0 0 0
0 0 0 0 0 0 0 0 0 0 0 0 0 0 0 0 0 0 0 0
0 0 0 0 0 0 0 0 0 0 0 0 0 0 0 0 0 0 0 0
0 0 0 0 0 0 0 0 0 0 0 0 0 0 0 0 0 0 0 0
0 0 0 0 0 0 0 0 0 0 0 0 0 0 0 0 0 0 0 0
0 0 0 0 0 0 0 0 0 0 0 0 0 0 0 0 0 0 0 0
0 0 0 0 0 0 0 0 0 0 0 0 0 0 0 0 0 0 0 0
0 0 0 0 0 0 0 0 0 0 0 0 0 0 0 0 0 0 0 0
0 0 0 0 0 0 0 0 0 0 0 0 0 0 0 0 0 0 0 0
0 0 0 0 0 0 0 0 0 0 0 0 0 0 0 0 0 0 0 0
0 0 0 0 0 0 0 0 0 0 0 0 0 0 0 0 0 0 0 0
0 0 0 0 0 0 3 3 7 7 7 7 0 0 0 0 0 3 1 1
0 0 0 0 0 0 3 3 7 7 7 7 0 0 0 0 0 1 1 0
0 0 0 0 0 0 7 7 7 7 0 0 0 0 0 0 0 0 0 0
0 0 0 0 0 0 7 7 7 7 0 0 0 0 0 0 0 0 0 0
0 0 0 0 0 0 0 0 0 0 0 0 0 0 0 0 0 0 0 0
0 0 0 0 0 0 0 0 0 0 0 0 0 0 0 0 0 0 0 0
0 0 0 0 0 0 0 0 0 0 0 0 0 0 0 0 0 0 0 0

Example 7:

Input:
0 0 0 0 0 0 0 0 0 0 0 0 0 0 0 0 0 0 0 0 0
0 0 0 0 0 0 0 0 0 0 0 0 0 0 0 0 0 0 0 0 0
0 0 0 0 0 0 0 0 0 0 0 0 0 0 0 0 0 0 0 0 0
0 0 0 0 0 0 0 0 0 0 0 0 0 0 0 0 0 0 0 0 0
0 0 0 0 0 0 0 0 0 0 0 0 0 0 0 0 0 0 0 0 0
0 0 0 0 0 0 0 0 0 0 0 0 0 0 0 0 0 0 0 0 0
0 0 0 0 0 0 0 0 0 0 0 0 0 0 0 0 0 0 0 0 0
0 0 0 0 0 0 0 0 0 0 0 0 0 0 0 0 0 0 0 0 0
0 0 0 0 0 0 0 0 0 0 0 0 0 0 0 0 0 0 0 0 0
0 0 6 7 7 0 0 0 0 0 0 0 0 0 0 0 0 0 0 0 0
0 0 7 0 7 0 0 0 0 0 0 0 0 0 0 0 0 0 0 0 0
0 0 0 0 0 0 0 0 0 0 0 0 0 0 0 0 0 0 0 0 0
0 0 0 0 0 0 0 0 0 0 0 0 0 0 0 0 0 0 0 0 0
0 0 0 0 0 0 0 0 0 0 0 0 0 0 0 0 0 0 0 0 0
0 0 0 0 0 0 0 0 0 0 0 0 0 0 0 0 0 0 0 0 0
0 0 0 0 0 0 0 0 0 0 0 0 0 0 0 0 0 0 0 0 0
0 0 0 0 0 0 0 0 0 0 0 0 0 0 0 0 0 0 0 0 0
0 0 0 0 0 0 0 0 0 0 0 0 0 0 0 0 0 0 0 0 0
0 0 0 0 0 0 0 0 0 0 0 0 0 0 0 0 0 0 0 0 0
0 0 0 0 0 0 0 0 0 0 6 6 6 0 0 0 0 0 0 0 0
0 0 0 0 0 0 0 0 0 0 6 6 6 0 0 0 0 0 0 0 0
0 0 0 0 0 0 0 0 0 0 6 6 6 0 0 0 0 0 0 0 0
0 0 0 0 0 0 0 0 0 0 2 2 2 0 0 0 0 0 0 0 0
0 0 0 0 0 0 0 0 0 0 2 2 2 0 0 0 0 0 0 0 0
0 0 0 0 0 0 0 0 0 0 2 2 2 0 0 0 0 0 0 0 0
0 0 0 0 0 0 0 0 0 0 0 0 0 0 0 0 0 0 0 0 0
0 0 0 0 0 0 0 0 0 0 0 0 0 0 0 0 0 0 0 0 0
0 0 0 0 0 0 0 0 0 0 0 0 0 0 0 0 0 0 0 0 0
0 0 0 0 0 0 0 0 0 0 0 0 0 0 0 0 0 0 0 0 0
Output:
0 0 0 0 0 0 0 0 0 0 0 0 0 0 0 0 0 0 0 0 0
0 0 0 0 0 0 0 0 0 0 0 0 0 0 0 0 0 0 0 0 0
0 0 0 0 0 0 0 0 0 0 0 0 0 0 0 0 0 0 0 0 0
0 0 0 0 0 0 0 0 0 0 0 0 0 0 0 0 0 0 0 0 0
0 0 0 0 0 0 0 0 0 0 0 0 0 0 0 0 0 0 0 0 0
0 0 0 0 0 0 0 0 0 0 0 0 0 0 0 0 0 0 0 0 0
0 0 0 0 0 0 0 0 0 0 0 0 0 0 0 0 0 0 0 0 0
0 0 0 0 0 0 0 0 0 0 0 0 0 0 0 0 0 0 0 0 0
0 0 0 0 0 0 0 0 0 0 0 0 0 0 0 0 0 0 0 0 0
0 0 6 7 7 0 0 0 0 0 0 0 0 0 0 0 0 0 0 0 0
0 0 7 0 7 0 0 0 0 0 0 0 0 0 0 0 0 0 0 0 0
0 0 0 0 0 0 0 0 0 0 0 0 0 0 0 0 0 0 0 0 0
0 0 0 0 0 0 0 0 0 0 0 0 0 0 0 0 0 0 0 0 0
0 0 0 0 0 0 0 0 0 0 0 0 0 0 0 0 0 0 0 0 0
0 0 0 0 0 0 0 0 0 0 0 0 0 0 0 0 0 0 0 0 0
0 0 0 0 0 0 0 0 0 0 0 0 0 0 0 0 0 0 0 0 0
0 0 0 0 0 0 0 0 0 0 0 0 0 0 0 0 0 0 0 0 0
0 0 0 0 0 0 0 0 0 0 0 0 0 0 0 0 0 0 0 0 0
0 0 0 0 0 0 0 0 0 0 0 0 0 0 0 0 0 0 0 0 0
0 0 0 0 0 0 0 0 0 0 6 6 6 2 2 2 2 2 2 0 0
0 0 0 0 0 0 0 0 0 0 6 6 6 2 2 2 2 2 2 0 0
0 0 0 0 0 0 0 0 0 0 6 6 6 2 2 2 2 2 2 0 0
0 0 0 0 0 0 0 0 0 0 2 2 2 0 0 0 2 2 2 0 0
0 0 0 0 0 0 0 0 0 0 2 2 2 0 0 0 2 2 2 0 0
0 0 0 0 0 0 0 0 0 0 2 2 2 0 0 0 2 2 2 0 0
0 0 0 0 0 0 0 0 0 0 0 0 0 0 0 0 0 0 0 0 0
0 0 0 0 0 0 0 0 0 0 0 0 0 0 0 0 0 0 0 0 0
0 0 0 0 0 0 0 0 0 0 0 0 0 0 0 0 0 0 0 0 0
0 0 0 0 0 0 0 0 0 0 0 0 0 0 0 0 0 0 0 0 0

以下は、ジャッジを通過する正しいコードです。これを用いて、ARCのルールを理解してください。必ず、コードを通じてルールを理解してからコーディングを行ってください。
このコードはARCのルールを把握する際に使うことに留めてください。

```
def GQ(A):return type(A)(B for A in A for B in A)
def M(A):return max(A for(B,A)in V(A))
def P(A):return min(A for(B,A)in V(A))
def HH(A,B):
 C,D=B;E,F=len(A),len(A[0])
 if not(0<=C<E and 0<=D<F):return
 return A[B[0]][B[1]]
def V(A):
 if len(A)==0:return frozenset()
 if isinstance(next(iter(A))[1],tuple):return frozenset(A for(B,A)in A)
 return A
def H(A):return frozenset({(A[0]-1,A[1]-1),(A[0]-1,A[1]+1),(A[0]+1,A[1]-1),(A[0]+1,A[1]+1)})
def E(A):return G(A)|H(A)
def G(A):return frozenset({(A[0]-1,A[1]),(A[0]+1,A[1]),(A[0],A[1]-1),(A[0],A[1]+1)})
def U(A):return frozenset((B,C)for B in range(len(A))for C in range(len(A[0])))
def X(A):B=[B for A in A for B in A]if isinstance(A,tuple)else[A for(A,B)in A];return max(set(B),key=B.count)
def L(A,B):
 if isinstance(A,tuple):
  C=tuple()
  for I in A:
   D=tuple()
   for E in I:D=D+tuple(E for A in range(B))
   C=C+tuple(D for A in range(B))
  return C
 else:
  if len(A)==0:return frozenset()
  F,G=Q(A);J,K=-F,-G;L=GL(A,(J,K));H=set()
  for(E,(M,N))in L:
   for O in range(B):
    for P in range(B):H.add((E,(M*B+O,N*B+P)))
  return GL(frozenset(H),(F,G))
def GU(A,B):
 F,G=len(A),len(A[0]);C=list(list(A)for A in A)
 for(H,(D,E))in B:
  if 0<=D<F and 0<=E<G:C[D][E]=H
 return tuple(tuple(A)for A in C)
def GG(A):
 if isinstance(A,tuple):return frozenset({B for A in A for B in A})
 return frozenset({A for(A,B)in A})
def GJ(A,B,C,D):
 M=X(A)if D else None;N=set();I=set();Q,R=len(A),len(A[0]);S=U(A);T=E if C else G
 for F in S:
  if F in I:continue
  J=A[F[0]][F[1]]
  if J==M:continue
  O={(J,F)};K={F}
  while len(K)>0:
   P=set()
   for H in K:
    L=A[H[0]][H[1]]
    if J==L if B else L!=M:O.add((L,H));I.add(H);P|={(A,B)for(A,B)in T(H)if 0<=A<Q and 0<=B<R}
   K=P-I
  N.add(frozenset(O))
 return frozenset(N)
def GL(A,C):
 if len(A)==0:return A
 B,D=C
 if isinstance(next(iter(A))[1],tuple):return frozenset((A,(C+B,E+D))for(A,(C,E))in A)
 return frozenset((A+B,C+D)for(A,C)in A)
def GH(A,B):return frozenset((A,B)for B in V(B))
def Q(A):return tuple(map(min,zip(*V(A))))
def Y(A,B):
 if isinstance(A,tuple):return sum(A.count(B)for A in A)
 return sum(A==B for(A,C)in A)
def GP(A):
 if len(A)==0:return 0
 if isinstance(A,tuple):return len(A[0])
 return M(A)-P(A)+1
def GM(A,B):return GQ(HG(A,B))
def HG(A,B):return type(B)(A(B)for B in B)
def HY(A,a,b):return lambda x:A(a(x),b(x))
def GX(A,B):
 C=A.__code__.co_argcount
 if C==2:return lambda y:A(B,y)
 elif C==3:return lambda y,z:A(B,y,z)
 else:return lambda y,z,a:A(B,y,z,a)
def GS(A,B):
 C=A.__code__.co_argcount
 if C==2:return lambda x:A(x,B)
 elif C==3:return lambda x,y:A(x,y,B)
 else:return lambda x,y,z:A(x,y,z,B)
def GY(A,B):return lambda x:A(x)==B
def GZ(h,g,f):return lambda x:h(g(f(x)))
def GV(A,B):return lambda x:A(B(x))
def GW(A,B):return GK(GR(B,A))
def GR(A,B):return type(B)(B for B in B if B!=A)
def GK(A):return next(iter(A))
def S(A,B):return type(A)(A for A in A if B(A))
def GE(A,B):return max(A,key=B)
def W(Aa):return min(Aa,default=0)
def HJ(A):return len(A)
def J(a,b):return type(a)(A for A in a if A not in b)
def Z(a,b):return type(a)((*a,*b))
def R(A,B):return A in B
def K(a,b):
 if isinstance(a,int)and isinstance(b,int):return a-b
 elif isinstance(a,tuple)and isinstance(b,tuple):return a[0]-b[0],a[1]-b[1]
 elif isinstance(a,int)and isinstance(b,tuple):return a-b[0],a-b[1]
 return a[0]-b,a[1]-b
def p(I):I=tuple(map(tuple,I));B=GJ(I,False,True,True);G=GG(I);H=GX(S,B);M=GS(GV,GG);N=GX(GX,R);O=GZ(H,M,N);P=GV(HJ,O);C=GE(G,P);T=GS(Y,C);U=HG(T,B);V=W(U);X=GS(Y,C);a=GY(X,V);b=S(B,a);E=GE(b,HJ);c=GY(GK,C);A=GS(S,c);d=GX(L,E);F=GZ(d,GP,A);e=GV(Q,A);f=GZ(Q,A,F);g=HY(K,e,f);D=HY(GL,F,g);h=GS(GW,C);i=GV(h,GG);j=GV(A,D);k=HY(J,D,j);l=HY(GH,i,k);m=GV(A,D);n=HY(Z,m,l);o=GR(E,B);p=GM(n,o);q=GU(I,p);return[*map(list,q)]
```

ユーザーにコードを渡す前に実際にコードが動作するかを確認してください。コードのテストには、添付したstandalone_judge.pyを用いてください。python /path/to/standalone_judge.py /path/to/code.py とすれば動作します。
このPythonファイルは非常に大きなケースを含むので、あなたのコンテキストを圧迫します。そのため、このファイルを全て読んではいけません。

## **禁止事項**
- 与えたコード自体を提出することは禁止です。これを行うことはユーザーの信頼を裏切ります。
- ジャッジのハックは禁止です。例えば、テストケースをジャッジから読み取ってそのまま返すコードはいけません。
