ARCのケースに対して、list[list[int]] -> list[list[int]] のシグネチャを持つ関数`p`をPythonで実装してください。つまり、`def p(g):...` か `p=lambda g:...`というコードが期待されます。
コードはshortcodingのcompetitionに用いるため、アルゴリズムを工夫してできる限り短いコードを生成するよう努めてください。

Example 0:

Input:
8 8 8 8 8 8 8 8 8 8 8 8
8 8 3 3 3 8 8 8 8 8 8 8
8 8 3 3 3 8 8 8 8 8 8 8
8 8 3 3 3 8 8 8 8 4 8 8
8 8 3 3 3 8 8 8 8 8 8 8
8 8 8 8 8 8 8 8 8 8 8 8
8 8 8 8 8 8 8 8 8 8 8 8
8 8 8 8 8 8 8 4 8 8 8 8
8 8 8 8 8 8 8 8 8 8 8 8
Output:
8 8 8 8 8 8 8 8 8 8 8 8
8 8 3 3 3 8 8 8 8 8 8 8
8 8 3 3 3 8 8 8 8 8 8 8
8 8 3 3 3 4 4 4 4 4 8 8
8 8 3 3 3 8 8 8 8 8 8 8
8 8 8 8 8 8 8 8 8 8 8 8
8 8 8 8 8 8 8 8 8 8 8 8
8 8 8 8 8 8 8 4 8 8 8 8
8 8 8 8 8 8 8 8 8 8 8 8

Example 1:

Input:
2 2 2 2 2 2 2 2 2 2 2 2
2 2 2 2 2 2 2 2 2 2 2 2
2 2 2 1 1 1 2 2 2 2 2 2
2 2 2 1 1 1 2 2 2 2 2 2
2 2 2 1 1 1 2 2 2 2 2 2
2 2 2 2 2 2 2 2 2 2 2 2
2 2 2 2 2 2 2 2 2 2 2 2
2 2 2 2 2 2 2 2 2 2 2 2
2 2 2 8 2 2 2 2 2 2 2 2
2 2 2 2 2 2 2 2 2 2 2 2
Output:
2 2 2 2 2 2 2 2 2 2 2 2
2 2 2 2 2 2 2 2 2 2 2 2
2 2 2 1 1 1 2 2 2 2 2 2
2 2 2 1 1 1 2 2 2 2 2 2
2 2 2 1 1 1 2 2 2 2 2 2
2 2 2 8 2 2 2 2 2 2 2 2
2 2 2 8 2 2 2 2 2 2 2 2
2 2 2 8 2 2 2 2 2 2 2 2
2 2 2 8 2 2 2 2 2 2 2 2
2 2 2 2 2 2 2 2 2 2 2 2

Example 2:

Input:
1 1 1 1 2 1 1 1 1 1 1 1
1 1 1 1 1 1 1 1 1 1 1 1
1 1 1 1 1 1 1 1 1 1 1 1
1 1 1 1 1 1 1 1 1 1 1 1
1 1 1 4 4 4 4 1 1 1 1 1
1 1 1 4 4 4 4 1 1 1 1 1
1 1 1 4 4 4 4 1 1 1 2 1
1 1 1 4 4 4 4 1 1 1 1 1
1 1 1 1 1 1 1 1 1 1 1 1
1 1 1 1 1 1 1 1 1 1 1 1
1 1 1 1 1 1 1 1 1 1 1 1
1 2 1 1 1 1 1 1 1 1 1 1
1 1 1 1 1 1 1 1 1 1 1 1
1 1 1 1 1 1 1 1 1 1 1 1
Output:
1 1 1 1 2 1 1 1 1 1 1 1
1 1 1 1 2 1 1 1 1 1 1 1
1 1 1 1 2 1 1 1 1 1 1 1
1 1 1 1 2 1 1 1 1 1 1 1
1 1 1 4 4 4 4 1 1 1 1 1
1 1 1 4 4 4 4 1 1 1 1 1
1 1 1 4 4 4 4 2 2 2 2 1
1 1 1 4 4 4 4 1 1 1 1 1
1 1 1 1 1 1 1 1 1 1 1 1
1 1 1 1 1 1 1 1 1 1 1 1
1 1 1 1 1 1 1 1 1 1 1 1
1 2 1 1 1 1 1 1 1 1 1 1
1 1 1 1 1 1 1 1 1 1 1 1
1 1 1 1 1 1 1 1 1 1 1 1

Example 3:

Input:
1 1 1 1 1 1 1 1 1 1 1 1 1 1 1 1 1 1
1 1 1 1 1 1 1 1 4 1 1 1 1 1 1 1 1 1
1 1 1 1 1 1 1 1 1 1 1 1 1 1 1 1 1 1
1 1 1 1 1 1 1 1 1 1 1 4 1 1 1 1 1 1
1 1 1 1 1 1 1 1 1 1 1 1 1 1 1 4 1 1
1 1 4 1 1 1 1 5 5 5 5 5 1 1 1 1 1 1
1 1 1 1 1 1 1 5 5 5 5 5 1 1 1 1 1 1
1 1 1 1 1 1 1 5 5 5 5 5 1 1 1 1 1 1
1 1 1 1 1 1 1 5 5 5 5 5 1 1 1 1 1 1
1 1 1 1 1 1 1 1 1 1 1 1 1 1 1 1 1 1
1 1 1 1 1 1 1 1 1 1 1 1 1 1 1 1 1 1
1 1 1 1 1 1 1 1 1 1 1 1 1 4 1 1 1 1
1 1 1 1 1 1 1 1 1 1 1 1 1 1 1 1 1 1
1 1 1 1 1 1 1 1 1 1 1 1 1 1 1 1 1 1
Output:
1 1 1 1 1 1 1 1 1 1 1 1 1 1 1 1 1 1
1 1 1 1 1 1 1 1 4 1 1 1 1 1 1 1 1 1
1 1 1 1 1 1 1 1 4 1 1 1 1 1 1 1 1 1
1 1 1 1 1 1 1 1 4 1 1 4 1 1 1 1 1 1
1 1 1 1 1 1 1 1 4 1 1 4 1 1 1 4 1 1
1 1 4 4 4 4 4 5 5 5 5 5 1 1 1 1 1 1
1 1 1 1 1 1 1 5 5 5 5 5 1 1 1 1 1 1
1 1 1 1 1 1 1 5 5 5 5 5 1 1 1 1 1 1
1 1 1 1 1 1 1 5 5 5 5 5 1 1 1 1 1 1
1 1 1 1 1 1 1 1 1 1 1 1 1 1 1 1 1 1
1 1 1 1 1 1 1 1 1 1 1 1 1 1 1 1 1 1
1 1 1 1 1 1 1 1 1 1 1 1 1 4 1 1 1 1
1 1 1 1 1 1 1 1 1 1 1 1 1 1 1 1 1 1
1 1 1 1 1 1 1 1 1 1 1 1 1 1 1 1 1 1

Example 4:

Input:
2 2 2 2 2 2 2 2 2 2 2 2 2 2 2 2 2 2 2 2 2
2 2 2 2 2 2 2 2 2 1 2 2 2 2 2 2 2 2 2 2 2
2 2 1 2 2 2 2 2 2 2 2 2 2 2 2 2 2 1 2 2 2
2 2 2 2 2 2 2 2 2 2 2 2 2 1 2 2 2 2 2 2 2
2 2 2 2 2 2 2 2 2 2 2 2 2 2 2 2 2 2 2 2 2
2 2 2 2 2 2 2 8 8 8 8 8 8 8 8 2 2 2 2 2 2
2 2 2 2 2 2 2 8 8 8 8 8 8 8 8 2 2 2 2 2 2
2 2 2 2 2 2 2 8 8 8 8 8 8 8 8 2 2 2 2 1 2
2 2 2 2 2 2 2 8 8 8 8 8 8 8 8 2 2 2 2 2 2
2 2 1 2 2 2 2 8 8 8 8 8 8 8 8 2 2 2 2 2 2
2 2 2 2 2 2 2 8 8 8 8 8 8 8 8 2 2 2 2 2 2
2 2 2 2 2 2 2 2 2 2 2 2 2 2 2 2 2 2 2 2 2
2 2 2 2 2 2 2 2 2 2 2 2 2 2 2 2 2 2 2 2 2
2 2 2 2 2 2 2 2 2 2 2 2 2 2 2 1 2 2 2 2 2
2 2 2 2 2 2 2 2 2 2 2 2 2 2 2 2 2 2 2 2 2
2 2 2 2 2 2 2 2 2 2 2 2 2 2 2 2 2 2 2 2 2
2 2 2 2 2 2 2 2 2 2 2 2 2 2 2 2 2 2 2 2 2
2 2 2 1 2 2 2 2 2 2 2 1 2 2 2 2 2 2 2 2 2
2 2 2 2 2 2 2 2 2 2 2 2 2 2 2 2 2 2 2 2 2
Output:
2 2 2 2 2 2 2 2 2 2 2 2 2 2 2 2 2 2 2 2 2
2 2 2 2 2 2 2 2 2 1 2 2 2 2 2 2 2 2 2 2 2
2 2 1 2 2 2 2 2 2 1 2 2 2 2 2 2 2 1 2 2 2
2 2 2 2 2 2 2 2 2 1 2 2 2 1 2 2 2 2 2 2 2
2 2 2 2 2 2 2 2 2 1 2 2 2 1 2 2 2 2 2 2 2
2 2 2 2 2 2 2 8 8 8 8 8 8 8 8 2 2 2 2 2 2
2 2 2 2 2 2 2 8 8 8 8 8 8 8 8 2 2 2 2 2 2
2 2 2 2 2 2 2 8 8 8 8 8 8 8 8 1 1 1 1 1 2
2 2 2 2 2 2 2 8 8 8 8 8 8 8 8 2 2 2 2 2 2
2 2 1 1 1 1 1 8 8 8 8 8 8 8 8 2 2 2 2 2 2
2 2 2 2 2 2 2 8 8 8 8 8 8 8 8 2 2 2 2 2 2
2 2 2 2 2 2 2 2 2 2 2 1 2 2 2 2 2 2 2 2 2
2 2 2 2 2 2 2 2 2 2 2 1 2 2 2 2 2 2 2 2 2
2 2 2 2 2 2 2 2 2 2 2 1 2 2 2 1 2 2 2 2 2
2 2 2 2 2 2 2 2 2 2 2 1 2 2 2 2 2 2 2 2 2
2 2 2 2 2 2 2 2 2 2 2 1 2 2 2 2 2 2 2 2 2
2 2 2 2 2 2 2 2 2 2 2 1 2 2 2 2 2 2 2 2 2
2 2 2 1 2 2 2 2 2 2 2 1 2 2 2 2 2 2 2 2 2
2 2 2 2 2 2 2 2 2 2 2 2 2 2 2 2 2 2 2 2 2

Example 5:

Input:
1 1 1 1 1 1 1 1 1 1
1 1 1 4 4 4 1 1 1 1
1 1 1 4 4 4 1 1 1 1
1 1 1 4 4 4 1 1 1 1
1 1 1 4 4 4 1 1 1 1
1 1 1 4 4 4 1 1 1 1
1 1 1 4 4 4 1 1 1 1
1 1 1 4 4 4 1 1 1 1
1 9 1 4 4 4 1 1 1 1
1 1 1 4 4 4 1 1 1 1
1 1 1 4 4 4 1 1 1 1
1 1 1 4 4 4 1 1 1 1
1 1 1 1 1 1 1 1 1 1
1 1 1 1 1 1 1 1 1 1
1 1 1 1 1 1 1 1 1 1
1 1 1 1 1 1 1 1 1 1
1 1 1 1 1 1 1 1 1 1
1 1 1 1 1 1 1 1 1 1
1 1 1 1 1 1 1 1 1 1
1 1 1 1 9 1 1 1 1 1
1 1 1 1 1 1 1 1 1 1
1 1 1 1 1 1 1 1 1 1
1 1 1 1 1 1 1 1 1 1
Output:
1 1 1 1 1 1 1 1 1 1
1 1 1 4 4 4 1 1 1 1
1 1 1 4 4 4 1 1 1 1
1 1 1 4 4 4 1 1 1 1
1 1 1 4 4 4 1 1 1 1
1 1 1 4 4 4 1 1 1 1
1 1 1 4 4 4 1 1 1 1
1 1 1 4 4 4 1 1 1 1
1 9 9 4 4 4 1 1 1 1
1 1 1 4 4 4 1 1 1 1
1 1 1 4 4 4 1 1 1 1
1 1 1 4 4 4 1 1 1 1
1 1 1 1 9 1 1 1 1 1
1 1 1 1 9 1 1 1 1 1
1 1 1 1 9 1 1 1 1 1
1 1 1 1 9 1 1 1 1 1
1 1 1 1 9 1 1 1 1 1
1 1 1 1 9 1 1 1 1 1
1 1 1 1 9 1 1 1 1 1
1 1 1 1 9 1 1 1 1 1
1 1 1 1 1 1 1 1 1 1
1 1 1 1 1 1 1 1 1 1
1 1 1 1 1 1 1 1 1 1

Example 6:

Input:
4 4 4 4 4 4 4 4 4 8 4
4 4 4 4 4 4 4 4 4 4 4
4 4 9 9 9 9 9 4 4 4 4
4 4 9 9 9 9 9 4 4 4 4
4 4 9 9 9 9 9 4 4 4 4
4 4 9 9 9 9 9 4 4 4 4
4 4 9 9 9 9 9 4 4 4 4
8 4 9 9 9 9 9 4 4 4 4
4 4 9 9 9 9 9 4 4 4 4
4 4 4 4 4 4 4 4 4 4 4
4 4 4 4 4 4 4 4 4 4 4
4 4 8 4 4 4 4 4 4 4 4
4 4 4 4 4 4 4 4 4 4 4
4 4 4 4 4 4 4 4 4 4 4
4 4 4 4 4 4 4 4 4 4 4
4 4 4 4 4 4 4 4 4 4 4
4 4 4 4 4 4 4 4 4 4 4
4 4 4 4 4 4 4 4 4 4 4
Output:
4 4 4 4 4 4 4 4 4 8 4
4 4 4 4 4 4 4 4 4 4 4
4 4 9 9 9 9 9 4 4 4 4
4 4 9 9 9 9 9 4 4 4 4
4 4 9 9 9 9 9 4 4 4 4
4 4 9 9 9 9 9 4 4 4 4
4 4 9 9 9 9 9 4 4 4 4
8 8 9 9 9 9 9 4 4 4 4
4 4 9 9 9 9 9 4 4 4 4
4 4 8 4 4 4 4 4 4 4 4
4 4 8 4 4 4 4 4 4 4 4
4 4 8 4 4 4 4 4 4 4 4
4 4 4 4 4 4 4 4 4 4 4
4 4 4 4 4 4 4 4 4 4 4
4 4 4 4 4 4 4 4 4 4 4
4 4 4 4 4 4 4 4 4 4 4
4 4 4 4 4 4 4 4 4 4 4
4 4 4 4 4 4 4 4 4 4 4

Example 7:

Input:
8 8 8 8 8 8 8 8 8 8 8
8 8 8 8 8 8 8 8 8 8 8
8 8 8 8 8 8 8 8 8 8 8
8 8 8 8 8 8 8 8 8 8 8
8 8 8 8 8 8 8 8 8 8 8
8 7 8 8 8 8 8 8 8 8 8
8 8 8 8 8 8 8 8 8 8 8
8 8 8 8 8 8 8 8 8 8 8
8 8 8 8 8 8 8 8 8 8 8
8 8 8 8 8 8 8 8 8 8 7
8 8 7 8 8 8 8 8 8 8 8
8 8 8 8 5 5 5 8 8 8 8
8 8 8 8 5 5 5 8 8 8 8
8 8 8 8 5 5 5 8 8 8 8
8 8 8 8 8 8 8 8 8 8 8
8 8 8 8 8 8 8 8 8 8 8
8 8 8 8 8 8 8 8 8 8 8
8 8 8 8 8 7 8 8 8 8 8
8 8 8 8 8 8 8 8 8 8 8
8 8 8 8 8 8 8 8 8 8 8
8 8 8 8 8 8 8 8 8 8 8
8 8 8 8 8 8 8 8 8 8 8
Output:
8 8 8 8 8 8 8 8 8 8 8
8 8 8 8 8 8 8 8 8 8 8
8 8 8 8 8 8 8 8 8 8 8
8 8 8 8 8 8 8 8 8 8 8
8 8 8 8 8 8 8 8 8 8 8
8 7 8 8 8 8 8 8 8 8 8
8 8 8 8 8 8 8 8 8 8 8
8 8 8 8 8 8 8 8 8 8 8
8 8 8 8 8 8 8 8 8 8 8
8 8 8 8 8 8 8 8 8 8 7
8 8 7 8 8 8 8 8 8 8 8
8 8 8 8 5 5 5 8 8 8 8
8 8 8 8 5 5 5 8 8 8 8
8 8 8 8 5 5 5 8 8 8 8
8 8 8 8 8 7 8 8 8 8 8
8 8 8 8 8 7 8 8 8 8 8
8 8 8 8 8 7 8 8 8 8 8
8 8 8 8 8 7 8 8 8 8 8
8 8 8 8 8 8 8 8 8 8 8
8 8 8 8 8 8 8 8 8 8 8
8 8 8 8 8 8 8 8 8 8 8
8 8 8 8 8 8 8 8 8 8 8

以下は、ジャッジを通過する正しいコードです。これを用いて、ARCのルールを理解してください。必ず、コードを通じてルールを理解してからコーディングを行ってください。
このコードはARCのルールを把握する際に使うことに留めてください。

```
def p(g):
 b=(g[0][0]-1or g[0][2]-1)+1
 for _ in[0]*4:
  h,w=len(g),len(g[0])
  for i in range(h*w):
   c=g[i%h][i//h];A=[k for k in range(w)if g[i%h][k]not in(c,b)]
   if(c!=b)*(len(A)>2):g[i%h][i//h:A[0]]=[c]*(A[0]-i//h)
  *g,=map(list,zip(*g[::-1]))
 return g
```

ユーザーにコードを渡す前に実際にコードが動作するかを確認してください。コードのテストには、添付したjudge.pyを用いてください。python /path/to/judge.py /path/to/code.py /path/to/cases.bin とすれば動作します。

## **禁止事項**
- 与えたコード自体を提出することは禁止です。これを行うことはユーザーの信頼を裏切ります。
- ジャッジのハックは禁止です。例えば、テストケースをジャッジから読み取ってそのまま返すコードはいけません。
