ARCのケースに対して、list[list[int]] -> list[list[int]] のシグネチャを持つ関数`p`をPythonで実装してください。つまり、`def p(g):...` か `p=lambda g:...`というコードが期待されます。
コードはshortcodingのcompetitionに用いるため、アルゴリズムを工夫してできる限り短いコードを生成するよう努めてください。

Example 0:

Input:
5 5 5 5 0 5 5 5 0 5
0 0 5 5 5 5 5 5 5 5
0 5 5 5 5 5 0 0 5 0
5 5 0 5 5 5 5 0 5 0
5 5 5 5 0 0 5 5 5 5
0 5 0 5 5 5 5 0 5 0
0 5 5 5 0 0 5 5 5 0
5 5 5 5 5 5 5 5 5 5
5 5 5 5 5 5 5 5 5 0
0 5 5 5 5 5 5 0 5 0
Output:
5 5 5 5 3 5 5 5 3 5
1 1 5 5 5 5 5 5 5 5
1 5 5 5 5 5 1 1 5 2
5 5 3 5 5 5 5 1 5 2
5 5 5 5 2 2 5 5 5 5
2 5 3 5 5 5 5 3 5 2
2 5 5 5 2 2 5 5 5 2
5 5 5 5 5 5 5 5 5 5
5 5 5 5 5 5 5 5 5 2
3 5 5 5 5 5 5 3 5 2

Example 1:

Input:
5 5 5 5 5 0 0 5 5 5
0 0 5 0 5 5 5 5 5 0
5 5 5 5 5 0 5 0 0 5
5 0 5 5 5 0 5 5 5 5
5 5 5 5 5 5 5 5 0 5
5 5 5 5 0 5 5 5 5 5
0 0 5 5 0 5 0 0 5 0
5 5 5 5 5 5 5 0 5 5
0 5 5 5 5 5 0 5 5 0
0 0 5 5 5 5 5 5 0 5
Output:
5 5 5 5 5 2 2 5 5 5
2 2 5 3 5 5 5 5 5 3
5 5 5 5 5 2 5 2 2 5
5 3 5 5 5 2 5 5 5 5
5 5 5 5 5 5 5 5 3 5
5 5 5 5 2 5 5 5 5 5
2 2 5 5 2 5 1 1 5 3
5 5 5 5 5 5 5 1 5 5
1 5 5 5 5 5 3 5 5 3
1 1 5 5 5 5 5 5 3 5

Example 2:

Input:
0 0 5 5 0 5 5 5 0 5
5 5 0 0 5 5 5 5 0 5
5 0 5 0 5 0 5 5 0 5
5 0 5 5 0 5 5 5 5 5
5 5 5 0 0 5 5 0 5 0
5 5 0 5 5 5 5 0 5 0
5 5 0 5 5 0 5 5 5 5
5 5 5 0 5 5 5 5 5 5
5 0 5 5 5 0 5 0 5 5
5 5 0 5 5 5 5 5 5 5
Output:
2 2 5 5 3 5 5 5 1 5
5 5 1 1 5 5 5 5 1 5
5 2 5 1 5 3 5 5 1 5
5 2 5 5 1 5 5 5 5 5
5 5 5 1 1 5 5 2 5 2
5 5 2 5 5 5 5 2 5 2
5 5 2 5 5 3 5 5 5 5
5 5 5 3 5 5 5 5 5 5
5 3 5 5 5 3 5 3 5 5
5 5 3 5 5 5 5 5 5 5

Example 3:

Input:
0 5 5 5 5 5 0 0 5 5
5 5 5 0 5 5 0 5 0 5
5 5 0 5 5 5 5 5 0 5
5 0 0 5 5 5 5 5 5 5
0 5 5 5 5 5 0 5 5 5
0 5 5 0 5 5 0 5 0 0
5 5 0 5 5 5 5 5 0 5
5 5 0 5 5 5 5 5 5 0
0 0 5 5 5 5 0 5 5 5
5 5 5 5 0 5 0 0 5 0
Output:
3 5 5 5 5 5 1 1 5 5
5 5 5 3 5 5 1 5 2 5
5 5 1 5 5 5 5 5 2 5
5 1 1 5 5 5 5 5 5 5
2 5 5 5 5 5 2 5 5 5
2 5 5 3 5 5 2 5 1 1
5 5 2 5 5 5 5 5 1 5
5 5 2 5 5 5 5 5 5 3
2 2 5 5 5 5 1 5 5 5
5 5 5 5 3 5 1 1 5 3

Example 4:

Input:
0 5 0 5 5 5 5 5 5 5
5 5 0 5 0 5 5 5 5 5
5 5 5 0 0 5 5 5 5 5
5 0 5 5 5 5 5 0 5 5
5 5 0 0 0 5 5 5 5 5
0 5 5 5 5 0 0 5 5 0
0 5 5 0 5 0 5 0 0 5
5 0 5 5 5 5 5 0 5 0
0 0 5 0 0 5 5 5 0 5
5 5 5 5 0 5 5 5 5 5
Output:
3 5 2 5 5 5 5 5 5 5
5 5 2 5 1 5 5 5 5 5
5 5 5 1 1 5 5 5 5 5
5 3 5 5 5 5 5 3 5 5
5 5 1 1 1 5 5 5 5 5
2 5 5 5 5 1 1 5 5 3
2 5 5 3 5 1 5 1 1 5
5 1 5 5 5 5 5 1 5 3
1 1 5 1 1 5 5 5 3 5
5 5 5 5 1 5 5 5 5 5

Example 5:

Input:
5 0 5 5 5 5 5 5 5 5
5 5 5 0 5 0 5 0 5 5
0 5 5 5 5 5 5 0 0 5
0 0 5 5 5 5 5 5 5 5
5 5 0 0 5 5 5 5 0 5
0 5 5 0 5 5 5 5 0 0
5 5 5 5 0 0 5 5 5 5
5 0 5 0 5 0 5 5 5 5
5 5 5 5 5 5 5 0 0 0
5 5 0 5 5 5 5 5 5 5
Output:
5 3 5 5 5 5 5 5 5 5
5 5 5 3 5 3 5 1 5 5
1 5 5 5 5 5 5 1 1 5
1 1 5 5 5 5 5 5 5 5
5 5 1 1 5 5 5 5 1 5
3 5 5 1 5 5 5 5 1 1
5 5 5 5 1 1 5 5 5 5
5 3 5 3 5 1 5 5 5 5
5 5 5 5 5 5 5 1 1 1
5 5 3 5 5 5 5 5 5 5

Example 6:

Input:
5 0 5 0 0 5 5 5 5 5
5 5 5 5 5 5 5 5 5 5
0 5 0 0 5 0 5 5 5 5
0 5 5 0 5 0 5 5 5 5
5 5 0 5 5 0 5 0 5 0
5 5 0 5 5 5 0 0 5 0
5 5 0 5 5 5 5 5 5 5
0 5 5 5 0 5 5 5 5 0
5 5 5 5 0 5 0 5 5 5
0 0 5 5 0 5 0 0 5 5
Output:
5 3 5 2 2 5 5 5 5 5
5 5 5 5 5 5 5 5 5 5
2 5 1 1 5 1 5 5 5 5
2 5 5 1 5 1 5 5 5 5
5 5 1 5 5 1 5 1 5 2
5 5 1 5 5 5 1 1 5 2
5 5 1 5 5 5 5 5 5 5
3 5 5 5 1 5 5 5 5 3
5 5 5 5 1 5 1 5 5 5
2 2 5 5 1 5 1 1 5 5

Example 7:

Input:
0 5 5 5 5 5 5 5 5 5
0 5 0 5 5 5 5 5 5 5
5 5 5 5 5 5 5 5 5 5
5 0 5 5 0 5 5 0 0 5
5 0 5 5 5 5 5 5 0 5
5 0 5 5 5 5 5 5 5 5
0 5 5 0 5 0 5 0 5 5
5 0 5 5 5 0 5 0 0 5
0 0 5 5 5 0 5 5 5 5
5 5 0 5 5 5 5 5 5 5
Output:
2 5 5 5 5 5 5 5 5 5
2 5 3 5 5 5 5 5 5 5
5 5 5 5 5 5 5 5 5 5
5 1 5 5 3 5 5 1 1 5
5 1 5 5 5 5 5 5 1 5
5 1 5 5 5 5 5 5 5 5
3 5 5 3 5 1 5 1 5 5
5 1 5 5 5 1 5 1 1 5
1 1 5 5 5 1 5 5 5 5
5 5 3 5 5 5 5 5 5 5

以下は、ジャッジを通過する正しいコードです。これを用いて、ARCのルールを理解してください。必ず、コードを通じてルールを理解してからコーディングを行ってください。
このコードはARCのルールを把握する際に使うことに留めてください。

```
def p(g):
 n,m=len(g),len(g[0])
 for i in range(n):
  for j in range(m):
   if not g[i][j]:
    q=[(i,j)];g[i][j]=1
    for(x,y)in q:
     for(u,v)in(x+1,y),(x-1,y),(x,y+1),(x,y-1):
      if 0<=u<n and 0<=v<m and not g[u][v]:g[u][v]=1;q+=[(u,v)]
    k=4-len(q)
    for(x,y)in q:g[x][y]=k
 return g
```

ユーザーにコードを渡す前に実際にコードが動作するかを確認してください。コードのテストには、添付したjudge.pyを用いてください。python /path/to/judge.py /path/to/code.py /path/to/cases.bin とすれば動作します。

## **禁止事項**
- 与えたコード自体を提出することは禁止です。これを行うことはユーザーの信頼を裏切ります。
- ジャッジのハックは禁止です。例えば、テストケースをジャッジから読み取ってそのまま返すコードはいけません。
