ARCのケースに対して、list[list[int]] -> list[list[int]] のシグネチャを持つ関数`p`をPythonで実装してください。つまり、`def p(g):...` か `p=lambda g:...`というコードが期待されます。
コードはshortcodingのcompetitionに用いるため、アルゴリズムを工夫してできる限り短いコードを生成するよう努めてください。

Example 0:

Input:
0 0 0 0 9 0 0 0 0 0
0 0 0 0 0 0 0 0 0 0
0 0 0 0 0 0 0 0 0 0
0 0 0 0 8 8 0 0 0 0
0 0 0 0 8 8 0 0 0 0
0 0 0 0 8 8 0 0 0 0
6 0 0 0 8 8 0 0 0 0
0 0 0 0 0 0 0 0 0 0
0 0 0 0 0 0 0 0 0 0
0 0 0 0 0 4 0 0 0 0
Output:
0 0 0 0 9 0 0 0 0 0
0 0 0 0 0 0 0 0 0 0
0 0 0 0 0 0 0 0 0 0
0 0 0 0 9 8 0 0 0 0
0 0 0 0 8 8 0 0 0 0
0 0 0 0 8 8 0 0 0 0
6 0 0 0 6 4 0 0 0 0
0 0 0 0 0 0 0 0 0 0
0 0 0 0 0 0 0 0 0 0
0 0 0 0 0 4 0 0 0 0

Example 1:

Input:
0 0 0 0 7 0 0 0 0 0
0 0 0 0 0 0 0 0 0 0
0 0 0 0 0 0 0 0 0 0
6 0 0 8 8 8 0 0 0 0
0 0 0 8 8 8 0 0 0 0
0 0 0 8 8 8 0 0 0 2
0 0 0 8 8 8 0 0 0 0
3 0 0 8 8 8 0 0 0 0
0 0 0 0 0 0 0 0 0 0
0 0 0 0 0 1 0 0 0 0
Output:
0 0 0 0 7 0 0 0 0 0
0 0 0 0 0 0 0 0 0 0
0 0 0 0 0 0 0 0 0 0
6 0 0 6 7 8 0 0 0 0
0 0 0 8 8 8 0 0 0 0
0 0 0 8 8 2 0 0 0 2
0 0 0 8 8 8 0 0 0 0
3 0 0 3 8 1 0 0 0 0
0 0 0 0 0 0 0 0 0 0
0 0 0 0 0 1 0 0 0 0

Example 2:

Input:
0 0 0 4 0 0 0 0 0 0
0 0 0 0 0 0 0 0 0 0
0 0 0 0 0 0 0 0 0 0
0 0 0 8 8 8 0 0 0 6
3 0 0 8 8 8 0 0 0 0
0 0 0 8 8 8 0 0 0 0
2 0 0 8 8 8 0 0 0 0
0 0 0 8 8 8 0 0 0 2
0 0 0 0 0 0 0 0 0 0
0 0 0 7 0 0 0 0 0 0
Output:
0 0 0 4 0 0 0 0 0 0
0 0 0 0 0 0 0 0 0 0
0 0 0 0 0 0 0 0 0 0
0 0 0 4 8 6 0 0 0 6
3 0 0 3 8 8 0 0 0 0
0 0 0 8 8 8 0 0 0 0
2 0 0 2 8 8 0 0 0 0
0 0 0 7 8 2 0 0 0 2
0 0 0 0 0 0 0 0 0 0
0 0 0 7 0 0 0 0 0 0

Example 3:

Input:
0 0 0 6 0 2 0 0 0 0
0 0 0 0 0 0 0 0 0 0
0 0 0 0 0 0 0 0 0 0
9 0 8 8 8 8 0 0 0 0
0 0 8 8 8 8 0 0 0 7
3 0 8 8 8 8 0 0 0 0
4 0 8 8 8 8 0 0 0 0
0 0 0 0 0 0 0 0 0 0
0 0 0 0 0 0 0 0 0 0
0 0 0 0 6 0 0 0 0 0
Output:
0 0 0 6 0 2 0 0 0 0
0 0 0 0 0 0 0 0 0 0
0 0 0 0 0 0 0 0 0 0
9 0 9 6 8 2 0 0 0 0
0 0 8 8 8 7 0 0 0 7
3 0 3 8 8 8 0 0 0 0
4 0 4 8 6 8 0 0 0 0
0 0 0 0 0 0 0 0 0 0
0 0 0 0 0 0 0 0 0 0
0 0 0 0 6 0 0 0 0 0

Example 4:

Input:
0 0 1 4 0 0 0 0 0 0
0 0 0 0 0 0 0 0 0 0
0 0 0 0 0 0 0 0 0 0
0 0 8 8 8 8 0 0 0 2
0 0 8 8 8 8 0 0 0 0
0 0 0 0 0 0 0 0 0 0
0 0 0 0 0 0 0 0 0 0
0 0 0 0 0 0 0 0 0 0
0 0 0 0 0 0 0 0 0 0
0 0 0 0 0 7 0 0 0 0
Output:
0 0 1 4 0 0 0 0 0 0
0 0 0 0 0 0 0 0 0 0
0 0 0 0 0 0 0 0 0 0
0 0 1 4 8 2 0 0 0 2
0 0 8 8 8 7 0 0 0 0
0 0 0 0 0 0 0 0 0 0
0 0 0 0 0 0 0 0 0 0
0 0 0 0 0 0 0 0 0 0
0 0 0 0 0 0 0 0 0 0
0 0 0 0 0 7 0 0 0 0

Example 5:

Input:
0 0 0 0 0 0 0 0 0 0
0 0 0 0 0 0 0 0 0 0
0 0 0 0 0 0 0 0 0 0
0 0 0 0 8 8 0 0 0 0
9 0 0 0 8 8 0 0 0 0
0 0 0 0 8 8 0 0 0 0
0 0 0 0 8 8 0 0 0 0
0 0 0 0 0 0 0 0 0 0
0 0 0 0 0 0 0 0 0 0
0 0 0 0 0 9 0 0 0 0
Output:
0 0 0 0 0 0 0 0 0 0
0 0 0 0 0 0 0 0 0 0
0 0 0 0 0 0 0 0 0 0
0 0 0 0 8 8 0 0 0 0
9 0 0 0 9 8 0 0 0 0
0 0 0 0 8 8 0 0 0 0
0 0 0 0 8 9 0 0 0 0
0 0 0 0 0 0 0 0 0 0
0 0 0 0 0 0 0 0 0 0
0 0 0 0 0 9 0 0 0 0

Example 6:

Input:
0 0 0 0 0 0 0 0 0 0
0 0 0 0 0 0 0 0 0 0
0 0 0 0 0 0 0 0 0 0
0 0 0 0 8 8 0 0 0 0
3 0 0 0 8 8 0 0 0 6
0 0 0 0 8 8 0 0 0 2
2 0 0 0 8 8 0 0 0 7
0 0 0 0 8 8 0 0 0 0
0 0 0 0 0 0 0 0 0 0
0 0 0 0 0 0 0 0 0 0
Output:
0 0 0 0 0 0 0 0 0 0
0 0 0 0 0 0 0 0 0 0
0 0 0 0 0 0 0 0 0 0
0 0 0 0 8 8 0 0 0 0
3 0 0 0 3 6 0 0 0 6
0 0 0 0 8 2 0 0 0 2
2 0 0 0 2 7 0 0 0 7
0 0 0 0 8 8 0 0 0 0
0 0 0 0 0 0 0 0 0 0
0 0 0 0 0 0 0 0 0 0

Example 7:

Input:
0 0 0 0 5 0 0 0 0 0
0 0 0 0 0 0 0 0 0 0
0 0 0 0 0 0 0 0 0 0
0 0 0 8 8 8 0 0 0 0
0 0 0 8 8 8 0 0 0 0
1 0 0 8 8 8 0 0 0 0
0 0 0 0 0 0 0 0 0 0
0 0 0 0 0 0 0 0 0 0
0 0 0 0 0 0 0 0 0 0
0 0 0 0 0 0 0 0 0 0
Output:
0 0 0 0 5 0 0 0 0 0
0 0 0 0 0 0 0 0 0 0
0 0 0 0 0 0 0 0 0 0
0 0 0 8 5 8 0 0 0 0
0 0 0 8 8 8 0 0 0 0
1 0 0 1 8 8 0 0 0 0
0 0 0 0 0 0 0 0 0 0
0 0 0 0 0 0 0 0 0 0
0 0 0 0 0 0 0 0 0 0
0 0 0 0 0 0 0 0 0 0

以下は、ジャッジを通過する正しいコードです。これを用いて、ARCのルールを理解してください。必ず、コードを通じてルールを理解してからコーディングを行ってください。
このコードはARCのルールを把握する際に使うことに留めてください。

```
p=lambda g,c=-3:c*g or p([[[l*s[0]or v,v][l:=l*(v!=8)]for v in s]for s in zip(*g[::-1])if(l:=1)],c+1)
```

ユーザーにコードを渡す前に実際にコードが動作するかを確認してください。コードのテストには、添付したjudge.pyを用いてください。python /path/to/judge.py /path/to/code.py /path/to/cases.bin とすれば動作します。

## **禁止事項**
- 与えたコード自体を提出することは禁止です。これを行うことはユーザーの信頼を裏切ります。
- ジャッジのハックは禁止です。例えば、テストケースをジャッジから読み取ってそのまま返すコードはいけません。
