ARCのケースに対して、list[list[int]] -> list[list[int]] のシグネチャを持つ関数`p`をPythonで実装してください。つまり、`def p(g):...` か `p=lambda g:...`というコードが期待されます。
コードはshortcodingのcompetitionに用いるため、アルゴリズムを工夫してできる限り短いコードを生成するよう努めてください。

Example 0:

Input:
0 0 0 0 0 0 0 0 0
4 4 4 0 0 0 0 0 0
4 0 4 0 0 0 0 0 0
0 0 4 0 0 0 0 0 0
0 0 0 0 0 4 4 0 0
0 0 0 0 0 0 4 4 0
0 0 0 0 0 4 0 4 0
0 0 0 0 0 0 0 0 0
0 0 0 0 0 0 0 0 0
Output:
0 0 0 0 0 0 0 0 0
4 4 4 0 0 0 0 0 0
4 7 4 0 0 0 0 0 0
7 7 4 0 0 0 0 0 0
0 0 0 0 0 4 4 7 0
0 0 0 0 0 7 4 4 0
0 0 0 0 0 4 7 4 0
0 0 0 0 0 0 0 0 0
0 0 0 0 0 0 0 0 0

Example 1:

Input:
0 0 0 0 0 0 0 0 0
4 4 4 0 0 0 0 0 0
0 4 4 0 0 0 0 0 0
4 4 4 0 0 0 0 0 0
0 0 0 0 0 4 4 4 0
0 0 0 0 0 0 4 0 0
0 0 0 0 0 0 4 0 0
0 0 0 0 0 0 0 0 0
0 0 0 0 0 0 0 0 0
Output:
0 0 0 0 0 0 0 0 0
4 4 4 0 0 0 0 0 0
7 4 4 0 0 0 0 0 0
4 4 4 0 0 0 0 0 0
0 0 0 0 0 4 4 4 0
0 0 0 0 0 7 4 7 0
0 0 0 0 0 7 4 7 0
0 0 0 0 0 0 0 0 0
0 0 0 0 0 0 0 0 0

Example 2:

Input:
0 0 0 0 0 0 0 0 0
0 0 0 0 4 0 0 0 0
0 0 4 4 0 0 0 0 0
0 0 4 0 0 0 0 0 0
0 0 0 0 0 0 0 0 0
0 0 0 0 0 0 0 0 0
0 0 0 0 0 4 0 0 0
0 0 0 0 0 4 4 4 0
0 0 0 0 0 0 4 0 0
Output:
0 0 0 0 0 0 0 0 0
0 0 7 7 4 0 0 0 0
0 0 4 4 7 0 0 0 0
0 0 4 7 7 0 0 0 0
0 0 0 0 0 0 0 0 0
0 0 0 0 0 0 0 0 0
0 0 0 0 0 4 7 7 0
0 0 0 0 0 4 4 4 0
0 0 0 0 0 7 4 7 0

Example 3:

Input:
0 0 0 0 0 0 0 0 0
4 0 0 0 0 0 0 0 0
4 0 4 0 0 0 0 0 0
0 4 0 0 0 0 0 0 0
0 0 0 0 0 0 4 4 0
0 0 0 0 0 4 0 0 0
0 0 0 0 0 4 0 0 0
0 0 0 0 0 0 0 0 0
0 0 0 0 0 0 0 0 0
Output:
0 0 0 0 0 0 0 0 0
4 7 7 0 0 0 0 0 0
4 7 4 0 0 0 0 0 0
7 4 7 0 0 0 0 0 0
0 0 0 0 0 7 4 4 0
0 0 0 0 0 4 7 7 0
0 0 0 0 0 4 7 7 0
0 0 0 0 0 0 0 0 0
0 0 0 0 0 0 0 0 0

Example 4:

Input:
0 0 0 0 0 0 0 0 0
0 0 4 0 0 0 0 0 0
0 0 0 4 4 0 0 0 0
0 0 0 4 0 0 0 0 0
0 0 0 0 0 0 0 0 0
0 0 0 0 0 0 0 0 0
0 0 0 0 0 4 0 4 0
0 0 0 0 0 4 4 4 0
0 0 0 0 0 0 0 4 0
Output:
0 0 0 0 0 0 0 0 0
0 0 4 7 7 0 0 0 0
0 0 7 4 4 0 0 0 0
0 0 7 4 7 0 0 0 0
0 0 0 0 0 0 0 0 0
0 0 0 0 0 0 0 0 0
0 0 0 0 0 4 7 4 0
0 0 0 0 0 4 4 4 0
0 0 0 0 0 7 7 4 0

Example 5:

Input:
0 0 0 0 0 0 0 0 0
0 0 4 4 0 0 0 0 0
0 0 0 0 4 0 0 0 0
0 0 4 4 0 0 0 0 0
0 0 0 0 0 0 0 0 0
0 0 0 0 0 0 0 0 0
0 0 0 0 0 0 4 0 0
0 0 0 0 0 4 0 4 0
0 0 0 0 0 4 0 0 0
Output:
0 0 0 0 0 0 0 0 0
0 0 4 4 7 0 0 0 0
0 0 7 7 4 0 0 0 0
0 0 4 4 7 0 0 0 0
0 0 0 0 0 0 0 0 0
0 0 0 0 0 0 0 0 0
0 0 0 0 0 7 4 7 0
0 0 0 0 0 4 7 4 0
0 0 0 0 0 4 7 7 0

Example 6:

Input:
0 0 0 0 0 0 0 0 0
4 4 0 0 0 0 0 0 0
4 4 0 0 0 0 0 0 0
0 0 4 0 0 0 0 0 0
0 0 0 0 0 4 0 4 0
0 0 0 0 0 0 4 0 0
0 0 0 0 0 4 0 0 0
0 0 0 0 0 0 0 0 0
0 0 0 0 0 0 0 0 0
Output:
0 0 0 0 0 0 0 0 0
4 4 7 0 0 0 0 0 0
4 4 7 0 0 0 0 0 0
7 7 4 0 0 0 0 0 0
0 0 0 0 0 4 7 4 0
0 0 0 0 0 7 4 7 0
0 0 0 0 0 4 7 7 0
0 0 0 0 0 0 0 0 0
0 0 0 0 0 0 0 0 0

Example 7:

Input:
0 0 0 0 0 0 0 0 0
0 0 0 4 4 0 0 0 0
0 0 4 0 4 0 0 0 0
0 0 0 0 4 0 0 0 0
0 0 0 0 0 0 0 0 0
0 0 0 0 0 0 0 0 0
0 0 0 0 0 0 4 4 0
0 0 0 0 0 4 0 0 0
0 0 0 0 0 4 0 0 0
Output:
0 0 0 0 0 0 0 0 0
0 0 7 4 4 0 0 0 0
0 0 4 7 4 0 0 0 0
0 0 7 7 4 0 0 0 0
0 0 0 0 0 0 0 0 0
0 0 0 0 0 0 0 0 0
0 0 0 0 0 7 4 4 0
0 0 0 0 0 4 7 7 0
0 0 0 0 0 4 7 7 0

以下は、ジャッジを通過する正しいコードです。これを用いて、ARCのルールを理解してください。必ず、コードを通じてルールを理解してからコーディングを行ってください。
このコードはARCのルールを把握する際に使うことに留めてください。

```
from itertools import product
def p(j,A=range):
 for(c,B)in product(A(len(j)-2),A(len(j[0])-2)):
  k=A(c,c+3)
  if not all(4in i for i in[j[c][B:B+3],j[c+2][B:B+3],[j[A][B]for A in k],[j[A][B+2]for A in k]]):continue
  for(C,l)in product(k,A(B,B+3)):j[C][l]+=7*(j[C][l]==0)
 return j
```

ユーザーにコードを渡す前に実際にコードが動作するかを確認してください。コードのテストには、添付したstandalone_judge.pyを用いてください。python /path/to/standalone_judge.py /path/to/code.py とすれば動作します。
このPythonファイルは非常に大きなケースを含むので、あなたのコンテキストを圧迫します。そのため、このファイルを全て読んではいけません。

## **禁止事項**
- 与えたコード自体を提出することは禁止です。これを行うことはユーザーの信頼を裏切ります。
- ジャッジのハックは禁止です。例えば、テストケースをジャッジから読み取ってそのまま返すコードはいけません。
