ARCのケースに対して、list[list[int]] -> list[list[int]] のシグネチャを持つ関数`p`をPythonで実装してください。つまり、`def p(g):...` か `p=lambda g:...`というコードが期待されます。
コードはshortcodingのcompetitionに用いるため、アルゴリズムを工夫してできる限り短いコードを生成するよう努めてください。

Example 0:

Input:
0 0 0 0 0 0 0 0 0 0 0 0 0
0 0 0 0 0 0 8 8 0 0 0 0 0
0 0 0 0 0 0 8 0 0 0 0 0 0
0 2 2 0 0 0 0 0 0 0 0 0 0
0 0 2 0 0 0 0 0 0 0 0 0 0
0 0 0 0 0 0 0 0 0 0 0 0 0
0 0 0 0 0 0 0 0 0 0 0 0 0
0 0 0 0 0 0 0 0 1 0 0 0 0
0 0 0 0 0 0 0 1 1 0 0 0 0
0 0 0 3 0 0 0 0 0 0 0 0 0
0 0 0 3 3 0 0 0 0 0 0 0 0
0 0 0 0 0 0 0 0 0 0 0 0 0
0 0 0 0 0 0 0 0 0 0 0 0 0
Output:
8 8 2 2
8 0 0 2
3 0 0 1
3 3 1 1

Example 1:

Input:
0 0 0 0 0 0 0 0 0 0 0 0 0
0 0 0 0 0 0 0 0 8 8 0 0 0
0 0 0 0 0 0 0 0 0 8 0 0 0
0 0 1 1 0 0 0 0 0 0 0 0 0
0 0 1 0 0 0 0 0 0 0 0 0 0
0 0 0 0 0 0 0 0 2 0 0 0 0
0 0 0 0 0 0 0 2 2 0 0 0 0
0 0 0 0 0 0 0 0 0 0 0 0 0
0 0 0 0 0 0 0 0 0 0 0 0 0
0 0 0 0 4 0 0 0 0 0 0 0 0
0 0 0 0 4 4 0 0 0 0 0 0 0
0 0 0 0 0 0 0 0 0 0 0 0 0
0 0 0 0 0 0 0 0 0 0 0 0 0
Output:
1 1 8 8
1 0 0 8
4 0 0 2
4 4 2 2

Example 2:

Input:
0 0 0 0 0 0 0 0 0 0 0 0 0
0 0 0 0 0 0 0 0 0 0 0 0 0
0 0 0 6 0 0 0 0 0 0 8 8 0
0 0 6 6 0 0 0 0 0 0 0 8 0
0 0 0 0 0 0 0 0 0 0 0 0 0
0 0 0 0 0 0 0 0 0 0 0 0 0
0 0 0 0 0 0 1 0 0 0 0 0 0
0 0 0 0 0 0 1 1 0 0 0 0 0
0 0 0 0 0 0 0 0 0 0 0 0 0
0 0 3 3 0 0 0 0 0 0 0 0 0
0 0 3 0 0 0 0 0 0 0 0 0 0
0 0 0 0 0 0 0 0 0 0 0 0 0
0 0 0 0 0 0 0 0 0 0 0 0 0
Output:
3 3 8 8
3 0 0 8
1 0 0 6
1 1 6 6

Example 3:

Input:
0 0 0 6 0 0 0 0 0 0 0 0 0
0 0 0 6 6 0 0 0 0 0 0 0 0
0 0 0 0 0 0 9 9 0 0 0 0 0
0 0 0 0 0 0 9 0 0 0 0 0 0
0 0 0 0 0 0 0 0 0 0 0 0 0
0 0 4 0 0 0 0 0 0 0 0 0 0
0 4 4 0 0 0 0 0 0 0 0 0 0
0 0 0 0 0 0 0 0 0 0 0 0 0
0 0 0 0 0 0 0 0 0 2 2 0 0
0 0 0 0 0 0 0 0 0 0 2 0 0
0 0 0 0 0 0 0 0 0 0 0 0 0
0 0 0 0 0 0 0 0 0 0 0 0 0
0 0 0 0 0 0 0 0 0 0 0 0 0
Output:
9 9 2 2
9 0 0 2
6 0 0 4
6 6 4 4

Example 4:

Input:
0 0 0 0 0 0 0 0 0 0 0 0 0
0 0 0 0 0 0 0 0 0 7 0 0 0
0 0 0 0 0 0 0 0 7 7 0 0 0
0 0 0 0 0 0 0 0 0 0 0 0 0
0 0 0 0 0 0 0 0 0 0 0 0 0
0 0 0 0 0 0 0 0 0 0 0 0 0
0 0 0 0 0 0 0 0 0 0 0 0 0
0 0 0 0 0 0 0 0 0 0 0 0 0
0 0 0 0 0 6 6 0 0 0 0 0 0
0 0 0 0 0 0 6 0 0 0 0 0 0
0 5 0 0 0 0 0 0 0 0 0 0 0
0 5 5 0 0 0 0 0 0 0 0 2 2
0 0 0 0 0 0 0 0 0 0 0 2 0
Output:
2 2 6 6
2 0 0 6
5 0 0 7
5 5 7 7

Example 5:

Input:
0 0 0 0 0 0 0 0 0 0 0 0 0
0 0 0 0 0 0 0 0 0 0 0 0 0
0 0 0 0 0 0 0 0 0 0 0 0 0
0 0 0 0 0 0 0 0 0 0 0 0 0
0 0 0 0 0 0 0 0 0 0 0 0 0
0 0 0 0 0 0 8 8 0 0 0 0 0
0 0 1 0 0 0 0 8 0 0 0 0 0
0 0 1 1 0 0 0 0 0 0 0 0 0
0 0 0 0 0 0 0 0 0 0 0 0 0
0 0 0 0 0 0 0 0 0 0 0 0 0
0 0 2 2 0 0 7 0 0 0 0 0 0
0 0 2 0 0 7 7 0 0 0 0 0 0
0 0 0 0 0 0 0 0 0 0 0 0 0
Output:
2 2 8 8
2 0 0 8
1 0 0 7
1 1 7 7

Example 6:

Input:
3 3 0 0 0 0 0 0 0 0 0 0 0
0 3 0 0 0 0 0 0 0 0 0 0 0
0 0 0 0 0 0 0 0 0 0 0 0 0
0 0 0 0 0 0 0 0 1 0 0 0 0
0 0 0 0 0 0 0 1 1 0 0 0 0
0 0 0 0 0 0 0 0 0 0 0 0 0
0 0 0 0 0 0 0 0 0 0 0 0 0
0 0 0 0 0 0 0 0 0 0 0 0 0
6 6 0 0 0 0 0 0 0 0 0 0 0
6 0 0 0 9 0 0 0 0 0 0 0 0
0 0 0 0 9 9 0 0 0 0 0 0 0
0 0 0 0 0 0 0 0 0 0 0 0 0
0 0 0 0 0 0 0 0 0 0 0 0 0
Output:
6 6 3 3
6 0 0 3
9 0 0 1
9 9 1 1

Example 7:

Input:
0 0 2 0 0 0 0 0 0 0 0 0 0
0 0 2 2 0 0 0 0 0 0 0 0 0
0 0 0 0 0 0 0 0 0 0 0 0 0
0 0 0 0 0 0 0 0 0 0 0 0 0
0 8 8 0 0 0 0 0 0 0 0 0 0
0 8 0 0 0 0 0 0 0 0 0 0 0
0 0 0 0 0 0 0 0 0 0 0 0 0
0 0 0 0 0 0 0 0 0 0 0 0 0
0 0 0 0 6 0 0 0 0 0 0 0 0
0 0 0 6 6 0 0 0 0 0 0 0 0
0 0 0 0 0 0 0 9 9 0 0 0 0
0 0 0 0 0 0 0 0 9 0 0 0 0
0 0 0 0 0 0 0 0 0 0 0 0 0
Output:
8 8 9 9
8 0 0 9
2 0 0 6
2 2 6 6

以下は、ジャッジを通過する正しいコードです。これを用いて、ARCのルールを理解してください。必ず、コードを通じてルールを理解してからコーディングを行ってください。
このコードはARCのルールを把握する際に使うことに留めてください。

```
def p(g):
 n=len(g)-1;A=[0]*16
 for i in range(n):
  for j in range(n):
   if(c:=g[i][j])and g[i+1][j]==c and g[i][j+1]==c:A[0]=A[4]=A[1]=c
   if c and g[i+1][j]==c and g[i+1][j+1]==c:A[8]=A[12]=A[13]=c
   if c and g[i][j+1]==c and g[i+1][j+1]==c:A[2]=A[3]=A[7]=c
   if(d:=g[i+1][j+1])and g[i+1][j]==d and g[i][j+1]==d:A[11]=A[14]=A[15]=d
 return[A[i:i+4]for i in(0,4,8,12)]
```

ユーザーにコードを渡す前に実際にコードが動作するかを確認してください。コードのテストには、添付したstandalone_judge.pyを用いてください。python /path/to/standalone_judge.py /path/to/code.py とすれば動作します。
このPythonファイルは非常に大きなケースを含むので、あなたのコンテキストを圧迫します。そのため、このファイルを全て読んではいけません。

## **禁止事項**
- 与えたコード自体を提出することは禁止です。これを行うことはユーザーの信頼を裏切ります。
- ジャッジのハックは禁止です。例えば、テストケースをジャッジから読み取ってそのまま返すコードはいけません。
