ARCのケースに対して、list[list[int]] -> list[list[int]] のシグネチャを持つ関数`p`をPythonで実装してください。つまり、`def p(g):...` か `p=lambda g:...`というコードが期待されます。
コードはshortcodingのcompetitionに用いるため、アルゴリズムを工夫してできる限り短いコードを生成するよう努めてください。

Example 0:

Input:
0 0 0 0 0 0 0 0 0 0 0 0 0
0 3 3 0 1 1 0 1 1 0 1 1 0
0 0 0 0 0 0 0 0 0 0 0 0 0
0 1 1 0 1 1 0 4 4 0 4 4 0
0 0 0 0 0 0 0 0 0 0 0 0 0
0 1 1 0 4 4 0 1 1 0 1 1 0
0 0 0 0 0 0 0 0 0 0 0 0 0
0 2 2 0 1 1 0 1 1 0 1 1 0
0 0 0 0 0 0 0 0 0 0 0 0 0
0 1 1 0 2 2 0 1 1 0 1 1 0
0 0 0 0 0 0 0 0 0 0 0 0 0
0 1 1 0 1 1 0 1 1 0 1 1 0
0 0 0 0 0 0 0 0 0 0 0 0 0
Output:
4
2
3

Example 1:

Input:
0 0 0 0 0 0 0 0 0 0 0 0 0 0 0 0
0 6 6 0 8 8 0 8 8 0 8 8 0 8 8 0
0 0 0 0 0 0 0 0 0 0 0 0 0 0 0 0
0 8 8 0 8 8 0 2 2 0 6 6 0 8 8 0
0 0 0 0 0 0 0 0 0 0 0 0 0 0 0 0
0 1 1 0 8 8 0 1 1 0 8 8 0 8 8 0
0 0 0 0 0 0 0 0 0 0 0 0 0 0 0 0
0 8 8 0 1 1 0 8 8 0 8 8 0 8 8 0
0 0 0 0 0 0 0 0 0 0 0 0 0 0 0 0
0 8 8 0 8 8 0 6 6 0 8 8 0 6 6 0
0 0 0 0 0 0 0 0 0 0 0 0 0 0 0 0
0 8 8 0 8 8 0 8 8 0 8 8 0 8 8 0
0 0 0 0 0 0 0 0 0 0 0 0 0 0 0 0
Output:
6
1
2

Example 2:

Input:
0 0 0 0 0 0 0 0 0 0
0 3 3 0 3 3 0 3 3 0
0 0 0 0 0 0 0 0 0 0
0 1 1 0 3 3 0 3 3 0
0 0 0 0 0 0 0 0 0 0
0 3 3 0 8 8 0 3 3 0
0 0 0 0 0 0 0 0 0 0
0 3 3 0 8 8 0 3 3 0
0 0 0 0 0 0 0 0 0 0
0 3 3 0 2 2 0 2 2 0
0 0 0 0 0 0 0 0 0 0
0 2 2 0 3 3 0 3 3 0
0 0 0 0 0 0 0 0 0 0
Output:
2
8
1

Example 3:

Input:
0 0 0 0 0 0 0 0 0 0 0 0 0
0 1 1 0 1 1 0 8 8 0 1 1 0
0 0 0 0 0 0 0 0 0 0 0 0 0
0 1 1 0 2 2 0 1 1 0 2 2 0
0 0 0 0 0 0 0 0 0 0 0 0 0
0 2 2 0 1 1 0 1 1 0 1 1 0
0 0 0 0 0 0 0 0 0 0 0 0 0
0 1 1 0 1 1 0 8 8 0 1 1 0
0 0 0 0 0 0 0 0 0 0 0 0 0
0 1 1 0 8 8 0 1 1 0 4 4 0
0 0 0 0 0 0 0 0 0 0 0 0 0
0 1 1 0 8 8 0 1 1 0 1 1 0
0 0 0 0 0 0 0 0 0 0 0 0 0
Output:
8
2
4

Example 4:

Input:
0 0 0 0 0 0 0 0 0 0 0 0 0
0 2 2 0 4 4 0 2 2 0 2 2 0
0 0 0 0 0 0 0 0 0 0 0 0 0
0 1 1 0 2 2 0 4 4 0 2 2 0
0 0 0 0 0 0 0 0 0 0 0 0 0
0 8 8 0 2 2 0 2 2 0 8 8 0
0 0 0 0 0 0 0 0 0 0 0 0 0
0 2 2 0 2 2 0 1 1 0 2 2 0
0 0 0 0 0 0 0 0 0 0 0 0 0
0 4 4 0 2 2 0 2 2 0 2 2 0
0 0 0 0 0 0 0 0 0 0 0 0 0
0 2 2 0 1 1 0 2 2 0 4 4 0
0 0 0 0 0 0 0 0 0 0 0 0 0
0 2 2 0 2 2 0 4 4 0 2 2 0
0 0 0 0 0 0 0 0 0 0 0 0 0
Output:
4
1
8

Example 5:

Input:
0 0 0 0 0 0 0 0 0 0 0 0 0 0 0 0
0 3 3 0 8 8 0 8 8 0 3 3 0 5 5 0
0 0 0 0 0 0 0 0 0 0 0 0 0 0 0 0
0 8 8 0 8 8 0 8 8 0 5 5 0 8 8 0
0 0 0 0 0 0 0 0 0 0 0 0 0 0 0 0
0 8 8 0 8 8 0 8 8 0 8 8 0 8 8 0
0 0 0 0 0 0 0 0 0 0 0 0 0 0 0 0
0 3 3 0 8 8 0 8 8 0 8 8 0 8 8 0
0 0 0 0 0 0 0 0 0 0 0 0 0 0 0 0
0 1 1 0 8 8 0 8 8 0 8 8 0 8 8 0
0 0 0 0 0 0 0 0 0 0 0 0 0 0 0 0
0 8 8 0 8 8 0 8 8 0 8 8 0 8 8 0
0 0 0 0 0 0 0 0 0 0 0 0 0 0 0 0
Output:
3
5
1

Example 6:

Input:
0 0 0 0 0 0 0 0 0 0
0 2 2 0 9 9 0 2 2 0
0 0 0 0 0 0 0 0 0 0
0 9 9 0 9 9 0 9 9 0
0 0 0 0 0 0 0 0 0 0
0 8 8 0 5 5 0 9 9 0
0 0 0 0 0 0 0 0 0 0
0 2 2 0 8 8 0 8 8 0
0 0 0 0 0 0 0 0 0 0
0 9 9 0 9 9 0 9 9 0
0 0 0 0 0 0 0 0 0 0
0 9 9 0 9 9 0 9 9 0
0 0 0 0 0 0 0 0 0 0
0 9 9 0 5 5 0 2 2 0
0 0 0 0 0 0 0 0 0 0
Output:
2
8
5

Example 7:

Input:
0 0 0 0 0 0 0 0 0 0
0 2 2 0 6 6 0 2 2 0
0 0 0 0 0 0 0 0 0 0
0 2 2 0 1 1 0 2 2 0
0 0 0 0 0 0 0 0 0 0
0 2 2 0 6 6 0 1 1 0
0 0 0 0 0 0 0 0 0 0
0 1 1 0 2 2 0 2 2 0
0 0 0 0 0 0 0 0 0 0
0 1 1 0 2 2 0 2 2 0
0 0 0 0 0 0 0 0 0 0
0 2 2 0 2 2 0 6 6 0
0 0 0 0 0 0 0 0 0 0
0 2 2 0 2 2 0 3 3 0
0 0 0 0 0 0 0 0 0 0
Output:
1
6
3

以下は、ジャッジを通過する正しいコードです。これを用いて、ARCのルールを理解してください。必ず、コードを通じてルールを理解してからコーディングを行ってください。
このコードはARCのルールを把握する際に使うことに留めてください。

```
p=lambda g:[[v]for v in sorted({*sum(g,[])},key=sum(g,[]).count)[2::-1]]
```

ユーザーにコードを渡す前に実際にコードが動作するかを確認してください。コードのテストには、添付したstandalone_judge.pyを用いてください。python /path/to/standalone_judge.py /path/to/code.py とすれば動作します。
このPythonファイルは非常に大きなケースを含むので、あなたのコンテキストを圧迫します。そのため、このファイルを全て読んではいけません。

## **禁止事項**
- 与えたコード自体を提出することは禁止です。これを行うことはユーザーの信頼を裏切ります。
- ジャッジのハックは禁止です。例えば、テストケースをジャッジから読み取ってそのまま返すコードはいけません。
