ARCのケースに対して、list[list[int]] -> list[list[int]] のシグネチャを持つ関数`p`をPythonで実装してください。つまり、`def p(g):...` か `p=lambda g:...`というコードが期待されます。
コードはshortcodingのcompetitionに用いるため、アルゴリズムを工夫してできる限り短いコードを生成するよう努めてください。

Example 0:

Input:
9 1 4
9 1 4
2 1 1
Output:
9 1 4
9 1 4
2 1 1
2 1 1
9 1 4
9 1 4

Example 1:

Input:
4 8 4
7 6 7
8 7 8
Output:
4 8 4
7 6 7
8 7 8
8 7 8
7 6 7
4 8 4

Example 2:

Input:
7 7 7
9 5 5
5 1 7
Output:
7 7 7
9 5 5
5 1 7
5 1 7
9 5 5
7 7 7

Example 3:

Input:
2 6 9
2 6 9
2 9 2
Output:
2 6 9
2 6 9
2 9 2
2 9 2
2 6 9
2 6 9

Example 4:

Input:
2 9 2
8 5 2
2 2 8
Output:
2 9 2
8 5 2
2 2 8
2 2 8
8 5 2
2 9 2

Example 5:

Input:
2 9 6
4 2 9
4 4 9
Output:
2 9 6
4 2 9
4 4 9
4 4 9
4 2 9
2 9 6

Example 6:

Input:
2 6 7
7 7 6
2 2 2
Output:
2 6 7
7 7 6
2 2 2
2 2 2
7 7 6
2 6 7

Example 7:

Input:
1 7 8
7 8 1
8 1 1
Output:
1 7 8
7 8 1
8 1 1
8 1 1
7 8 1
1 7 8

以下は、ジャッジを通過する正しいコードです。これを用いて、ARCのルールを理解してください。必ず、コードを通じてルールを理解してからコーディングを行ってください。
このコードはARCのルールを把握する際に使うことに留めてください。

```
p=lambda g:g+g[::-1]
```

ユーザーにコードを渡す前に実際にコードが動作するかを確認してください。コードのテストには、添付したjudge.pyを用いてください。python /path/to/judge.py /path/to/code.py /path/to/cases.bin とすれば動作します。

## **禁止事項**
- 与えたコード自体を提出することは禁止です。これを行うことはユーザーの信頼を裏切ります。
- ジャッジのハックは禁止です。例えば、テストケースをジャッジから読み取ってそのまま返すコードはいけません。
