ARCのケースに対して、list[list[int]] -> list[list[int]] のシグネチャを持つ関数`p`をPythonで実装してください。つまり、`def p(g):...` か `p=lambda g:...`というコードが期待されます。
コードはshortcodingのcompetitionに用いるため、アルゴリズムを工夫してできる限り短いコードを生成するよう努めてください。

Example 0:

Input:
0 0 0 0 0 0 0 0 0 0
0 0 0 0 0 0 0 0 0 0
2 2 2 0 0 0 0 0 0 0
2 2 2 0 0 0 0 2 2 0
2 2 2 0 0 0 0 2 2 0
0 0 0 0 0 0 0 2 2 0
0 0 0 2 2 0 0 2 2 0
0 0 0 2 2 0 0 2 2 0
0 0 0 2 2 0 0 0 0 0
0 0 0 2 2 0 0 0 0 0
Output:
0 0 0 0 0 0 0 0 0 0
0 0 0 0 0 0 0 0 0 0
2 2 2 0 0 0 0 0 0 0
2 2 2 9 9 9 9 2 2 0
2 2 2 9 9 9 9 2 2 0
0 0 0 0 0 0 0 2 2 0
0 0 0 2 2 9 9 2 2 0
0 0 0 2 2 9 9 2 2 0
0 0 0 2 2 0 0 0 0 0
0 0 0 2 2 0 0 0 0 0

Example 1:

Input:
2 2 0 0 0 0 0 0 0 0
2 2 0 0 0 0 0 0 0 0
2 2 0 0 0 0 0 2 2 2
2 2 0 0 0 0 0 2 2 2
0 0 0 0 0 0 0 2 2 2
0 0 0 2 2 0 0 2 2 2
0 0 0 2 2 0 0 0 0 0
0 0 0 2 2 0 0 0 0 0
0 0 0 2 2 0 2 2 2 2
0 0 0 0 0 0 2 2 2 2
Output:
2 2 0 0 0 0 0 0 0 0
2 2 0 0 0 0 0 0 0 0
2 2 9 9 9 9 9 2 2 2
2 2 9 9 9 9 9 2 2 2
0 0 0 0 0 0 0 2 2 2
0 0 0 2 2 9 9 2 2 2
0 0 0 2 2 0 0 0 0 0
0 0 0 2 2 0 0 0 0 0
0 0 0 2 2 9 2 2 2 2
0 0 0 0 0 0 2 2 2 2

Example 2:

Input:
0 0 0 0 0 0 2 2 2 2
2 2 2 2 0 0 2 2 2 2
2 2 2 2 0 0 0 0 0 0
2 2 2 2 0 2 2 2 0 0
0 0 0 0 0 2 2 2 0 0
0 0 0 0 0 2 2 2 0 0
0 0 0 0 0 2 2 2 0 2
2 2 2 2 0 2 2 2 0 2
2 2 2 2 0 2 2 2 0 2
2 2 2 2 0 0 0 0 0 2
Output:
0 0 0 0 0 0 2 2 2 2
2 2 2 2 9 9 2 2 2 2
2 2 2 2 0 0 0 0 0 0
2 2 2 2 9 2 2 2 0 0
0 0 0 0 0 2 2 2 0 0
0 0 0 0 0 2 2 2 0 0
0 0 0 0 0 2 2 2 9 2
2 2 2 2 9 2 2 2 9 2
2 2 2 2 9 2 2 2 9 2
2 2 2 2 0 0 0 0 0 2

Example 3:

Input:
2 2 2 0 0 0 0 0 0 0
2 2 2 0 0 0 2 2 2 2
0 0 0 0 0 0 2 2 2 2
0 2 2 2 0 0 2 2 2 2
0 2 2 2 0 0 0 0 0 0
0 2 2 2 0 2 2 2 2 0
0 2 2 2 0 2 2 2 2 0
0 2 2 2 0 0 0 0 0 0
0 0 0 0 0 0 0 0 0 0
0 0 0 0 0 0 0 0 0 0
Output:
2 2 2 0 0 0 0 0 0 0
2 2 2 9 9 9 2 2 2 2
0 0 0 0 0 0 2 2 2 2
0 2 2 2 9 9 2 2 2 2
0 2 2 2 0 0 0 0 0 0
0 2 2 2 9 2 2 2 2 0
0 2 2 2 9 2 2 2 2 0
0 2 2 2 0 0 0 0 0 0
0 0 0 0 0 0 0 0 0 0
0 0 0 0 0 0 0 0 0 0

Example 4:

Input:
0 2 2 0 0 0 0 0 0 0
0 2 2 0 0 0 2 2 2 2
0 2 2 0 0 0 2 2 2 2
0 0 0 0 0 0 2 2 2 2
0 0 0 0 0 0 0 0 0 0
0 0 0 0 2 2 0 0 2 2
0 0 0 0 2 2 0 0 2 2
2 0 0 0 2 2 0 0 2 2
2 0 0 0 2 2 0 0 0 0
2 0 0 0 0 0 0 0 0 0
Output:
0 2 2 0 0 0 0 0 0 0
0 2 2 9 9 9 2 2 2 2
0 2 2 9 9 9 2 2 2 2
0 0 0 0 0 0 2 2 2 2
0 0 0 0 0 0 0 0 0 0
0 0 0 0 2 2 9 9 2 2
0 0 0 0 2 2 9 9 2 2
2 9 9 9 2 2 9 9 2 2
2 9 9 9 2 2 0 0 0 0
2 0 0 0 0 0 0 0 0 0

Example 5:

Input:
0 0 2 0 0 0 0 0 0 0
0 0 2 0 0 2 2 2 0 0
0 0 2 0 0 2 2 2 0 0
0 0 2 0 0 0 0 0 0 0
0 0 2 0 0 0 0 0 0 2
0 0 2 0 0 0 0 0 0 2
0 0 0 0 0 0 0 0 0 2
0 0 0 0 0 0 0 0 0 2
0 0 0 0 0 0 0 0 0 2
0 0 0 0 0 0 0 0 0 2
Output:
0 0 2 0 0 0 0 0 0 0
0 0 2 9 9 2 2 2 0 0
0 0 2 9 9 2 2 2 0 0
0 0 2 0 0 0 0 0 0 0
0 0 2 9 9 9 9 9 9 2
0 0 2 9 9 9 9 9 9 2
0 0 0 0 0 0 0 0 0 2
0 0 0 0 0 0 0 0 0 2
0 0 0 0 0 0 0 0 0 2
0 0 0 0 0 0 0 0 0 2

Example 6:

Input:
0 2 2 0 0 0 0 0 0 0
0 2 2 0 0 2 2 2 2 0
0 0 0 0 0 2 2 2 2 0
0 0 0 0 0 2 2 2 2 0
0 0 0 2 0 2 2 2 2 0
0 0 0 2 0 2 2 2 2 0
0 0 0 2 0 0 0 0 0 0
0 0 0 2 0 0 0 0 0 0
0 0 0 0 0 0 0 2 2 0
0 0 0 0 0 0 0 2 2 0
Output:
0 2 2 0 0 0 0 0 0 0
0 2 2 9 9 2 2 2 2 0
0 0 0 0 0 2 2 2 2 0
0 0 0 0 0 2 2 2 2 0
0 0 0 2 9 2 2 2 2 0
0 0 0 2 9 2 2 2 2 0
0 0 0 2 0 0 0 0 0 0
0 0 0 2 0 0 0 0 0 0
0 0 0 0 0 0 0 2 2 0
0 0 0 0 0 0 0 2 2 0

Example 7:

Input:
0 0 0 0 0 0 0 0 0 0
0 0 0 0 0 0 2 0 0 0
2 2 2 2 0 0 2 0 0 0
2 2 2 2 0 0 2 0 2 2
2 2 2 2 0 0 2 0 2 2
2 2 2 2 0 0 2 0 0 0
0 0 0 0 0 0 0 0 0 0
0 0 2 2 0 0 0 0 0 0
0 0 2 2 0 2 2 0 0 0
0 0 0 0 0 2 2 0 0 0
Output:
0 0 0 0 0 0 0 0 0 0
0 0 0 0 0 0 2 0 0 0
2 2 2 2 9 9 2 0 0 0
2 2 2 2 9 9 2 9 2 2
2 2 2 2 9 9 2 9 2 2
2 2 2 2 9 9 2 0 0 0
0 0 0 0 0 0 0 0 0 0
0 0 2 2 0 0 0 0 0 0
0 0 2 2 9 2 2 0 0 0
0 0 0 0 0 2 2 0 0 0

以下は、ジャッジを通過する正しいコードです。これを用いて、ARCのルールを理解してください。必ず、コードを通じてルールを理解してからコーディングを行ってください。
このコードはARCのルールを把握する際に使うことに留めてください。

```
def p(g,R=range):
 n=len(g)
 for i in R(1,n-1):
  s=a=0
  for j in R(n):
   x=g[i][j];s=[s,1][s<1and x>1]
   if s==1and x<1:s=2;a=[a,j][~a]
   if s>1and x>1:
    for u in R(a,j):g[i][u]=9;s=1;a=0
 return g
```

ユーザーにコードを渡す前に実際にコードが動作するかを確認してください。コードのテストには、添付したstandalone_judge.pyを用いてください。python /path/to/standalone_judge.py /path/to/code.py とすれば動作します。
このPythonファイルは非常に大きなケースを含むので、あなたのコンテキストを圧迫します。そのため、このファイルを全て読んではいけません。

## **禁止事項**
- 与えたコード自体を提出することは禁止です。これを行うことはユーザーの信頼を裏切ります。
- ジャッジのハックは禁止です。例えば、テストケースをジャッジから読み取ってそのまま返すコードはいけません。
