ARCのケースに対して、list[list[int]] -> list[list[int]] のシグネチャを持つ関数`p`をPythonで実装してください。つまり、`def p(g):...` か `p=lambda g:...`というコードが期待されます。
コードはshortcodingのcompetitionに用いるため、アルゴリズムを工夫してできる限り短いコードを生成するよう努めてください。

Example 0:

Input:
0 0 0 0 0 0
0 0 0 0 0 0
0 0 0 0 0 0
0 0 0 0 0 0
0 0 0 0 0 0
0 0 0 0 0 0
Output:
3 3 3 3 3 3
0 0 0 0 0 3
3 3 3 3 0 3
3 0 3 3 0 3
3 0 0 0 0 3
3 3 3 3 3 3

Example 1:

Input:
0 0 0 0 0 0 0 0
0 0 0 0 0 0 0 0
0 0 0 0 0 0 0 0
0 0 0 0 0 0 0 0
0 0 0 0 0 0 0 0
0 0 0 0 0 0 0 0
0 0 0 0 0 0 0 0
0 0 0 0 0 0 0 0
Output:
3 3 3 3 3 3 3 3
0 0 0 0 0 0 0 3
3 3 3 3 3 3 0 3
3 0 0 0 0 3 0 3
3 0 3 3 0 3 0 3
3 0 3 3 3 3 0 3
3 0 0 0 0 0 0 3
3 3 3 3 3 3 3 3

Example 2:

Input:
0 0 0 0 0 0 0 0 0 0 0 0 0 0 0
0 0 0 0 0 0 0 0 0 0 0 0 0 0 0
0 0 0 0 0 0 0 0 0 0 0 0 0 0 0
0 0 0 0 0 0 0 0 0 0 0 0 0 0 0
0 0 0 0 0 0 0 0 0 0 0 0 0 0 0
0 0 0 0 0 0 0 0 0 0 0 0 0 0 0
0 0 0 0 0 0 0 0 0 0 0 0 0 0 0
0 0 0 0 0 0 0 0 0 0 0 0 0 0 0
0 0 0 0 0 0 0 0 0 0 0 0 0 0 0
0 0 0 0 0 0 0 0 0 0 0 0 0 0 0
0 0 0 0 0 0 0 0 0 0 0 0 0 0 0
0 0 0 0 0 0 0 0 0 0 0 0 0 0 0
0 0 0 0 0 0 0 0 0 0 0 0 0 0 0
0 0 0 0 0 0 0 0 0 0 0 0 0 0 0
0 0 0 0 0 0 0 0 0 0 0 0 0 0 0
Output:
3 3 3 3 3 3 3 3 3 3 3 3 3 3 3
0 0 0 0 0 0 0 0 0 0 0 0 0 0 3
3 3 3 3 3 3 3 3 3 3 3 3 3 0 3
3 0 0 0 0 0 0 0 0 0 0 0 3 0 3
3 0 3 3 3 3 3 3 3 3 3 0 3 0 3
3 0 3 0 0 0 0 0 0 0 3 0 3 0 3
3 0 3 0 3 3 3 3 3 0 3 0 3 0 3
3 0 3 0 3 0 0 0 3 0 3 0 3 0 3
3 0 3 0 3 0 3 3 3 0 3 0 3 0 3
3 0 3 0 3 0 0 0 0 0 3 0 3 0 3
3 0 3 0 3 3 3 3 3 3 3 0 3 0 3
3 0 3 0 0 0 0 0 0 0 0 0 3 0 3
3 0 3 3 3 3 3 3 3 3 3 3 3 0 3
3 0 0 0 0 0 0 0 0 0 0 0 0 0 3
3 3 3 3 3 3 3 3 3 3 3 3 3 3 3

Example 3:

Input:
0 0 0 0 0 0 0 0 0 0 0 0 0
0 0 0 0 0 0 0 0 0 0 0 0 0
0 0 0 0 0 0 0 0 0 0 0 0 0
0 0 0 0 0 0 0 0 0 0 0 0 0
0 0 0 0 0 0 0 0 0 0 0 0 0
0 0 0 0 0 0 0 0 0 0 0 0 0
0 0 0 0 0 0 0 0 0 0 0 0 0
0 0 0 0 0 0 0 0 0 0 0 0 0
0 0 0 0 0 0 0 0 0 0 0 0 0
0 0 0 0 0 0 0 0 0 0 0 0 0
0 0 0 0 0 0 0 0 0 0 0 0 0
0 0 0 0 0 0 0 0 0 0 0 0 0
0 0 0 0 0 0 0 0 0 0 0 0 0
Output:
3 3 3 3 3 3 3 3 3 3 3 3 3
0 0 0 0 0 0 0 0 0 0 0 0 3
3 3 3 3 3 3 3 3 3 3 3 0 3
3 0 0 0 0 0 0 0 0 0 3 0 3
3 0 3 3 3 3 3 3 3 0 3 0 3
3 0 3 0 0 0 0 0 3 0 3 0 3
3 0 3 0 3 3 3 0 3 0 3 0 3
3 0 3 0 3 0 0 0 3 0 3 0 3
3 0 3 0 3 3 3 3 3 0 3 0 3
3 0 3 0 0 0 0 0 0 0 3 0 3
3 0 3 3 3 3 3 3 3 3 3 0 3
3 0 0 0 0 0 0 0 0 0 0 0 3
3 3 3 3 3 3 3 3 3 3 3 3 3

Example 4:

Input:
0 0 0 0 0 0 0 0 0 0
0 0 0 0 0 0 0 0 0 0
0 0 0 0 0 0 0 0 0 0
0 0 0 0 0 0 0 0 0 0
0 0 0 0 0 0 0 0 0 0
0 0 0 0 0 0 0 0 0 0
0 0 0 0 0 0 0 0 0 0
0 0 0 0 0 0 0 0 0 0
0 0 0 0 0 0 0 0 0 0
0 0 0 0 0 0 0 0 0 0
Output:
3 3 3 3 3 3 3 3 3 3
0 0 0 0 0 0 0 0 0 3
3 3 3 3 3 3 3 3 0 3
3 0 0 0 0 0 0 3 0 3
3 0 3 3 3 3 0 3 0 3
3 0 3 0 3 3 0 3 0 3
3 0 3 0 0 0 0 3 0 3
3 0 3 3 3 3 3 3 0 3
3 0 0 0 0 0 0 0 0 3
3 3 3 3 3 3 3 3 3 3

Example 5:

Input:
0 0 0 0 0 0 0 0 0 0 0 0 0 0 0 0 0 0
0 0 0 0 0 0 0 0 0 0 0 0 0 0 0 0 0 0
0 0 0 0 0 0 0 0 0 0 0 0 0 0 0 0 0 0
0 0 0 0 0 0 0 0 0 0 0 0 0 0 0 0 0 0
0 0 0 0 0 0 0 0 0 0 0 0 0 0 0 0 0 0
0 0 0 0 0 0 0 0 0 0 0 0 0 0 0 0 0 0
0 0 0 0 0 0 0 0 0 0 0 0 0 0 0 0 0 0
0 0 0 0 0 0 0 0 0 0 0 0 0 0 0 0 0 0
0 0 0 0 0 0 0 0 0 0 0 0 0 0 0 0 0 0
0 0 0 0 0 0 0 0 0 0 0 0 0 0 0 0 0 0
0 0 0 0 0 0 0 0 0 0 0 0 0 0 0 0 0 0
0 0 0 0 0 0 0 0 0 0 0 0 0 0 0 0 0 0
0 0 0 0 0 0 0 0 0 0 0 0 0 0 0 0 0 0
0 0 0 0 0 0 0 0 0 0 0 0 0 0 0 0 0 0
0 0 0 0 0 0 0 0 0 0 0 0 0 0 0 0 0 0
0 0 0 0 0 0 0 0 0 0 0 0 0 0 0 0 0 0
0 0 0 0 0 0 0 0 0 0 0 0 0 0 0 0 0 0
0 0 0 0 0 0 0 0 0 0 0 0 0 0 0 0 0 0
Output:
3 3 3 3 3 3 3 3 3 3 3 3 3 3 3 3 3 3
0 0 0 0 0 0 0 0 0 0 0 0 0 0 0 0 0 3
3 3 3 3 3 3 3 3 3 3 3 3 3 3 3 3 0 3
3 0 0 0 0 0 0 0 0 0 0 0 0 0 0 3 0 3
3 0 3 3 3 3 3 3 3 3 3 3 3 3 0 3 0 3
3 0 3 0 0 0 0 0 0 0 0 0 0 3 0 3 0 3
3 0 3 0 3 3 3 3 3 3 3 3 0 3 0 3 0 3
3 0 3 0 3 0 0 0 0 0 0 3 0 3 0 3 0 3
3 0 3 0 3 0 3 3 3 3 0 3 0 3 0 3 0 3
3 0 3 0 3 0 3 0 3 3 0 3 0 3 0 3 0 3
3 0 3 0 3 0 3 0 0 0 0 3 0 3 0 3 0 3
3 0 3 0 3 0 3 3 3 3 3 3 0 3 0 3 0 3
3 0 3 0 3 0 0 0 0 0 0 0 0 3 0 3 0 3
3 0 3 0 3 3 3 3 3 3 3 3 3 3 0 3 0 3
3 0 3 0 0 0 0 0 0 0 0 0 0 0 0 3 0 3
3 0 3 3 3 3 3 3 3 3 3 3 3 3 3 3 0 3
3 0 0 0 0 0 0 0 0 0 0 0 0 0 0 0 0 3
3 3 3 3 3 3 3 3 3 3 3 3 3 3 3 3 3 3

Example 6:

Input:
0 0 0 0 0 0 0
0 0 0 0 0 0 0
0 0 0 0 0 0 0
0 0 0 0 0 0 0
0 0 0 0 0 0 0
0 0 0 0 0 0 0
0 0 0 0 0 0 0
Output:
3 3 3 3 3 3 3
0 0 0 0 0 0 3
3 3 3 3 3 0 3
3 0 0 0 3 0 3
3 0 3 3 3 0 3
3 0 0 0 0 0 3
3 3 3 3 3 3 3

Example 7:

Input:
0 0 0 0 0 0 0 0
0 0 0 0 0 0 0 0
0 0 0 0 0 0 0 0
0 0 0 0 0 0 0 0
0 0 0 0 0 0 0 0
0 0 0 0 0 0 0 0
0 0 0 0 0 0 0 0
0 0 0 0 0 0 0 0
Output:
3 3 3 3 3 3 3 3
0 0 0 0 0 0 0 3
3 3 3 3 3 3 0 3
3 0 0 0 0 3 0 3
3 0 3 3 0 3 0 3
3 0 3 3 3 3 0 3
3 0 0 0 0 0 0 3
3 3 3 3 3 3 3 3

以下は、ジャッジを通過する正しいコードです。これを用いて、ARCのルールを理解してください。必ず、コードを通じてルールを理解してからコーディングを行ってください。
このコードはARCのルールを把握する際に使うことに留めてください。

```
def p(g):
 q=range;n=len(g);r=[[0]*n for _ in q(n)];x,y=0,0;A=[(0,1),(1,0),(0,-1),(-1,0)]
 for i in q(n):
  r[x][y]=3
  if i<n-1:y+=1
 m=n-1;d=1
 while m>0:
  for _ in q(2):
   if m>0:
    x,y=x+A[d][0],y+A[d][1]
    for i in q(m):
     r[x][y]=3
     if i<m-1:x,y=x+A[d][0],y+A[d][1]
    d=(d+1)%4
  m-=2
 return r
```

ユーザーにコードを渡す前に実際にコードが動作するかを確認してください。コードのテストには、添付したjudge.pyを用いてください。python /path/to/judge.py /path/to/code.py /path/to/cases.bin とすれば動作します。

## **禁止事項**
- 与えたコード自体を提出することは禁止です。これを行うことはユーザーの信頼を裏切ります。
- ジャッジのハックは禁止です。例えば、テストケースをジャッジから読み取ってそのまま返すコードはいけません。
