ARCのケースに対して、list[list[int]] -> list[list[int]] のシグネチャを持つ関数`p`をPythonで実装してください。つまり、`def p(g):...` か `p=lambda g:...`というコードが期待されます。
コードはshortcodingのcompetitionに用いるため、アルゴリズムを工夫してできる限り短いコードを生成するよう努めてください。

Example 0:

Input:
0 0 0 0 0 0 0 0 0 0
0 0 0 0 0 0 0 0 0 0
0 0 0 3 3 0 0 0 0 0
0 0 0 3 3 0 0 0 0 0
0 0 0 2 3 0 3 3 3 3
0 0 0 3 3 0 3 3 2 3
0 0 0 3 3 0 0 0 0 0
0 0 0 3 3 0 0 0 0 0
0 0 0 0 0 0 0 0 0 0
0 0 0 0 0 0 0 0 0 0
Output:
0 0 0 0 0 0 0 0 0 0
0 0 0 0 0 0 0 0 0 0
0 0 0 3 3 0 0 0 0 0
3 3 3 3 3 0 0 0 0 0
2 2 2 2 3 0 3 3 3 3
3 3 3 3 3 0 3 3 2 3
0 0 0 3 3 0 0 3 2 3
0 0 0 3 3 0 0 3 2 3
0 0 0 0 0 0 0 3 2 3
0 0 0 0 0 0 0 3 2 3

Example 1:

Input:
0 0 0 0 0 0 0 0 0 0 0 0 0 0 0 0 0 0 0 0
0 0 0 0 0 0 0 0 0 0 0 0 0 0 0 0 0 0 0 0
0 0 0 0 0 0 0 0 0 0 0 0 0 0 0 0 0 0 0 0
0 0 0 0 0 0 0 0 0 0 0 0 0 0 0 0 0 0 0 0
0 3 3 3 3 3 3 3 3 3 3 3 3 3 2 3 3 3 3 0
0 3 3 3 3 3 3 3 3 3 3 3 3 3 3 3 3 3 3 0
0 0 0 0 0 0 0 0 0 0 0 0 0 0 0 0 0 0 0 0
0 0 0 0 0 0 0 0 0 0 0 0 0 0 0 0 0 0 0 0
0 0 0 0 0 0 0 0 0 0 0 0 0 0 0 0 0 0 0 0
0 0 0 0 0 0 0 0 0 0 0 0 0 0 0 0 0 0 0 0
0 0 0 0 0 0 0 3 3 3 0 0 0 0 0 0 0 0 0 0
0 0 0 0 0 0 0 3 3 3 0 0 0 0 0 0 0 0 0 0
0 0 0 0 0 0 0 3 3 3 0 0 0 0 0 0 0 0 0 0
0 0 0 0 0 0 0 3 3 3 0 0 0 0 0 0 0 0 0 0
0 0 0 0 0 0 0 3 3 3 0 0 0 0 0 0 0 0 0 0
0 0 0 0 0 0 0 3 3 2 0 0 0 0 0 0 0 0 0 0
0 0 0 0 0 0 0 3 3 3 0 0 0 0 0 0 0 0 0 0
0 0 0 0 0 0 0 3 3 3 0 0 0 0 0 0 0 0 0 0
0 0 0 0 0 0 0 3 3 3 0 0 0 0 0 0 0 0 0 0
0 0 0 0 0 0 0 3 3 3 0 0 0 0 0 0 0 0 0 0
Output:
0 0 0 0 0 0 0 0 0 0 0 0 0 3 2 3 0 0 0 0
0 0 0 0 0 0 0 0 0 0 0 0 0 3 2 3 0 0 0 0
0 0 0 0 0 0 0 0 0 0 0 0 0 3 2 3 0 0 0 0
0 0 0 0 0 0 0 0 0 0 0 0 0 3 2 3 0 0 0 0
0 3 3 3 3 3 3 3 3 3 3 3 3 3 2 3 3 3 3 0
0 3 3 3 3 3 3 3 3 3 3 3 3 3 3 3 3 3 3 0
0 0 0 0 0 0 0 0 0 0 0 0 0 0 0 0 0 0 0 0
0 0 0 0 0 0 0 0 0 0 0 0 0 0 0 0 0 0 0 0
0 0 0 0 0 0 0 0 0 0 0 0 0 0 0 0 0 0 0 0
0 0 0 0 0 0 0 0 0 0 0 0 0 0 0 0 0 0 0 0
0 0 0 0 0 0 0 3 3 3 0 0 0 0 0 0 0 0 0 0
0 0 0 0 0 0 0 3 3 3 0 0 0 0 0 0 0 0 0 0
0 0 0 0 0 0 0 3 3 3 0 0 0 0 0 0 0 0 0 0
0 0 0 0 0 0 0 3 3 3 3 3 3 3 3 3 3 3 3 3
0 0 0 0 0 0 0 3 3 3 3 3 3 3 3 3 3 3 3 3
0 0 0 0 0 0 0 3 3 2 2 2 2 2 2 2 2 2 2 2
0 0 0 0 0 0 0 3 3 3 3 3 3 3 3 3 3 3 3 3
0 0 0 0 0 0 0 3 3 3 3 3 3 3 3 3 3 3 3 3
0 0 0 0 0 0 0 3 3 3 0 0 0 0 0 0 0 0 0 0
0 0 0 0 0 0 0 3 3 3 0 0 0 0 0 0 0 0 0 0

Example 2:

Input:
0 0 0 0 0 0 0 0 0 0 0 0 0 0 0 0 0 0 0 0
0 0 0 0 0 0 0 0 0 0 0 0 0 0 0 0 0 0 0 0
0 0 0 0 0 0 0 0 0 0 0 0 0 0 0 0 0 0 0 0
3 3 3 3 3 2 3 3 3 3 3 3 3 3 0 0 0 0 0 0
3 3 3 3 3 3 3 3 3 3 3 3 3 3 0 0 0 0 0 0
3 3 3 3 3 3 3 3 3 3 3 3 3 3 0 0 0 0 0 0
0 0 0 0 0 0 0 0 0 0 0 0 0 0 0 0 0 0 0 0
0 0 0 0 0 0 0 0 0 0 0 0 0 0 0 0 0 0 0 0
0 0 0 0 0 0 0 0 0 0 0 0 0 0 0 0 0 0 0 0
0 0 0 0 0 0 0 0 0 0 3 3 3 3 3 0 0 0 0 0
0 0 0 0 0 0 0 0 0 0 3 3 3 3 3 0 0 0 0 0
0 0 0 0 0 0 0 0 0 0 3 3 3 3 3 0 0 0 0 0
0 0 0 0 0 0 0 0 0 0 3 3 3 3 3 0 0 0 0 0
0 0 0 0 0 0 0 0 0 0 3 3 3 3 3 0 0 0 0 0
0 0 0 0 0 0 0 0 0 0 2 3 3 3 3 0 0 0 0 0
0 0 0 0 0 0 0 0 0 0 3 3 3 3 3 0 0 0 0 0
0 0 0 0 0 0 0 0 0 0 3 3 3 3 3 0 0 0 0 0
0 0 0 0 0 0 0 0 0 0 3 3 3 3 3 0 0 0 0 0
0 0 0 0 0 0 0 0 0 0 3 3 3 3 3 0 0 0 0 0
0 0 0 0 0 0 0 0 0 0 3 3 3 3 3 0 0 0 0 0
Output:
0 0 0 3 3 2 3 3 0 0 0 0 0 0 0 0 0 0 0 0
0 0 0 3 3 2 3 3 0 0 0 0 0 0 0 0 0 0 0 0
0 0 0 3 3 2 3 3 0 0 0 0 0 0 0 0 0 0 0 0
3 3 3 3 3 2 3 3 3 3 3 3 3 3 0 0 0 0 0 0
3 3 3 3 3 3 3 3 3 3 3 3 3 3 0 0 0 0 0 0
3 3 3 3 3 3 3 3 3 3 3 3 3 3 0 0 0 0 0 0
0 0 0 0 0 0 0 0 0 0 0 0 0 0 0 0 0 0 0 0
0 0 0 0 0 0 0 0 0 0 0 0 0 0 0 0 0 0 0 0
0 0 0 0 0 0 0 0 0 0 0 0 0 0 0 0 0 0 0 0
0 0 0 0 0 0 0 0 0 0 3 3 3 3 3 0 0 0 0 0
3 3 3 3 3 3 3 3 3 3 3 3 3 3 3 0 0 0 0 0
3 3 3 3 3 3 3 3 3 3 3 3 3 3 3 0 0 0 0 0
3 3 3 3 3 3 3 3 3 3 3 3 3 3 3 0 0 0 0 0
3 3 3 3 3 3 3 3 3 3 3 3 3 3 3 0 0 0 0 0
2 2 2 2 2 2 2 2 2 2 2 3 3 3 3 0 0 0 0 0
3 3 3 3 3 3 3 3 3 3 3 3 3 3 3 0 0 0 0 0
3 3 3 3 3 3 3 3 3 3 3 3 3 3 3 0 0 0 0 0
3 3 3 3 3 3 3 3 3 3 3 3 3 3 3 0 0 0 0 0
3 3 3 3 3 3 3 3 3 3 3 3 3 3 3 0 0 0 0 0
0 0 0 0 0 0 0 0 0 0 3 3 3 3 3 0 0 0 0 0

Example 3:

Input:
3 3 3 3 3 3 3 3 3 3 3 3 3 3 3 0 0 0 0 0
3 3 3 3 3 3 3 3 3 3 3 3 3 3 3 0 0 0 0 0
3 3 3 3 3 3 3 3 3 3 3 3 3 3 3 0 0 0 0 0
3 3 3 3 3 3 3 3 3 3 3 3 3 3 3 0 0 0 0 0
3 3 3 3 2 3 3 3 3 3 3 3 3 3 3 0 0 0 0 0
0 0 0 0 0 0 0 0 0 0 0 0 0 0 0 0 0 0 0 0
0 0 0 0 0 0 0 0 0 0 0 0 3 3 3 3 0 0 0 0
0 0 0 0 0 0 0 0 0 0 0 0 3 3 3 3 0 0 0 0
0 0 0 0 0 0 0 0 0 0 0 0 3 3 3 3 0 0 0 0
0 0 0 0 0 0 0 0 0 0 0 0 3 3 3 3 0 0 0 0
0 0 0 0 0 0 0 0 0 0 0 0 3 3 3 3 0 0 0 0
0 0 0 0 0 0 0 0 0 0 0 0 3 3 3 3 0 0 0 0
0 0 0 0 0 0 0 0 0 0 0 0 3 3 3 2 0 0 0 0
0 0 0 0 0 0 0 0 0 0 0 0 3 3 3 3 0 0 0 0
0 0 0 0 0 0 0 0 0 0 0 0 3 3 3 3 0 0 0 0
0 0 0 0 0 0 0 0 0 0 0 0 3 3 3 3 0 0 0 0
0 0 0 0 0 0 0 0 0 0 0 0 3 3 3 3 0 0 0 0
0 0 0 0 0 0 0 0 0 0 0 0 0 0 0 0 0 0 0 0
0 0 0 0 0 0 0 0 0 0 0 0 0 0 0 0 0 0 0 0
0 0 0 0 0 0 0 0 0 0 0 0 0 0 0 0 0 0 0 0
Output:
3 3 3 3 3 3 3 3 3 3 3 3 3 3 3 0 0 0 0 0
3 3 3 3 3 3 3 3 3 3 3 3 3 3 3 0 0 0 0 0
3 3 3 3 3 3 3 3 3 3 3 3 3 3 3 0 0 0 0 0
3 3 3 3 3 3 3 3 3 3 3 3 3 3 3 0 0 0 0 0
3 3 3 3 2 3 3 3 3 3 3 3 3 3 3 0 0 0 0 0
3 3 3 3 2 3 3 3 3 0 0 0 0 0 0 0 0 0 0 0
3 3 3 3 2 3 3 3 3 0 0 0 3 3 3 3 0 0 0 0
3 3 3 3 2 3 3 3 3 0 0 0 3 3 3 3 0 0 0 0
3 3 3 3 2 3 3 3 3 0 0 0 3 3 3 3 0 0 0 0
3 3 3 3 2 3 3 3 3 0 0 0 3 3 3 3 3 3 3 3
3 3 3 3 2 3 3 3 3 0 0 0 3 3 3 3 3 3 3 3
3 3 3 3 2 3 3 3 3 0 0 0 3 3 3 3 3 3 3 3
3 3 3 3 2 3 3 3 3 0 0 0 3 3 3 2 2 2 2 2
3 3 3 3 2 3 3 3 3 0 0 0 3 3 3 3 3 3 3 3
3 3 3 3 2 3 3 3 3 0 0 0 3 3 3 3 3 3 3 3
3 3 3 3 2 3 3 3 3 0 0 0 3 3 3 3 3 3 3 3
3 3 3 3 2 3 3 3 3 0 0 0 3 3 3 3 0 0 0 0
3 3 3 3 2 3 3 3 3 0 0 0 0 0 0 0 0 0 0 0
3 3 3 3 2 3 3 3 3 0 0 0 0 0 0 0 0 0 0 0
3 3 3 3 2 3 3 3 3 0 0 0 0 0 0 0 0 0 0 0

Example 4:

Input:
0 0 0 0 3 3 3 0 0 0 0 0 0 0 0 0 0 0 0 0
0 0 0 0 3 3 3 0 0 0 0 0 0 0 0 0 0 0 0 0
0 0 0 0 3 3 3 0 0 0 0 0 0 0 0 0 0 0 0 0
0 0 0 0 3 3 3 0 0 0 0 0 0 0 0 0 0 0 0 0
0 0 0 0 3 3 3 0 0 0 0 0 0 0 0 0 0 0 0 0
0 0 0 0 2 3 3 0 0 0 0 0 0 0 0 0 0 0 0 0
0 0 0 0 3 3 3 0 0 0 0 0 0 0 0 0 0 0 0 0
0 0 0 0 3 3 3 0 0 0 0 0 0 0 0 0 0 0 0 0
0 0 0 0 3 3 3 0 0 0 0 0 0 0 0 0 0 0 0 0
0 0 0 0 3 3 3 0 0 0 0 0 0 0 0 0 0 0 0 0
0 0 0 0 3 3 3 0 0 0 0 0 0 0 0 0 0 0 0 0
0 0 0 0 0 0 0 0 0 0 0 0 0 0 0 0 0 0 0 0
0 0 0 0 0 0 0 0 0 0 0 0 0 0 0 0 0 0 0 0
0 0 0 0 0 0 0 0 0 0 0 0 0 0 0 0 0 0 0 0
0 0 0 0 0 0 0 3 3 3 3 3 3 2 3 3 3 3 3 3
0 0 0 0 0 0 0 3 3 3 3 3 3 3 3 3 3 3 3 3
0 0 0 0 0 0 0 3 3 3 3 3 3 3 3 3 3 3 3 3
0 0 0 0 0 0 0 3 3 3 3 3 3 3 3 3 3 3 3 3
0 0 0 0 0 0 0 3 3 3 3 3 3 3 3 3 3 3 3 3
0 0 0 0 0 0 0 3 3 3 3 3 3 3 3 3 3 3 3 3
Output:
0 0 0 0 3 3 3 0 3 3 3 3 3 2 3 3 3 3 3 0
0 0 0 0 3 3 3 0 3 3 3 3 3 2 3 3 3 3 3 0
0 0 0 0 3 3 3 0 3 3 3 3 3 2 3 3 3 3 3 0
3 3 3 3 3 3 3 0 3 3 3 3 3 2 3 3 3 3 3 0
3 3 3 3 3 3 3 0 3 3 3 3 3 2 3 3 3 3 3 0
2 2 2 2 2 3 3 0 3 3 3 3 3 2 3 3 3 3 3 0
3 3 3 3 3 3 3 0 3 3 3 3 3 2 3 3 3 3 3 0
3 3 3 3 3 3 3 0 3 3 3 3 3 2 3 3 3 3 3 0
0 0 0 0 3 3 3 0 3 3 3 3 3 2 3 3 3 3 3 0
0 0 0 0 3 3 3 0 3 3 3 3 3 2 3 3 3 3 3 0
0 0 0 0 3 3 3 0 3 3 3 3 3 2 3 3 3 3 3 0
0 0 0 0 0 0 0 0 3 3 3 3 3 2 3 3 3 3 3 0
0 0 0 0 0 0 0 0 3 3 3 3 3 2 3 3 3 3 3 0
0 0 0 0 0 0 0 0 3 3 3 3 3 2 3 3 3 3 3 0
0 0 0 0 0 0 0 3 3 3 3 3 3 2 3 3 3 3 3 3
0 0 0 0 0 0 0 3 3 3 3 3 3 3 3 3 3 3 3 3
0 0 0 0 0 0 0 3 3 3 3 3 3 3 3 3 3 3 3 3
0 0 0 0 0 0 0 3 3 3 3 3 3 3 3 3 3 3 3 3
0 0 0 0 0 0 0 3 3 3 3 3 3 3 3 3 3 3 3 3
0 0 0 0 0 0 0 3 3 3 3 3 3 3 3 3 3 3 3 3

Example 5:

Input:
0 0 0 0 0 0 0 0 0 0
0 0 0 0 3 3 3 3 2 3
0 0 0 0 3 3 3 3 3 3
0 0 0 0 0 0 0 0 0 0
0 0 0 0 0 0 0 0 0 0
0 3 3 0 0 0 0 0 0 0
0 3 3 0 0 0 0 0 0 0
0 3 3 0 0 0 0 0 0 0
0 3 2 0 0 0 0 0 0 0
0 3 3 0 0 0 0 0 0 0
Output:
0 0 0 0 0 0 0 3 2 3
0 0 0 0 3 3 3 3 2 3
0 0 0 0 3 3 3 3 3 3
0 0 0 0 0 0 0 0 0 0
0 0 0 0 0 0 0 0 0 0
0 3 3 0 0 0 0 0 0 0
0 3 3 0 0 0 0 0 0 0
0 3 3 3 3 3 3 3 3 3
0 3 2 2 2 2 2 2 2 2
0 3 3 3 3 3 3 3 3 3

Example 6:

Input:
0 0 0 0 0 0 0 0 0 0
0 0 0 0 0 0 0 0 0 0
0 0 3 3 0 0 0 0 0 0
0 0 3 3 0 0 0 0 0 0
0 0 3 3 0 0 0 0 0 0
0 0 3 3 0 0 0 0 0 0
0 0 2 3 0 0 0 0 0 0
0 0 3 3 0 3 3 3 2 3
0 0 0 0 0 3 3 3 3 3
0 0 0 0 0 0 0 0 0 0
Output:
0 0 0 0 0 0 0 3 2 3
0 0 0 0 0 0 0 3 2 3
0 0 3 3 0 0 0 3 2 3
0 0 3 3 0 0 0 3 2 3
0 0 3 3 0 0 0 3 2 3
3 3 3 3 0 0 0 3 2 3
2 2 2 3 0 0 0 3 2 3
3 3 3 3 0 3 3 3 2 3
0 0 0 0 0 3 3 3 3 3
0 0 0 0 0 0 0 0 0 0

Example 7:

Input:
0 0 0 0 0 0 0 0 0 0
0 0 0 0 0 0 0 0 0 0
0 0 0 0 0 0 3 3 2 3
0 0 0 0 0 0 3 3 3 3
0 0 0 0 0 0 0 0 0 0
0 0 0 0 0 0 3 3 0 0
0 0 0 0 0 0 3 3 0 0
0 0 0 0 0 0 3 3 0 0
0 0 0 0 0 0 2 3 0 0
0 0 0 0 0 0 3 3 0 0
Output:
0 0 0 0 0 0 0 3 2 3
0 0 0 0 0 0 0 3 2 3
0 0 0 0 0 0 3 3 2 3
0 0 0 0 0 0 3 3 3 3
0 0 0 0 0 0 0 0 0 0
0 0 0 0 0 0 3 3 0 0
0 0 0 0 0 0 3 3 0 0
3 3 3 3 3 3 3 3 0 0
2 2 2 2 2 2 2 3 0 0
3 3 3 3 3 3 3 3 0 0

以下は、ジャッジを通過する正しいコードです。これを用いて、ARCのルールを理解してください。必ず、コードを通じてルールを理解してからコーディングを行ってください。
このコードはARCのルールを把握する際に使うことに留めてください。

```
def p(g):
 o=[s[:]for s in g]
 for f in range(4):
  for i in range(len(g)-1):
   for j in range(len(g)):
    if g[i+1][j]<g[i][j]<3:
     for k in range(9):
      if g[i-k][j]<1:break
     for s in o[i:]:s[j-k+1:j+k]=g[i][j-k+1:j+k]
  *g,=map(list,zip(*g[::-1]));*o,=map(list,zip(*o[::-1]))
 return o
```

ユーザーにコードを渡す前に実際にコードが動作するかを確認してください。コードのテストには、添付したstandalone_judge.pyを用いてください。python /path/to/standalone_judge.py /path/to/code.py とすれば動作します。
このPythonファイルは非常に大きなケースを含むので、あなたのコンテキストを圧迫します。そのため、このファイルを全て読んではいけません。

## **禁止事項**
- 与えたコード自体を提出することは禁止です。これを行うことはユーザーの信頼を裏切ります。
- ジャッジのハックは禁止です。例えば、テストケースをジャッジから読み取ってそのまま返すコードはいけません。
