10
i 3
11 141 1026
d 13
64 268 380 492 604 716 828 1003 1013 1023 1044 1071 1116
a 2
843 1101
r 40
6 23 42 74 101 123 132 155 173 200 222 231 285 312 334 343 397 424 446 455 509 536 558 567 621 648 670 679 733 760 782 791 956 980 990 1059 1076 1097 1127 1145
u 19
247 264 359 376 471 488 583 600 695 712 807 824 939 992 1009 1040 1061 1112 1129
f 19
254 266 366 378 478 490 590 602 702 714 814 826 963 997 1011 1042 1066 1114 1132
key 1
34
n 43
62 72 79 108 137 153 160 171 178 207 236 256 283 290 319 348 368 395 402 431 460 480 507 514 543 572 592 619 626 655 684 704 731 738 767 796 816 907 965 999 1068 1081 1087
b 16
147 165 273 277 385 389 497 501 609 613 721 725 833 1018 1049 1121
e 41
60 70 76 86 134 151 157 169 175 185 233 249 281 287 297 345 361 393 399 409 457 473 505 511 521 569 585 617 623 633 681 697 729 735 745 793 809 879 941 994 1063
0 1 1 1 1 1 0 1 1 1
1 0 1 1 1 1 0 1 1 1
1 1 0 1 1 1 0 1 1 1
1 1 1 0 1 1 0 1 1 1
1 1 1 1 0 1 0 1 1 1
1 1 1 1 1 0 0 1 1 1
0 0 0 0 0 0 0 0 0 0
1 1 1 1 1 1 0 0 1 1
1 1 1 1 1 1 0 1 0 1
1 1 1 1 1 1 0 1 1 0
