14
A 8
0 49 103 187 217 275 324 343
B 6
35 71 83 85 119 165
C 3
273 322 361
a 2
203 227
b 2
206 229
f 4
80 254 367 381
g 10
14 57 130 238 250 299 363 377 393 412
i 7
38 44 59 160 256 369 383
j 9
23 62 212 240 252 338 365 379 395
k 5
98 114 132 221 345
l 7
182 247 259 280 317 372 386
u 4
89 111 167 170
x 4
356 374 388 398
y 3
87 136 147
0 1 1 1 1 1 1 1 1 1 1 1 1 1
1 0 1 0 0 1 1 1 1 1 1 1 1 1
1 1 0 0 0 1 1 1 1 1 1 1 1 1
1 0 0 0 1 1 1 1 1 1 1 0 0 0
1 0 0 1 0 1 1 1 1 1 1 0 0 0
1 1 1 1 1 0 1 1 1 1 1 1 1 1
1 1 1 1 1 1 0 1 1 1 1 1 1 1
1 1 1 1 1 1 1 0 1 1 1 1 1 1
1 1 1 1 1 1 1 1 0 1 1 1 1 1
1 1 1 1 1 1 1 1 1 0 1 1 1 1
1 1 1 1 1 1 1 1 1 1 0 1 1 1
1 1 1 0 0 1 1 1 1 1 1 0 1 1
1 1 1 0 0 1 1 1 1 1 1 1 0 1
1 1 1 0 0 1 1 1 1 1 1 1 1 0
