12
i 8
0 49 103 187 217 275 324 343
n 8
35 71 83 85 119 165 203 227
s 3
273 322 361
e 6
89 111 167 170 206 229
l 4
80 254 367 381
p 10
14 57 130 238 250 299 363 377 393 412
r 7
38 44 59 160 256 369 383
f 9
23 62 212 240 252 338 365 379 395
a 5
98 114 132 221 345
o 7
182 247 259 280 317 372 386
h 4
356 374 388 398
u 3
87 136 147
0 1 1 1 1 1 1 1 1 1 1 1
1 0 1 1 1 1 1 1 1 1 1 1
1 1 0 1 1 1 1 1 1 1 1 1
1 1 1 0 1 1 1 1 1 1 1 1
1 1 1 1 0 1 1 1 1 1 1 1
1 1 1 1 1 0 1 1 1 1 1 1
1 1 1 1 1 1 0 1 1 1 1 1
1 1 1 1 1 1 1 0 1 1 1 1
1 1 1 1 1 1 1 1 0 1 1 1
1 1 1 1 1 1 1 1 1 0 1 1
1 1 1 1 1 1 1 1 1 1 0 1
1 1 1 1 1 1 1 1 1 1 1 0
