ARCのケースに対して、list[list[int]] -> list[list[int]] のシグネチャを持つ関数`p`をPythonで実装してください。つまり、`def p(g):...` か `p=lambda g:...`というコードが期待されます。
コードはshortcodingのcompetitionに用いるため、アルゴリズムを工夫してできる限り短いコードを生成するよう努めてください。

Example 0:

Input:
0 0 0 0 0 0 0 0 0 0
0 2 2 2 2 0 0 0 0 0
0 2 2 2 2 0 0 0 0 0
0 2 2 2 2 0 0 0 0 0
0 0 0 0 0 0 0 0 0 0
0 0 0 0 0 0 0 0 0 0
0 0 0 0 0 0 0 0 0 0
7 7 7 7 7 7 0 0 0 0
7 7 7 7 7 7 0 0 0 0
7 7 7 7 7 7 0 0 0 0
Output:
0 0 0 0 0 0 0 0 0 0
0 2 2 2 2 0 0 0 0 0
0 2 2 2 2 0 0 0 0 0
0 2 2 2 2 0 0 0 0 0
0 0 8 8 0 0 0 0 0 0
0 0 8 8 0 0 0 0 0 0
0 0 8 8 0 0 0 0 0 0
7 7 7 7 7 7 0 0 0 0
7 7 7 7 7 7 0 0 0 0
7 7 7 7 7 7 0 0 0 0

Example 1:

Input:
0 0 0 0 0 0 0 0 0 0
0 4 4 4 0 0 0 0 0 0
0 4 4 4 0 0 0 0 0 0
0 4 4 4 0 0 0 6 6 6
0 4 4 4 0 0 0 6 6 6
0 4 4 4 0 0 0 6 6 6
0 4 4 4 0 0 0 6 6 6
0 4 4 4 0 0 0 6 6 6
0 4 4 4 0 0 0 0 0 0
0 0 0 0 0 0 0 0 0 0
Output:
0 0 0 0 0 0 0 0 0 0
0 4 4 4 0 0 0 0 0 0
0 4 4 4 0 0 0 0 0 0
0 4 4 4 0 0 0 6 6 6
0 4 4 4 8 8 8 6 6 6
0 4 4 4 8 8 8 6 6 6
0 4 4 4 8 8 8 6 6 6
0 4 4 4 0 0 0 6 6 6
0 4 4 4 0 0 0 0 0 0
0 0 0 0 0 0 0 0 0 0

Example 2:

Input:
3 3 3 3 3 3 3 3 3 0
3 3 3 3 3 3 3 3 3 0
3 3 3 3 3 3 3 3 3 0
0 0 0 0 0 0 0 0 0 0
0 0 0 0 0 0 0 0 0 0
0 0 0 0 0 0 0 0 0 0
0 0 0 0 0 0 0 0 0 0
0 0 0 0 0 0 0 0 0 0
0 0 0 9 9 9 9 9 9 0
0 0 0 9 9 9 9 9 9 0
Output:
3 3 3 3 3 3 3 3 3 0
3 3 3 3 3 3 3 3 3 0
3 3 3 3 3 3 3 3 3 0
0 0 0 0 8 8 8 8 0 0
0 0 0 0 8 8 8 8 0 0
0 0 0 0 8 8 8 8 0 0
0 0 0 0 8 8 8 8 0 0
0 0 0 0 8 8 8 8 0 0
0 0 0 9 9 9 9 9 9 0
0 0 0 9 9 9 9 9 9 0

Example 3:

Input:
1 1 1 1 0 0 0 0 0 0
1 1 1 1 0 0 0 2 2 2
1 1 1 1 0 0 0 2 2 2
1 1 1 1 0 0 0 2 2 2
1 1 1 1 0 0 0 2 2 2
1 1 1 1 0 0 0 2 2 2
1 1 1 1 0 0 0 2 2 2
1 1 1 1 0 0 0 0 0 0
0 0 0 0 0 0 0 0 0 0
0 0 0 0 0 0 0 0 0 0
Output:
1 1 1 1 0 0 0 0 0 0
1 1 1 1 0 0 0 2 2 2
1 1 1 1 8 8 8 2 2 2
1 1 1 1 8 8 8 2 2 2
1 1 1 1 8 8 8 2 2 2
1 1 1 1 8 8 8 2 2 2
1 1 1 1 0 0 0 2 2 2
1 1 1 1 0 0 0 0 0 0
0 0 0 0 0 0 0 0 0 0
0 0 0 0 0 0 0 0 0 0

Example 4:

Input:
0 0 0 0 0 0 0 0 0 0
1 1 0 0 0 0 0 0 0 0
1 1 0 0 0 0 0 0 0 0
1 1 0 0 0 0 4 4 4 4
1 1 0 0 0 0 4 4 4 4
1 1 0 0 0 0 4 4 4 4
1 1 0 0 0 0 4 4 4 4
1 1 0 0 0 0 4 4 4 4
1 1 0 0 0 0 4 4 4 4
0 0 0 0 0 0 0 0 0 0
Output:
0 0 0 0 0 0 0 0 0 0
1 1 0 0 0 0 0 0 0 0
1 1 0 0 0 0 0 0 0 0
1 1 0 0 0 0 4 4 4 4
1 1 8 8 8 8 4 4 4 4
1 1 8 8 8 8 4 4 4 4
1 1 8 8 8 8 4 4 4 4
1 1 8 8 8 8 4 4 4 4
1 1 0 0 0 0 4 4 4 4
0 0 0 0 0 0 0 0 0 0

Example 5:

Input:
0 0 0 4 4 4 4 4 4 0
0 0 0 4 4 4 4 4 4 0
0 0 0 0 0 0 0 0 0 0
0 0 0 0 0 0 0 0 0 0
0 0 0 0 0 0 0 0 0 0
0 0 0 0 0 0 0 0 0 0
0 0 0 0 0 0 0 0 0 0
1 1 1 1 1 1 1 1 1 0
1 1 1 1 1 1 1 1 1 0
1 1 1 1 1 1 1 1 1 0
Output:
0 0 0 4 4 4 4 4 4 0
0 0 0 4 4 4 4 4 4 0
0 0 0 0 8 8 8 8 0 0
0 0 0 0 8 8 8 8 0 0
0 0 0 0 8 8 8 8 0 0
0 0 0 0 8 8 8 8 0 0
0 0 0 0 8 8 8 8 0 0
1 1 1 1 1 1 1 1 1 0
1 1 1 1 1 1 1 1 1 0
1 1 1 1 1 1 1 1 1 0

Example 6:

Input:
2 2 2 2 2 2 2 2 2 0
2 2 2 2 2 2 2 2 2 0
2 2 2 2 2 2 2 2 2 0
0 0 0 0 0 0 0 0 0 0
0 0 0 0 0 0 0 0 0 0
0 0 0 0 0 0 0 0 0 0
0 0 0 0 0 0 0 0 0 0
0 0 0 0 0 0 0 0 0 0
0 0 0 7 7 7 7 7 7 0
0 0 0 7 7 7 7 7 7 0
Output:
2 2 2 2 2 2 2 2 2 0
2 2 2 2 2 2 2 2 2 0
2 2 2 2 2 2 2 2 2 0
0 0 0 0 8 8 8 8 0 0
0 0 0 0 8 8 8 8 0 0
0 0 0 0 8 8 8 8 0 0
0 0 0 0 8 8 8 8 0 0
0 0 0 0 8 8 8 8 0 0
0 0 0 7 7 7 7 7 7 0
0 0 0 7 7 7 7 7 7 0

Example 7:

Input:
0 0 0 0 0 0 0 0 0 0
3 3 3 3 3 3 3 3 0 0
3 3 3 3 3 3 3 3 0 0
0 0 0 0 0 0 0 0 0 0
0 0 0 0 0 0 0 0 0 0
0 0 0 0 0 0 0 0 0 0
0 0 0 0 0 0 0 0 0 0
0 0 0 4 4 4 4 4 0 0
0 0 0 4 4 4 4 4 0 0
0 0 0 4 4 4 4 4 0 0
Output:
0 0 0 0 0 0 0 0 0 0
3 3 3 3 3 3 3 3 0 0
3 3 3 3 3 3 3 3 0 0
0 0 0 0 8 8 8 0 0 0
0 0 0 0 8 8 8 0 0 0
0 0 0 0 8 8 8 0 0 0
0 0 0 0 8 8 8 0 0 0
0 0 0 4 4 4 4 4 0 0
0 0 0 4 4 4 4 4 0 0
0 0 0 4 4 4 4 4 0 0

以下は、ジャッジを通過する正しいコードです。これを用いて、ARCのルールを理解してください。必ず、コードを通じてルールを理解してからコーディングを行ってください。
このコードはARCのルールを把握する際に使うことに留めてください。

```
def p(g):
 A={}
 for(i,r)in enumerate(g):
  for(j,v)in enumerate(r):
   if v and v^8:
    if v in A:a,b,c,e=A[v];A[v]=[min(a,i),max(b,i),min(c,j),max(e,j)]
    else:A[v]=[i,i,j,j]
 (a,b,c,e),(f,h,d,k)=A.values();B=lambda A,B,C,D:range(max(A,C)+1,min(B,D))or range(B+1,C)or range(D+1,A)
 for i in B(a,b,f,h):
  for j in B(c,e,d,k):g[i][j]=8
 return g
```

ユーザーにコードを渡す前に実際にコードが動作するかを確認してください。コードのテストには、添付したstandalone_judge.pyを用いてください。python /path/to/standalone_judge.py /path/to/code.py とすれば動作します。
このPythonファイルは非常に大きなケースを含むので、あなたのコンテキストを圧迫します。そのため、このファイルを全て読んではいけません。

## **禁止事項**
- 与えたコード自体を提出することは禁止です。これを行うことはユーザーの信頼を裏切ります。
- ジャッジのハックは禁止です。例えば、テストケースをジャッジから読み取ってそのまま返すコードはいけません。
