ARCのケースに対して、list[list[int]] -> list[list[int]] のシグネチャを持つ関数`p`をPythonで実装してください。つまり、`def p(g):...` か `p=lambda g:...`というコードが期待されます。
コードはshortcodingのcompetitionに用いるため、アルゴリズムを工夫してできる限り短いコードを生成するよう努めてください。

Example 0:

Input:
0 0 0 5 0 0 0 5 0 0 0
1 0 0 5 0 0 0 5 0 1 0
0 0 0 5 0 0 1 5 0 0 0
5 5 5 5 5 5 5 5 5 5 5
0 0 0 5 0 0 1 5 0 0 0
0 0 0 5 0 0 0 5 0 1 0
0 0 0 5 0 0 0 5 0 0 0
5 5 5 5 5 5 5 5 5 5 5
0 0 0 5 0 0 0 5 1 0 0
0 1 0 5 0 0 0 5 0 0 1
0 0 0 5 0 0 0 5 0 0 0
Output:
0 0 0 5 0 0 0 5 0 0 0
0 0 0 5 0 0 0 5 0 0 0
0 0 0 5 0 0 0 5 0 0 0
5 5 5 5 5 5 5 5 5 5 5
0 0 0 5 0 0 0 5 0 0 0
0 0 0 5 0 0 0 5 0 0 0
0 0 0 5 0 0 0 5 0 0 0
5 5 5 5 5 5 5 5 5 5 5
0 0 0 5 0 0 0 5 1 1 1
0 0 0 5 0 0 0 5 1 1 1
0 0 0 5 0 0 0 5 1 1 1

Example 1:

Input:
0 0 0 5 0 2 0 5 2 0 0
2 0 0 5 0 0 0 5 0 0 2
0 0 0 5 0 0 0 5 0 0 0
5 5 5 5 5 5 5 5 5 5 5
2 0 0 5 0 0 0 5 0 0 0
2 0 0 5 0 0 2 5 0 0 0
0 0 0 5 0 0 0 5 0 2 0
5 5 5 5 5 5 5 5 5 5 5
0 0 0 5 0 0 0 5 0 0 0
2 0 0 5 0 0 2 5 0 0 2
0 0 0 5 0 0 0 5 0 0 0
Output:
0 0 0 5 0 0 0 5 2 2 2
0 0 0 5 0 0 0 5 2 2 2
0 0 0 5 0 0 0 5 2 2 2
5 5 5 5 5 5 5 5 5 5 5
2 2 2 5 0 0 0 5 0 0 0
2 2 2 5 0 0 0 5 0 0 0
2 2 2 5 0 0 0 5 0 0 0
5 5 5 5 5 5 5 5 5 5 5
0 0 0 5 0 0 0 5 0 0 0
0 0 0 5 0 0 0 5 0 0 0
0 0 0 5 0 0 0 5 0 0 0

Example 2:

Input:
3 3 0 5 0 0 0 5 0 0 0
0 0 0 5 0 0 0 5 0 3 0
0 0 0 5 0 0 0 5 0 0 0
5 5 5 5 5 5 5 5 5 5 5
0 0 0 5 0 0 0 5 0 0 0
0 3 0 5 0 3 0 5 0 0 0
0 0 0 5 3 0 0 5 0 0 0
5 5 5 5 5 5 5 5 5 5 5
0 0 0 5 0 0 0 5 0 0 0
0 3 0 5 3 0 0 5 3 3 0
0 0 0 5 0 0 0 5 0 0 3
Output:
0 0 0 5 0 0 0 5 0 0 0
0 0 0 5 0 0 0 5 0 0 0
0 0 0 5 0 0 0 5 0 0 0
5 5 5 5 5 5 5 5 5 5 5
0 0 0 5 0 0 0 5 0 0 0
0 0 0 5 0 0 0 5 0 0 0
0 0 0 5 0 0 0 5 0 0 0
5 5 5 5 5 5 5 5 5 5 5
0 0 0 5 0 0 0 5 3 3 3
0 0 0 5 0 0 0 5 3 3 3
0 0 0 5 0 0 0 5 3 3 3

Example 3:

Input:
4 4 0 5 0 0 0 5 0 0 0
0 4 0 5 0 0 4 5 4 4 0
4 0 0 5 0 0 0 5 0 4 0
5 5 5 5 5 5 5 5 5 5 5
0 0 0 5 0 0 0 5 0 4 0
4 0 0 5 0 4 0 5 4 0 4
0 0 0 5 0 0 0 5 0 0 0
5 5 5 5 5 5 5 5 5 5 5
0 0 0 5 0 4 0 5 0 0 4
4 0 0 5 0 0 4 5 0 4 0
0 0 0 5 4 4 0 5 0 0 0
Output:
4 4 4 5 0 0 0 5 0 0 0
4 4 4 5 0 0 0 5 0 0 0
4 4 4 5 0 0 0 5 0 0 0
5 5 5 5 5 5 5 5 5 5 5
0 0 0 5 0 0 0 5 0 0 0
0 0 0 5 0 0 0 5 0 0 0
0 0 0 5 0 0 0 5 0 0 0
5 5 5 5 5 5 5 5 5 5 5
0 0 0 5 4 4 4 5 0 0 0
0 0 0 5 4 4 4 5 0 0 0
0 0 0 5 4 4 4 5 0 0 0

Example 4:

Input:
0 0 8 5 8 0 0 5 0 0 0
0 0 0 5 0 0 8 5 8 0 0
0 8 0 5 0 0 0 5 0 0 0
5 5 5 5 5 5 5 5 5 5 5
0 0 0 5 0 0 0 5 0 0 0
0 0 0 5 0 0 0 5 0 0 0
0 0 0 5 8 0 0 5 0 0 0
5 5 5 5 5 5 5 5 5 5 5
0 0 0 5 0 0 0 5 0 0 0
0 0 0 5 0 0 0 5 0 0 0
0 0 0 5 0 0 0 5 0 0 0
Output:
8 8 8 5 8 8 8 5 0 0 0
8 8 8 5 8 8 8 5 0 0 0
8 8 8 5 8 8 8 5 0 0 0
5 5 5 5 5 5 5 5 5 5 5
0 0 0 5 0 0 0 5 0 0 0
0 0 0 5 0 0 0 5 0 0 0
0 0 0 5 0 0 0 5 0 0 0
5 5 5 5 5 5 5 5 5 5 5
0 0 0 5 0 0 0 5 0 0 0
0 0 0 5 0 0 0 5 0 0 0
0 0 0 5 0 0 0 5 0 0 0

Example 5:

Input:
0 0 0 5 0 9 0 5 0 0 0
0 0 0 5 9 0 0 5 0 0 0
0 0 9 5 0 0 0 5 9 0 9
5 5 5 5 5 5 5 5 5 5 5
0 0 0 5 0 0 0 5 0 0 0
0 0 0 5 9 0 0 5 0 0 0
0 9 9 5 0 9 0 5 0 0 0
5 5 5 5 5 5 5 5 5 5 5
0 9 0 5 0 9 0 5 9 0 0
0 0 0 5 0 0 0 5 0 0 0
0 0 9 5 0 0 0 5 0 0 0
Output:
0 0 0 5 9 9 9 5 9 9 9
0 0 0 5 9 9 9 5 9 9 9
0 0 0 5 9 9 9 5 9 9 9
5 5 5 5 5 5 5 5 5 5 5
9 9 9 5 9 9 9 5 0 0 0
9 9 9 5 9 9 9 5 0 0 0
9 9 9 5 9 9 9 5 0 0 0
5 5 5 5 5 5 5 5 5 5 5
9 9 9 5 0 0 0 5 0 0 0
9 9 9 5 0 0 0 5 0 0 0
9 9 9 5 0 0 0 5 0 0 0

Example 6:

Input:
0 6 0 5 0 0 0 5 0 0 0
0 0 0 5 0 0 0 5 0 0 6
0 0 0 5 0 0 0 5 6 0 0
5 5 5 5 5 5 5 5 5 5 5
0 0 6 5 0 0 0 5 0 0 6
0 0 0 5 0 0 0 5 0 0 0
6 0 0 5 0 0 0 5 0 0 0
5 5 5 5 5 5 5 5 5 5 5
0 0 0 5 0 6 0 5 0 6 0
0 6 0 5 0 0 6 5 0 0 0
0 0 0 5 0 0 0 5 0 0 0
Output:
0 0 0 5 0 0 0 5 6 6 6
0 0 0 5 0 0 0 5 6 6 6
0 0 0 5 0 0 0 5 6 6 6
5 5 5 5 5 5 5 5 5 5 5
6 6 6 5 0 0 0 5 0 0 0
6 6 6 5 0 0 0 5 0 0 0
6 6 6 5 0 0 0 5 0 0 0
5 5 5 5 5 5 5 5 5 5 5
0 0 0 5 6 6 6 5 0 0 0
0 0 0 5 6 6 6 5 0 0 0
0 0 0 5 6 6 6 5 0 0 0

Example 7:

Input:
6 0 0 5 0 0 0 5 6 0 0
0 0 0 5 0 6 6 5 0 0 0
0 0 0 5 0 0 0 5 0 0 0
5 5 5 5 5 5 5 5 5 5 5
0 0 0 5 6 0 0 5 6 0 0
0 6 0 5 0 6 6 5 0 6 0
0 0 0 5 6 0 0 5 6 0 6
5 5 5 5 5 5 5 5 5 5 5
6 0 0 5 0 0 0 5 0 0 6
0 0 0 5 0 0 0 5 0 0 0
0 0 0 5 0 0 0 5 0 6 0
Output:
0 0 0 5 0 0 0 5 0 0 0
0 0 0 5 0 0 0 5 0 0 0
0 0 0 5 0 0 0 5 0 0 0
5 5 5 5 5 5 5 5 5 5 5
0 0 0 5 6 6 6 5 6 6 6
0 0 0 5 6 6 6 5 6 6 6
0 0 0 5 6 6 6 5 6 6 6
5 5 5 5 5 5 5 5 5 5 5
0 0 0 5 0 0 0 5 0 0 0
0 0 0 5 0 0 0 5 0 0 0
0 0 0 5 0 0 0 5 0 0 0

以下は、ジャッジを通過する正しいコードです。これを用いて、ARCのルールを理解してください。必ず、コードを通じてルールを理解してからコーディングを行ってください。
このコードはARCのルールを把握する際に使うことに留めてください。

```
def p(g):
 o=0;C=[[0if(i+1)%4>0and(j+1)%4>0else 5for i in range(11)]for j in range(11)];d={'00':0,'01':0,'02':0,'10':0,'11':0,'12':0,'20':0,'21':0,'22':0};B=enumerate
 for(r,D)in B(g):
  for(c,A)in B(D):
   if A>0and A!=5:o=int(A);d[str(r//4)+str(c//4)]+=1
 m=max([d[k]for k in d])
 for(r,D)in B(C):
  for(c,A)in B(D):
   if A==0and d[str(r//4)+str(c//4)]==m:C[r][c]=o
 return C
```

ユーザーにコードを渡す前に実際にコードが動作するかを確認してください。コードのテストには、添付したjudge.pyを用いてください。python /path/to/judge.py /path/to/code.py /path/to/cases.bin とすれば動作します。

## **禁止事項**
- 与えたコード自体を提出することは禁止です。これを行うことはユーザーの信頼を裏切ります。
- ジャッジのハックは禁止です。例えば、テストケースをジャッジから読み取ってそのまま返すコードはいけません。
