13
d 2
49 104
f 2
202 259
g 5
6 17 100 166 189
l 4
25 114 124 138
m 6
85 109 223 238 285 293
r 4
51 116 126 136
s 8
95 112 122 154 168 177 184 198
t 3
11 34 64
u 2
23 102
v 2
148 156
w 3
144 215 283
x 2
252 272
y 3
246 262 274
0 1 1 1 1 1 1 1 1 0 1 0 0
1 0 1 1 1 1 1 1 1 0 1 1 1
1 1 0 1 1 1 1 1 1 1 1 0 0
1 1 1 0 1 1 1 1 1 0 1 0 0
1 1 1 1 0 1 1 1 1 0 1 1 1
1 1 1 1 1 0 1 1 1 0 1 0 0
1 1 1 1 1 1 0 1 1 1 1 0 0
1 1 1 1 1 1 1 0 1 0 1 0 0
1 1 1 1 1 1 1 1 0 0 1 0 0
0 0 1 0 0 0 1 0 0 0 0 0 0
1 1 1 1 1 1 1 1 1 0 0 1 1
0 1 0 0 1 0 0 0 0 0 1 0 1
0 1 0 0 1 0 0 0 0 0 1 1 0
