ARCのケースに対して、list[list[int]] -> list[list[int]] のシグネチャを持つ関数`p`をPythonで実装してください。つまり、`def p(g):...` か `p=lambda g:...`というコードが期待されます。
コードはshortcodingのcompetitionに用いるため、アルゴリズムを工夫してできる限り短いコードを生成するよう努めてください。

Example 0:

Input:
0 8 1 1 0 1 1 1 1 0 1 0 1 0 1 1 1 1 1 1 1
1 1 0 8 1 1 1 0 1 0 0 0 1 1 1 1 0 1 1 1 1
1 0 0 1 0 0 2 2 2 2 1 1 1 1 1 8 1 1 1 1 0
0 1 1 1 1 1 2 0 0 2 1 1 1 1 1 1 1 8 1 0 1
1 1 1 1 1 0 2 0 0 2 1 0 0 1 1 0 1 0 1 1 0
1 0 0 0 0 1 2 0 0 2 1 8 1 1 1 1 1 0 1 1 1
0 0 1 1 0 1 2 2 2 2 1 0 1 0 0 1 1 8 0 0 8
0 1 8 0 0 1 1 0 0 1 1 0 1 1 1 1 8 1 1 0 0
1 1 1 8 8 1 1 1 0 0 8 1 1 1 1 1 8 1 0 0 1
8 1 0 1 1 1 1 0 8 1 1 0 1 1 1 1 0 0 1 0 1
8 0 1 1 1 1 1 0 0 1 1 1 1 0 1 1 8 1 1 8 1
1 1 1 8 1 0 1 1 8 1 0 1 1 1 0 1 1 1 1 0 1
1 0 8 1 1 8 0 1 1 1 1 1 1 1 0 1 0 8 1 1 1
1 1 8 1 1 1 0 1 0 0 1 1 0 8 1 0 1 0 1 1 8
1 1 1 1 1 1 0 0 8 1 0 0 1 1 8 1 1 8 1 0 1
8 8 8 1 1 1 1 8 1 1 0 0 1 1 0 1 1 1 1 0 1
1 1 0 1 8 0 0 8 1 1 0 0 1 1 1 1 0 1 0 1 0
1 8 8 1 1 1 1 1 1 1 1 1 0 1 1 1 0 0 1 1 0
1 1 8 0 1 0 1 1 0 1 1 1 1 1 1 0 1 0 0 1 1
1 1 0 0 8 1 0 1 0 0 0 0 1 1 1 0 8 0 0 0 0
1 0 0 1 0 0 1 0 0 1 1 1 1 0 1 1 0 8 1 8 0
Output:
0 8 1 1 0 1 1 1 1 0 1 0 1 0 1 1 1 1 1 1 1
1 1 0 8 1 1 1 0 1 0 0 0 1 1 1 1 0 1 1 1 1
1 0 0 1 0 0 2 2 2 2 1 1 1 1 1 8 1 1 1 1 0
0 1 1 1 1 1 2 0 0 2 1 1 1 1 1 1 1 8 1 0 1
1 1 1 1 1 0 2 0 0 2 1 0 0 1 1 0 1 0 1 1 0
1 0 0 0 0 1 2 0 0 2 1 8 1 1 1 1 1 0 1 1 1
0 0 1 1 0 1 2 2 2 2 1 0 1 0 0 1 1 8 0 0 8
0 1 8 0 0 1 1 0 0 1 1 0 1 1 1 1 8 1 1 0 0
1 1 1 8 8 1 1 1 0 0 8 1 1 1 1 1 8 1 0 0 1
8 1 0 1 1 1 1 0 8 1 1 0 1 1 1 1 0 0 1 0 1
8 0 1 1 1 1 1 0 0 1 1 1 1 0 1 1 8 1 1 8 1
1 1 1 8 1 0 1 1 8 1 0 1 1 1 0 1 1 1 1 0 1
1 0 8 1 1 8 0 1 1 1 1 1 1 1 0 1 0 8 1 1 1
1 1 8 1 1 1 0 1 0 2 2 2 2 8 1 0 1 0 1 1 8
1 1 1 1 1 1 0 0 8 2 0 0 2 1 8 1 1 8 1 0 1
8 8 8 1 1 1 1 8 1 2 0 0 2 1 0 1 1 1 1 0 1
1 1 0 1 8 0 0 8 1 2 0 0 2 1 1 1 0 1 0 1 0
1 8 8 1 1 1 1 1 1 2 2 2 2 1 1 1 0 0 1 1 0
1 1 8 0 1 0 1 1 0 1 1 1 1 1 1 0 1 0 0 1 1
1 1 0 0 8 1 0 1 0 0 0 0 1 1 1 0 8 0 0 0 0
1 0 0 1 0 0 1 0 0 1 1 1 1 0 1 1 0 8 1 8 0

Example 1:

Input:
3 0 3 4 3 3 3 3 0 3 3 4 0 3 0 4 3 4 4 0 0
3 3 0 0 3 3 3 4 0 0 4 4 4 3 0 0 3 3 4 0 3
4 4 4 3 4 3 0 3 0 0 4 3 0 3 3 4 3 0 0 3 0
0 4 4 4 3 0 3 3 3 0 3 0 3 0 0 0 0 3 4 3 3
3 3 0 4 3 3 0 0 0 0 3 0 4 4 4 3 0 3 0 0 0
0 3 0 0 3 0 0 3 0 3 0 0 0 3 3 3 3 4 3 0 3
0 3 0 0 3 4 0 3 4 0 4 4 0 0 3 4 0 0 0 3 3
0 3 3 3 0 4 4 3 4 3 0 3 3 3 4 0 3 0 3 3 3
4 0 4 3 4 3 4 4 0 0 4 0 0 0 0 3 0 3 3 0 0
0 0 4 0 0 0 0 3 4 4 3 4 0 0 0 4 0 0 4 3 3
3 0 0 8 8 8 8 8 4 3 0 3 3 0 4 4 0 4 4 4 4
3 3 0 8 0 0 0 8 3 0 0 0 0 4 0 3 3 0 4 3 3
0 0 0 8 0 0 0 8 3 3 0 3 3 4 3 0 4 0 3 0 0
3 0 4 8 8 8 8 8 0 3 0 3 0 0 3 3 3 0 4 3 0
4 0 0 0 0 3 0 4 0 0 3 0 0 3 3 3 4 0 4 0 3
0 0 4 3 0 0 0 3 0 0 3 4 0 0 4 0 0 3 4 3 4
4 4 0 0 3 0 3 4 4 3 4 3 4 0 4 4 0 3 4 3 4
3 4 3 3 0 0 0 0 3 0 3 4 0 0 0 3 3 3 3 0 3
0 0 0 0 0 3 0 3 3 4 0 3 3 3 4 0 4 0 3 4 0
3 3 3 0 4 0 4 3 0 0 0 3 0 0 3 3 0 0 4 3 0
0 4 3 3 3 0 4 4 3 4 3 4 0 4 3 4 4 0 0 4 0
Output:
3 0 3 4 3 3 3 3 0 3 3 4 0 3 0 4 3 4 4 0 0
3 3 0 0 3 3 3 4 0 0 4 4 4 3 0 0 3 3 4 0 3
4 4 4 3 4 3 0 3 0 0 4 3 0 3 3 4 3 0 0 3 0
0 4 4 4 3 0 3 3 3 0 3 0 3 0 0 0 0 3 4 3 3
3 3 0 4 3 3 0 0 0 0 3 0 4 4 4 3 0 3 0 0 0
0 3 0 0 3 0 0 3 0 3 0 0 0 3 3 3 3 4 3 0 3
0 3 0 0 3 4 0 3 4 0 4 4 0 0 3 4 0 0 0 3 3
0 3 3 3 0 4 4 3 4 3 0 8 8 8 8 8 3 0 3 3 3
4 0 4 3 4 3 4 4 0 0 4 8 0 0 0 8 0 3 3 0 0
0 0 4 0 0 0 0 3 4 4 3 8 0 0 0 8 0 0 4 3 3
3 0 0 8 8 8 8 8 4 3 0 8 8 8 8 8 0 4 4 4 4
3 3 0 8 0 0 0 8 3 0 0 0 0 4 0 3 3 0 4 3 3
0 0 0 8 0 0 0 8 3 3 0 3 3 4 3 0 4 0 3 0 0
3 0 4 8 8 8 8 8 0 3 0 3 0 0 3 3 3 0 4 3 0
4 0 0 0 0 3 0 4 0 0 3 0 0 3 3 3 4 0 4 0 3
0 0 4 3 0 0 0 3 0 0 3 4 0 0 4 0 0 3 4 3 4
4 4 0 0 3 0 3 4 4 3 4 3 4 0 4 4 0 3 4 3 4
3 4 3 3 0 0 0 0 3 0 3 4 0 0 0 3 3 3 3 0 3
0 0 0 0 0 3 0 3 3 4 0 3 3 3 4 0 4 0 3 4 0
3 3 3 0 4 0 4 3 0 0 0 3 0 0 3 3 0 0 4 3 0
0 4 3 3 3 0 4 4 3 4 3 4 0 4 3 4 4 0 0 4 0

Example 2:

Input:
0 0 3 0 3 2 0 2 0 3 3 2 2 2 2 2 2 2 2 3 3
3 2 2 0 3 2 0 2 2 2 2 2 2 2 2 3 2 2 0 3 2
3 3 0 3 0 0 3 2 2 2 2 3 2 2 2 2 3 0 0 3 2
2 2 3 2 4 4 4 4 4 4 3 0 3 2 0 2 2 2 0 0 3
3 3 2 0 4 0 0 0 0 4 2 0 2 2 0 2 3 0 2 2 0
3 2 2 2 4 0 0 0 0 4 0 3 2 2 3 2 2 3 3 2 0
2 0 2 0 4 0 0 0 0 4 2 0 0 0 2 2 2 0 2 2 2
0 2 0 2 4 4 4 4 4 4 2 2 0 2 0 2 0 0 2 2 2
2 0 2 2 2 0 2 0 2 0 3 2 3 3 0 2 0 0 0 2 2
0 2 3 0 3 0 2 3 2 2 2 0 2 0 0 0 2 2 3 2 0
3 0 2 0 2 0 0 2 2 0 3 3 2 3 0 3 3 0 0 3 0
2 3 0 3 2 2 2 2 2 0 0 0 0 2 0 2 0 3 0 0 2
3 2 2 0 2 0 2 2 0 3 2 2 2 2 3 0 2 2 2 2 2
3 3 3 2 0 2 0 2 0 3 2 2 2 0 0 3 2 2 3 2 2
0 0 2 2 2 3 2 0 0 2 3 2 0 3 0 2 2 3 2 2 0
2 2 2 2 2 3 2 3 3 3 2 0 0 0 0 2 0 0 2 3 0
2 2 2 2 3 0 0 3 3 2 0 0 0 0 0 0 2 2 3 2 0
2 0 3 2 2 2 3 2 3 3 3 0 0 0 0 0 2 0 0 2 3
2 2 0 0 0 0 0 0 0 3 2 3 2 2 3 0 0 2 2 0 0
0 3 0 2 2 2 0 0 0 2 2 2 2 3 0 2 0 0 0 3 2
2 3 2 2 2 0 0 3 2 0 3 2 0 2 2 2 3 0 0 2 2
Output:
0 0 3 0 3 2 0 2 0 3 3 2 2 2 2 2 2 2 2 3 3
3 2 2 0 3 2 0 2 2 2 2 2 2 2 2 3 2 2 0 3 2
3 3 0 3 0 0 3 2 2 2 2 3 2 2 2 2 3 0 0 3 2
2 2 3 2 4 4 4 4 4 4 3 0 3 2 0 2 2 2 0 0 3
3 3 2 0 4 0 0 0 0 4 2 0 2 2 0 2 3 0 2 2 0
3 2 2 2 4 0 0 0 0 4 0 3 2 2 3 2 2 3 3 2 0
2 0 2 0 4 0 0 0 0 4 2 0 0 0 2 2 2 0 2 2 2
0 2 0 2 4 4 4 4 4 4 2 2 0 2 0 2 0 0 2 2 2
2 0 2 2 2 0 2 0 2 0 3 2 3 3 0 2 0 0 0 2 2
0 2 3 0 3 0 2 3 2 2 2 0 2 0 0 0 2 2 3 2 0
3 0 2 0 2 0 0 2 2 0 3 3 2 3 0 3 3 0 0 3 0
2 3 0 3 2 2 2 2 2 0 0 0 0 2 0 2 0 3 0 0 2
3 2 2 0 2 0 2 2 0 3 2 2 2 2 3 0 2 2 2 2 2
3 3 3 2 0 2 0 2 0 3 2 2 2 0 0 3 2 2 3 2 2
0 0 2 2 2 3 2 0 0 2 4 4 4 4 4 4 2 3 2 2 0
2 2 2 2 2 3 2 3 3 3 4 0 0 0 0 4 0 0 2 3 0
2 2 2 2 3 0 0 3 3 2 4 0 0 0 0 4 2 2 3 2 0
2 0 3 2 2 2 3 2 3 3 4 0 0 0 0 4 2 0 0 2 3
2 2 0 0 0 0 0 0 0 3 4 4 4 4 4 4 0 2 2 0 0
0 3 0 2 2 2 0 0 0 2 2 2 2 3 0 2 0 0 0 3 2
2 3 2 2 2 0 0 3 2 0 3 2 0 2 2 2 3 0 0 2 2

Example 3:

Input:
0 2 1 0 1 1 1 1 0 0 1 0 1 2 0 1 1 1 0 1 2
1 1 1 0 2 1 2 1 0 1 1 1 1 0 1 1 1 0 2 1 1
1 1 1 0 2 2 1 1 1 1 1 0 1 1 1 0 1 1 2 1 1
2 2 1 1 1 1 1 1 1 1 1 0 1 1 1 2 0 1 1 1 1
0 2 1 0 1 1 2 2 1 1 0 1 1 0 0 1 0 1 1 1 2
1 0 0 1 1 0 1 1 1 1 1 0 1 0 0 1 1 0 0 2 0
0 1 1 0 0 0 1 1 0 1 1 0 1 0 0 1 1 0 1 1 1
1 1 1 2 2 1 0 1 2 2 1 1 2 0 0 1 0 1 1 1 2
1 0 1 0 1 0 0 2 1 1 1 0 0 0 0 1 1 1 0 1 0
0 1 0 0 1 1 0 1 1 1 1 1 1 1 1 1 0 1 1 0 1
0 1 1 1 0 1 0 1 1 1 1 0 1 1 1 1 0 1 1 1 1
0 1 1 1 0 0 1 0 1 0 1 1 1 1 1 0 0 1 1 1 0
0 1 0 0 1 1 1 1 1 1 1 1 1 0 0 2 1 1 1 1 1
1 3 3 3 3 1 2 0 2 1 1 0 1 0 0 1 0 0 1 1 1
2 3 0 0 3 1 0 1 0 1 0 1 1 1 1 1 1 1 1 1 0
1 3 0 0 3 1 1 2 0 1 1 1 0 2 1 1 1 0 1 1 1
1 3 0 0 3 1 2 0 0 0 1 2 1 1 1 2 1 0 1 0 1
1 3 0 0 3 1 1 0 1 0 1 0 1 0 1 1 1 1 1 1 1
0 3 0 0 3 1 0 2 0 1 1 1 1 0 1 1 0 2 1 1 1
1 3 3 3 3 1 1 1 1 1 1 1 1 1 1 1 0 0 1 1 0
1 1 1 2 1 0 1 0 1 0 1 1 1 1 1 1 0 1 1 1 1
Output:
0 2 1 0 1 1 1 1 0 0 1 0 1 2 0 1 1 1 0 1 2
1 1 1 0 2 1 2 1 0 1 1 1 1 0 1 1 1 0 2 1 1
1 1 1 0 2 2 1 1 1 1 1 0 1 1 1 0 1 1 2 1 1
2 2 1 1 1 1 1 1 1 1 1 0 3 3 3 3 0 1 1 1 1
0 2 1 0 1 1 2 2 1 1 0 1 3 0 0 3 0 1 1 1 2
1 0 0 1 1 0 1 1 1 1 1 0 3 0 0 3 1 0 0 2 0
0 1 1 0 0 0 1 1 0 1 1 0 3 0 0 3 1 0 1 1 1
1 1 1 2 2 1 0 1 2 2 1 1 3 0 0 3 0 1 1 1 2
1 0 1 0 1 0 0 2 1 1 1 0 3 0 0 3 1 1 0 1 0
0 1 0 0 1 1 0 1 1 1 1 1 3 3 3 3 0 1 1 0 1
0 1 1 1 0 1 0 1 1 1 1 0 1 1 1 1 0 1 1 1 1
0 1 1 1 0 0 1 0 1 0 1 1 1 1 1 0 0 1 1 1 0
0 1 0 0 1 1 1 1 1 1 1 1 1 0 0 2 1 1 1 1 1
1 3 3 3 3 1 2 0 2 1 1 0 1 0 0 1 0 0 1 1 1
2 3 0 0 3 1 0 1 0 1 0 1 1 1 1 1 1 1 1 1 0
1 3 0 0 3 1 1 2 0 1 1 1 0 2 1 1 1 0 1 1 1
1 3 0 0 3 1 2 0 0 0 1 2 1 1 1 2 1 0 1 0 1
1 3 0 0 3 1 1 0 1 0 1 0 1 0 1 1 1 1 1 1 1
0 3 0 0 3 1 0 2 0 1 1 1 1 0 1 1 0 2 1 1 1
1 3 3 3 3 1 1 1 1 1 1 1 1 1 1 1 0 0 1 1 0
1 1 1 2 1 0 1 0 1 0 1 1 1 1 1 1 0 1 1 1 1

Example 4:

Input:
1 9 1 0 1 1 1 1 1 1 0 9 9 1 1 1 1 1 1 9 9
9 1 9 9 1 9 1 1 1 9 9 9 1 1 9 1 0 1 9 1 1
9 0 1 1 9 1 1 9 1 1 9 9 1 1 9 1 1 9 1 0 9
9 9 1 9 9 9 9 1 1 1 1 9 1 1 9 1 0 1 9 1 9
1 9 9 1 9 0 1 9 1 9 9 1 9 1 9 9 9 0 0 9 1
9 1 1 9 9 0 0 0 9 1 9 9 9 1 1 1 9 0 0 1 9
1 9 1 1 1 1 1 9 9 0 0 1 0 9 9 1 1 0 0 9 1
1 1 1 1 1 9 1 9 3 3 3 3 9 9 0 1 1 0 0 1 9
1 9 1 9 1 9 1 0 3 0 0 3 1 1 1 1 9 0 0 9 1
9 1 9 9 9 1 1 1 3 0 0 3 9 9 1 9 9 1 1 9 9
9 1 9 1 9 0 9 0 3 0 0 3 9 9 1 1 9 1 9 1 9
9 9 1 1 9 9 1 0 3 0 0 3 0 9 1 0 1 1 9 9 1
9 9 1 9 9 9 9 1 3 0 0 3 9 1 9 1 1 0 1 9 1
1 1 0 9 0 9 1 9 3 3 3 3 9 9 9 9 1 9 1 1 9
1 1 9 1 1 1 0 9 0 1 1 1 9 9 1 1 9 9 0 9 1
1 1 1 9 9 9 1 1 9 9 1 1 9 9 9 9 0 1 1 1 1
9 9 1 1 9 1 9 1 0 1 1 1 9 1 0 1 1 1 1 0 9
9 1 1 1 0 1 1 1 1 1 1 1 1 1 1 9 9 9 9 9 0
0 9 1 9 9 9 9 9 9 9 1 1 1 9 0 1 9 1 9 1 9
1 1 0 9 9 1 0 9 0 9 1 1 1 9 1 1 1 1 9 1 1
9 1 9 9 9 0 9 1 9 1 1 1 1 9 1 9 1 1 9 9 0
Output:
1 9 1 0 1 1 1 1 1 1 0 9 9 1 1 1 1 1 1 9 9
9 1 9 9 1 9 1 1 1 9 9 9 1 1 9 1 0 1 9 1 1
9 0 1 1 9 1 1 9 1 1 9 9 1 1 9 1 1 9 1 0 9
9 9 1 9 9 9 9 1 1 1 1 9 1 1 9 1 3 3 3 3 9
1 9 9 1 9 0 1 9 1 9 9 1 9 1 9 9 3 0 0 3 1
9 1 1 9 9 0 0 0 9 1 9 9 9 1 1 1 3 0 0 3 9
1 9 1 1 1 1 1 9 9 0 0 1 0 9 9 1 3 0 0 3 1
1 1 1 1 1 9 1 9 3 3 3 3 9 9 0 1 3 0 0 3 9
1 9 1 9 1 9 1 0 3 0 0 3 1 1 1 1 3 0 0 3 1
9 1 9 9 9 1 1 1 3 0 0 3 9 9 1 9 3 3 3 3 9
9 1 9 1 9 0 9 0 3 0 0 3 9 9 1 1 9 1 9 1 9
9 9 1 1 9 9 1 0 3 0 0 3 0 9 1 0 1 1 9 9 1
9 9 1 9 9 9 9 1 3 0 0 3 9 1 9 1 1 0 1 9 1
1 1 0 9 0 9 1 9 3 3 3 3 9 9 9 9 1 9 1 1 9
1 1 9 1 1 1 0 9 0 1 1 1 9 9 1 1 9 9 0 9 1
1 1 1 9 9 9 1 1 9 9 1 1 9 9 9 9 0 1 1 1 1
9 9 1 1 9 1 9 1 0 1 1 1 9 1 0 1 1 1 1 0 9
9 1 1 1 0 1 1 1 1 1 1 1 1 1 1 9 9 9 9 9 0
0 9 1 9 9 9 9 9 9 9 1 1 1 9 0 1 9 1 9 1 9
1 1 0 9 9 1 0 9 0 9 1 1 1 9 1 1 1 1 9 1 1
9 1 9 9 9 0 9 1 9 1 1 1 1 9 1 9 1 1 9 9 0

Example 5:

Input:
8 8 8 2 2 8 8 0 8 8 8 8 2 2 8 8 8 0 8 8 8
8 8 8 8 9 9 9 9 2 8 2 2 8 8 8 8 8 8 2 0 8
8 2 8 8 9 0 0 9 2 8 8 8 2 2 2 2 2 2 2 2 8
2 0 8 2 9 0 0 9 8 8 2 2 2 8 2 8 0 0 8 8 8
8 2 2 8 9 0 0 9 0 2 2 2 2 2 2 8 8 8 2 2 8
8 8 8 8 9 0 0 9 8 8 2 0 2 2 8 2 0 0 2 8 8
2 0 2 8 9 9 9 9 0 8 2 0 2 0 2 8 0 0 8 2 8
2 8 8 2 2 8 2 8 2 8 2 2 2 2 8 8 0 0 8 8 8
2 2 8 2 2 0 8 8 2 2 2 8 8 0 0 8 0 0 8 8 2
8 8 8 8 2 2 2 8 0 2 8 8 2 0 2 8 2 8 2 2 2
8 8 2 2 8 8 2 2 0 8 8 2 2 8 2 2 2 2 8 2 2
2 8 2 8 8 8 8 2 8 8 2 8 8 2 8 8 8 8 2 2 8
8 2 2 8 2 8 8 8 8 2 8 8 8 0 8 8 8 2 8 2 2
0 8 8 8 8 2 0 2 8 0 8 8 8 2 2 2 2 2 2 2 8
2 2 8 0 2 8 8 8 8 8 0 2 0 8 8 8 8 2 2 2 8
2 8 8 8 2 2 8 2 0 2 8 2 2 8 8 8 2 2 2 2 0
8 2 8 8 2 0 2 8 2 2 8 2 8 8 2 2 0 8 8 2 2
8 2 2 8 8 8 8 2 8 8 2 2 8 2 2 8 8 0 2 8 8
0 8 8 2 2 2 8 2 8 2 8 2 8 0 2 8 2 8 8 2 8
2 8 2 8 0 0 2 2 8 8 2 2 8 2 2 2 2 8 8 2 2
2 8 8 8 8 2 2 2 8 2 2 8 2 8 0 2 0 2 8 2 2
Output:
8 8 8 2 2 8 8 0 8 8 8 8 2 2 8 8 8 0 8 8 8
8 8 8 8 9 9 9 9 2 8 2 2 8 8 8 8 8 8 2 0 8
8 2 8 8 9 0 0 9 2 8 8 8 2 2 2 2 2 2 2 2 8
2 0 8 2 9 0 0 9 8 8 2 2 2 8 2 8 0 0 8 8 8
8 2 2 8 9 0 0 9 0 2 2 2 2 2 2 9 9 9 9 2 8
8 8 8 8 9 0 0 9 8 8 2 0 2 2 8 9 0 0 9 8 8
2 0 2 8 9 9 9 9 0 8 2 0 2 0 2 9 0 0 9 2 8
2 8 8 2 2 8 2 8 2 8 2 2 2 2 8 9 0 0 9 8 8
2 2 8 2 2 0 8 8 2 2 2 8 8 0 0 9 0 0 9 8 2
8 8 8 8 2 2 2 8 0 2 8 8 2 0 2 9 9 9 9 2 2
8 8 2 2 8 8 2 2 0 8 8 2 2 8 2 2 2 2 8 2 2
2 8 2 8 8 8 8 2 8 8 2 8 8 2 8 8 8 8 2 2 8
8 2 2 8 2 8 8 8 8 2 8 8 8 0 8 8 8 2 8 2 2
0 8 8 8 8 2 0 2 8 0 8 8 8 2 2 2 2 2 2 2 8
2 2 8 0 2 8 8 8 8 8 0 2 0 8 8 8 8 2 2 2 8
2 8 8 8 2 2 8 2 0 2 8 2 2 8 8 8 2 2 2 2 0
8 2 8 8 2 0 2 8 2 2 8 2 8 8 2 2 0 8 8 2 2
8 2 2 8 8 8 8 2 8 8 2 2 8 2 2 8 8 0 2 8 8
0 8 8 2 2 2 8 2 8 2 8 2 8 0 2 8 2 8 8 2 8
2 8 2 8 0 0 2 2 8 8 2 2 8 2 2 2 2 8 8 2 2
2 8 8 8 8 2 2 2 8 2 2 8 2 8 0 2 0 2 8 2 2

Example 6:

Input:
6 6 6 1 6 1 6 6 6 1 6 1 6 1 6 1 1 6 1 6 1
6 1 6 6 1 0 6 1 1 1 1 6 0 1 0 6 6 6 6 6 1
6 1 6 1 6 1 6 6 6 1 6 6 2 2 2 2 1 6 6 1 6
6 1 1 6 1 0 1 1 1 6 6 1 2 0 0 2 1 1 6 1 0
1 6 6 1 1 6 1 0 0 6 1 1 2 0 0 2 6 1 1 6 1
1 6 0 6 6 1 6 0 0 1 1 6 2 0 0 2 0 0 1 1 6
6 1 1 6 1 6 6 0 0 1 1 6 2 0 0 2 1 1 6 1 6
0 1 6 6 6 6 6 0 0 0 6 1 2 0 0 2 1 1 1 1 1
1 1 6 1 1 1 6 0 0 1 6 6 2 2 2 2 1 6 1 1 6
6 1 1 1 1 1 1 1 1 1 1 6 1 6 1 6 0 6 6 6 6
1 6 6 6 0 6 6 1 6 1 6 1 1 1 1 1 0 1 0 1 6
1 6 6 0 1 6 1 6 6 6 1 6 6 6 6 1 0 1 1 1 6
1 1 0 6 1 1 1 6 6 6 6 6 1 1 1 1 6 6 1 1 1
1 6 1 1 6 0 6 6 6 6 6 1 6 1 1 1 0 6 6 6 0
6 6 6 6 6 1 6 1 6 1 6 1 1 6 6 1 1 6 6 1 6
1 1 6 1 1 1 6 0 6 6 6 6 6 6 1 6 1 6 0 1 6
1 0 6 6 6 6 1 1 1 0 1 1 6 1 0 1 1 1 6 1 1
1 1 1 6 0 1 6 6 1 6 6 6 6 6 6 1 6 6 1 6 6
1 1 6 1 1 1 6 1 1 0 6 0 6 6 1 6 6 1 1 6 1
0 0 6 6 6 6 6 1 1 6 1 6 1 6 6 1 6 6 6 1 6
1 6 6 1 1 1 6 6 1 0 1 6 1 1 6 6 1 6 6 6 1
Output:
6 6 6 1 6 1 6 6 6 1 6 1 6 1 6 1 1 6 1 6 1
6 1 6 6 1 0 6 1 1 1 1 6 0 1 0 6 6 6 6 6 1
6 1 6 1 6 1 6 6 6 1 6 6 2 2 2 2 1 6 6 1 6
6 1 1 6 1 0 2 2 2 2 6 1 2 0 0 2 1 1 6 1 0
1 6 6 1 1 6 2 0 0 2 1 1 2 0 0 2 6 1 1 6 1
1 6 0 6 6 1 2 0 0 2 1 6 2 0 0 2 0 0 1 1 6
6 1 1 6 1 6 2 0 0 2 1 6 2 0 0 2 1 1 6 1 6
0 1 6 6 6 6 2 0 0 2 6 1 2 0 0 2 1 1 1 1 1
1 1 6 1 1 1 2 0 0 2 6 6 2 2 2 2 1 6 1 1 6
6 1 1 1 1 1 2 2 2 2 1 6 1 6 1 6 0 6 6 6 6
1 6 6 6 0 6 6 1 6 1 6 1 1 1 1 1 0 1 0 1 6
1 6 6 0 1 6 1 6 6 6 1 6 6 6 6 1 0 1 1 1 6
1 1 0 6 1 1 1 6 6 6 6 6 1 1 1 1 6 6 1 1 1
1 6 1 1 6 0 6 6 6 6 6 1 6 1 1 1 0 6 6 6 0
6 6 6 6 6 1 6 1 6 1 6 1 1 6 6 1 1 6 6 1 6
1 1 6 1 1 1 6 0 6 6 6 6 6 6 1 6 1 6 0 1 6
1 0 6 6 6 6 1 1 1 0 1 1 6 1 0 1 1 1 6 1 1
1 1 1 6 0 1 6 6 1 6 6 6 6 6 6 1 6 6 1 6 6
1 1 6 1 1 1 6 1 1 0 6 0 6 6 1 6 6 1 1 6 1
0 0 6 6 6 6 6 1 1 6 1 6 1 6 6 1 6 6 6 1 6
1 6 6 1 1 1 6 6 1 0 1 6 1 1 6 6 1 6 6 6 1

Example 7:

Input:
6 0 3 3 6 6 6 0 0 3 6 6 3 3 3 3 3 6 6 6 6
3 6 3 3 6 6 6 3 3 3 6 3 3 0 6 6 6 0 3 6 0
0 3 6 3 3 3 3 6 3 0 0 6 6 0 3 3 6 6 0 3 6
3 6 3 6 0 6 6 6 6 1 1 1 1 1 1 6 3 6 3 3 0
6 0 6 3 3 6 6 6 6 1 0 0 0 0 1 3 3 3 3 3 0
3 6 0 0 6 6 6 6 6 1 0 0 0 0 1 3 3 0 3 6 6
6 3 6 6 6 6 6 6 3 1 0 0 0 0 1 6 6 6 3 3 3
6 0 3 3 3 0 6 6 3 1 1 1 1 1 1 3 6 3 3 3 3
6 6 6 0 6 0 6 6 3 3 3 3 3 3 3 0 3 6 6 6 6
6 6 6 3 3 3 6 6 3 6 3 6 3 6 0 6 6 3 6 6 3
3 6 6 6 0 3 3 3 6 3 6 6 6 3 3 3 6 6 3 6 3
6 3 6 6 3 3 3 6 6 6 3 3 6 6 0 3 6 3 6 3 6
6 3 3 3 3 6 3 6 3 3 3 6 6 3 3 3 6 6 6 6 6
3 3 3 0 6 6 3 3 3 3 3 3 6 3 6 6 3 6 3 6 6
6 6 6 6 3 3 3 3 6 3 0 6 3 6 6 3 3 0 6 0 6
3 6 6 3 3 6 6 0 0 0 0 3 3 6 3 6 3 6 6 6 6
3 6 3 3 6 6 3 0 0 0 0 6 0 0 0 3 6 6 3 3 6
6 6 3 3 0 3 3 0 0 0 0 6 6 0 3 6 6 6 6 6 3
0 3 3 3 6 6 3 3 6 6 0 6 6 6 6 6 6 6 6 3 3
6 6 3 6 3 6 0 0 0 3 3 6 6 3 6 0 3 3 6 6 3
6 3 0 3 6 3 0 0 3 6 6 3 6 6 3 3 6 3 3 3 3
Output:
6 0 3 3 6 6 6 0 0 3 6 6 3 3 3 3 3 6 6 6 6
3 6 3 3 6 6 6 3 3 3 6 3 3 0 6 6 6 0 3 6 0
0 3 6 3 3 3 3 6 3 0 0 6 6 0 3 3 6 6 0 3 6
3 6 3 6 0 6 6 6 6 1 1 1 1 1 1 6 3 6 3 3 0
6 0 6 3 3 6 6 6 6 1 0 0 0 0 1 3 3 3 3 3 0
3 6 0 0 6 6 6 6 6 1 0 0 0 0 1 3 3 0 3 6 6
6 3 6 6 6 6 6 6 3 1 0 0 0 0 1 6 6 6 3 3 3
6 0 3 3 3 0 6 6 3 1 1 1 1 1 1 3 6 3 3 3 3
6 6 6 0 6 0 6 6 3 3 3 3 3 3 3 0 3 6 6 6 6
6 6 6 3 3 3 6 6 3 6 3 6 3 6 0 6 6 3 6 6 3
3 6 6 6 0 3 3 3 6 3 6 6 6 3 3 3 6 6 3 6 3
6 3 6 6 3 3 3 6 6 6 3 3 6 6 0 3 6 3 6 3 6
6 3 3 3 3 6 3 6 3 3 3 6 6 3 3 3 6 6 6 6 6
3 3 3 0 6 6 3 3 3 3 3 3 6 3 6 6 3 6 3 6 6
6 6 6 6 3 3 1 1 1 1 1 1 3 6 6 3 3 0 6 0 6
3 6 6 3 3 6 1 0 0 0 0 1 3 6 3 6 3 6 6 6 6
3 6 3 3 6 6 1 0 0 0 0 1 0 0 0 3 6 6 3 3 6
6 6 3 3 0 3 1 0 0 0 0 1 6 0 3 6 6 6 6 6 3
0 3 3 3 6 6 1 1 1 1 1 1 6 6 6 6 6 6 6 3 3
6 6 3 6 3 6 0 0 0 3 3 6 6 3 6 0 3 3 6 6 3
6 3 0 3 6 3 0 0 3 6 6 3 6 6 3 3 6 3 3 3 3

以下は、ジャッジを通過する正しいコードです。これを用いて、ARCのルールを理解してください。必ず、コードを通じてルールを理解してからコーディングを行ってください。
このコードはARCのルールを把握する際に使うことに留めてください。

```
def PS(A,B):return type(B)(A(B)for B in B)
def G(A):return type(A)(B for A in A for B in A)
def X(A):return max(A for(A,B)in S(A))
def U(A):return min(A for(A,B)in S(A))
def H(A,B):
 C,D=B;E,F=len(A),len(A[0])
 if not(0<=C<E and 0<=D<F):return
 return A[B[0]][B[1]]
def S(A):
 if len(A)==0:return frozenset()
 if isinstance(next(iter(A))[1],tuple):return frozenset(A for(B,A)in A)
 return A
def E(A):return max(A for(B,A)in S(A))
def L(A):return min(A for(B,A)in S(A))
def Q(A):
 if len(A)==0:return 0
 if isinstance(A,tuple):return len(A[0])
 return E(A)-L(A)+1
def M(A):
 if len(A)==0:return 0
 if isinstance(A,tuple):return len(A)
 return X(A)-U(A)+1
def K(A):return M(A),Q(A)
def P(A,B):
 C=set();M=J(B);D,E=len(A),len(A[0]);N,O=K(B);P,Q=D-N+1,E-O+1
 for F in range(P):
  for G in range(Q):
   H=True
   for(S,(I,L))in R(M,(F,G)):
    if not(0<=I<D and 0<=L<E and A[I][L]==S):H=False;break
   if H:C.add((F,G))
 return frozenset(C)
def PZ(A):G,H=U(A)+1,L(A)+1;I,J=X(A)-1,E(A)-1;B,C=min(G,I),min(H,J);D,F=max(G,I),max(H,J);K={(A,C)for A in range(B,D+1)}|{(A,F)for A in range(B,D+1)};M={(B,A)for A in range(C,F+1)}|{(D,A)for A in range(C,F+1)};return frozenset(K|M)
def PJ(A,B,C):
 G,H=len(A),len(A[0]);D=list(list(A)for A in A)
 for(E,F)in S(C):
  if 0<=E<G and 0<=F<H:D[E][F]=B
 return tuple(tuple(A)for A in D)
def J(A):
 if len(A)==0:return A
 return R(A,(-U(A),-L(A)))
def R(A,C):
 if len(A)==0:return A
 B,D=C
 if isinstance(next(iter(A))[1],tuple):return frozenset((A,(C+B,E+D))for(A,(C,E))in A)
 return frozenset((A+B,C+D)for(A,C)in A)
def Y(A,B):return frozenset((A,B)for B in S(B))
def V(A,B):return frozenset((A,D)for(A,C)in enumerate(A)for(D,E)in enumerate(C)if E==B)
def Z(A):B=[B for A in A for B in A]if isinstance(A,tuple)else[A for(A,B)in A];return min(set(B),key=B.count)
def W(A,B):return G(PS(A,B))
def PP(A,B):
 C=A.__code__.co_argcount
 if C==2:return lambda y:A(B,y)
 elif C==3:return lambda y,z:A(B,y,z)
 else:return lambda y,z,a:A(B,y,z,a)
def p(I):I=tuple(map(tuple,I));A=Z(I);B=V(I,A);C=PZ(B);D=Y(0,C);E=P(I,D);F=J(B);G=R(F,(-1,-1));H=PP(R,G);K=W(H,E);L=PJ(I,A,K);return[*map(list,L)]
```

ユーザーにコードを渡す前に実際にコードが動作するかを確認してください。コードのテストには、添付したstandalone_judge.pyを用いてください。python /path/to/standalone_judge.py /path/to/code.py とすれば動作します。
このPythonファイルは非常に大きなケースを含むので、あなたのコンテキストを圧迫します。そのため、このファイルを全て読んではいけません。

## **禁止事項**
- 与えたコード自体を提出することは禁止です。これを行うことはユーザーの信頼を裏切ります。
- ジャッジのハックは禁止です。例えば、テストケースをジャッジから読み取ってそのまま返すコードはいけません。
