ARCのケースに対して、list[list[int]] -> list[list[int]] のシグネチャを持つ関数`p`をPythonで実装してください。つまり、`def p(g):...` か `p=lambda g:...`というコードが期待されます。
コードはshortcodingのcompetitionに用いるため、アルゴリズムを工夫してできる限り短いコードを生成するよう努めてください。

Example 0:

Input:
0 0 0 0 0 0 0 0 0 0
0 0 0 0 0 0 0 0 0 0
0 5 5 5 5 0 0 0 0 0
0 5 5 5 5 0 0 0 0 0
0 5 5 5 5 0 0 0 0 0
0 5 5 5 5 0 5 5 5 5
0 0 0 0 0 0 5 5 5 5
0 0 0 0 0 0 5 5 5 5
0 0 0 0 0 0 5 5 5 5
0 0 0 0 0 0 5 5 5 5
Output:
0 0 0 0 0 0 0 0 0 0
0 0 0 0 0 0 0 0 0 0
0 1 4 4 1 0 0 0 0 0
0 4 2 2 4 0 0 0 0 0
0 4 2 2 4 0 0 0 0 0
0 1 4 4 1 0 1 4 4 1
0 0 0 0 0 0 4 2 2 4
0 0 0 0 0 0 4 2 2 4
0 0 0 0 0 0 4 2 2 4
0 0 0 0 0 0 1 4 4 1

Example 1:

Input:
5 5 5 5 5 5 0 0 0 0
5 5 5 5 5 5 0 0 0 0
5 5 5 5 5 5 0 0 0 0
5 5 5 5 5 5 0 0 0 0
5 5 5 5 5 5 0 0 0 0
0 0 0 0 0 0 0 0 0 0
0 0 0 0 5 5 5 5 5 5
0 0 0 0 5 5 5 5 5 5
0 0 0 0 5 5 5 5 5 5
0 0 0 0 5 5 5 5 5 5
Output:
1 4 4 4 4 1 0 0 0 0
4 2 2 2 2 4 0 0 0 0
4 2 2 2 2 4 0 0 0 0
4 2 2 2 2 4 0 0 0 0
1 4 4 4 4 1 0 0 0 0
0 0 0 0 0 0 0 0 0 0
0 0 0 0 1 4 4 4 4 1
0 0 0 0 4 2 2 2 2 4
0 0 0 0 4 2 2 2 2 4
0 0 0 0 1 4 4 4 4 1

Example 2:

Input:
0 5 5 5 5 0 0 0 0 0
0 5 5 5 5 0 0 0 0 0
0 5 5 5 5 0 0 0 0 0
0 5 5 5 5 0 0 0 0 0
0 5 5 5 5 0 0 0 0 0
0 5 5 5 5 0 0 0 0 0
0 0 0 0 0 0 0 0 0 0
0 0 0 0 5 5 5 5 5 5
0 0 0 0 5 5 5 5 5 5
0 0 0 0 5 5 5 5 5 5
Output:
0 1 4 4 1 0 0 0 0 0
0 4 2 2 4 0 0 0 0 0
0 4 2 2 4 0 0 0 0 0
0 4 2 2 4 0 0 0 0 0
0 4 2 2 4 0 0 0 0 0
0 1 4 4 1 0 0 0 0 0
0 0 0 0 0 0 0 0 0 0
0 0 0 0 1 4 4 4 4 1
0 0 0 0 4 2 2 2 2 4
0 0 0 0 1 4 4 4 4 1

Example 3:

Input:
0 0 0 0 0 0 0 0 0 0
0 0 0 0 0 0 0 0 0 0
5 5 5 0 0 0 0 0 0 0
5 5 5 0 0 0 0 0 0 0
5 5 5 0 0 0 0 0 0 0
5 5 5 0 0 0 0 0 0 0
0 0 0 0 5 5 5 5 5 5
0 0 0 0 5 5 5 5 5 5
0 0 0 0 5 5 5 5 5 5
0 0 0 0 0 0 0 0 0 0
Output:
0 0 0 0 0 0 0 0 0 0
0 0 0 0 0 0 0 0 0 0
1 4 1 0 0 0 0 0 0 0
4 2 4 0 0 0 0 0 0 0
4 2 4 0 0 0 0 0 0 0
1 4 1 0 0 0 0 0 0 0
0 0 0 0 1 4 4 4 4 1
0 0 0 0 4 2 2 2 2 4
0 0 0 0 1 4 4 4 4 1
0 0 0 0 0 0 0 0 0 0

Example 4:

Input:
0 0 0 0 0 0 0 0 0 0
0 0 0 0 0 0 5 5 5 0
0 0 0 0 0 0 5 5 5 0
0 0 0 0 0 0 5 5 5 0
0 0 0 0 0 0 0 0 0 0
0 0 0 0 0 0 5 5 5 5
0 0 0 0 0 0 5 5 5 5
0 0 0 0 0 0 5 5 5 5
0 0 0 0 0 0 5 5 5 5
0 0 0 0 0 0 5 5 5 5
Output:
0 0 0 0 0 0 0 0 0 0
0 0 0 0 0 0 1 4 1 0
0 0 0 0 0 0 4 2 4 0
0 0 0 0 0 0 1 4 1 0
0 0 0 0 0 0 0 0 0 0
0 0 0 0 0 0 1 4 4 1
0 0 0 0 0 0 4 2 2 4
0 0 0 0 0 0 4 2 2 4
0 0 0 0 0 0 4 2 2 4
0 0 0 0 0 0 1 4 4 1

Example 5:

Input:
0 0 0 0 0 0 0 0 0 0
0 0 0 0 0 0 0 0 0 0
0 0 0 0 0 0 0 0 0 0
0 0 0 0 0 0 0 0 0 0
0 0 0 0 0 0 0 0 0 0
5 5 5 0 0 0 0 0 0 0
5 5 5 0 5 5 5 5 5 5
5 5 5 0 5 5 5 5 5 5
0 0 0 0 5 5 5 5 5 5
0 0 0 0 0 0 0 0 0 0
Output:
0 0 0 0 0 0 0 0 0 0
0 0 0 0 0 0 0 0 0 0
0 0 0 0 0 0 0 0 0 0
0 0 0 0 0 0 0 0 0 0
0 0 0 0 0 0 0 0 0 0
1 4 1 0 0 0 0 0 0 0
4 2 4 0 1 4 4 4 4 1
1 4 1 0 4 2 2 2 2 4
0 0 0 0 1 4 4 4 4 1
0 0 0 0 0 0 0 0 0 0

Example 6:

Input:
0 0 0 0 0 0 0 0 0 0
0 0 0 0 0 0 0 0 0 0
0 0 0 0 0 0 5 5 5 5
0 0 0 0 0 0 5 5 5 5
0 0 0 0 0 0 5 5 5 5
5 5 5 5 5 0 5 5 5 5
5 5 5 5 5 0 5 5 5 5
5 5 5 5 5 0 0 0 0 0
0 0 0 0 0 0 0 0 0 0
0 0 0 0 0 0 0 0 0 0
Output:
0 0 0 0 0 0 0 0 0 0
0 0 0 0 0 0 0 0 0 0
0 0 0 0 0 0 1 4 4 1
0 0 0 0 0 0 4 2 2 4
0 0 0 0 0 0 4 2 2 4
1 4 4 4 1 0 4 2 2 4
4 2 2 2 4 0 1 4 4 1
1 4 4 4 1 0 0 0 0 0
0 0 0 0 0 0 0 0 0 0
0 0 0 0 0 0 0 0 0 0

Example 7:

Input:
0 0 0 0 0 0 0 0 0 0
0 0 5 5 5 5 5 5 0 0
0 0 5 5 5 5 5 5 0 0
0 0 5 5 5 5 5 5 0 0
0 0 5 5 5 5 5 5 0 0
0 0 0 0 0 0 0 0 0 0
0 0 5 5 5 5 0 0 0 0
0 0 5 5 5 5 0 0 0 0
0 0 5 5 5 5 0 0 0 0
0 0 5 5 5 5 0 0 0 0
Output:
0 0 0 0 0 0 0 0 0 0
0 0 1 4 4 4 4 1 0 0
0 0 4 2 2 2 2 4 0 0
0 0 4 2 2 2 2 4 0 0
0 0 1 4 4 4 4 1 0 0
0 0 0 0 0 0 0 0 0 0
0 0 1 4 4 1 0 0 0 0
0 0 4 2 2 4 0 0 0 0
0 0 4 2 2 4 0 0 0 0
0 0 1 4 4 1 0 0 0 0

以下は、ジャッジを通過する正しいコードです。これを用いて、ARCのルールを理解してください。必ず、コードを通じてルールを理解してからコーディングを行ってください。
このコードはARCのルールを把握する際に使うことに留めてください。

```
def p(g):
 for A in range(len(g)):
  for B in range(len(g[0])):
   if g[A][B]==5:
    C=A
    while C+1<len(g)and g[C+1][B]==5:C+=1
    D=B
    while D+1<len(g[0])and g[A][D+1]==5:D+=1
    for E in range(A,C+1):
     for F in range(B,D+1):
      if g[E][F]==5:g[E][F]=1if E in(A,C)and F in(B,D)else 4if E in(A,C)or F in(B,D)else 2
 return g
```

ユーザーにコードを渡す前に実際にコードが動作するかを確認してください。コードのテストには、添付したstandalone_judge.pyを用いてください。python /path/to/standalone_judge.py /path/to/code.py とすれば動作します。
このPythonファイルは非常に大きなケースを含むので、あなたのコンテキストを圧迫します。そのため、このファイルを全て読んではいけません。

## **禁止事項**
- 与えたコード自体を提出することは禁止です。これを行うことはユーザーの信頼を裏切ります。
- ジャッジのハックは禁止です。例えば、テストケースをジャッジから読み取ってそのまま返すコードはいけません。
