ARCのケースに対して、list[list[int]] -> list[list[int]] のシグネチャを持つ関数`p`をPythonで実装してください。つまり、`def p(g):...` か `p=lambda g:...`というコードが期待されます。
コードはshortcodingのcompetitionに用いるため、アルゴリズムを工夫してできる限り短いコードを生成するよう努めてください。

Example 0:

Input:
9 9 5 9
5 5 9 9
9 5 9 9
Output:
9 5 9 9
5 5 9 9
9 9 5 9
9 9 5 9
5 5 9 9
9 5 9 9

Example 1:

Input:
4 1 1 4
1 1 1 1
4 4 4 1
Output:
4 4 4 1
1 1 1 1
4 1 1 4
4 1 1 4
1 1 1 1
4 4 4 1

Example 2:

Input:
9 4 9 4
9 9 4 4
4 4 4 4
Output:
4 4 4 4
9 9 4 4
9 4 9 4
9 4 9 4
9 9 4 4
4 4 4 4

Example 3:

Input:
3 3 5 5
3 5 5 3
5 5 3 3
Output:
5 5 3 3
3 5 5 3
3 3 5 5
3 3 5 5
3 5 5 3
5 5 3 3

Example 4:

Input:
4 4 9 9
4 4 4 4
4 4 9 9
Output:
4 4 9 9
4 4 4 4
4 4 9 9
4 4 9 9
4 4 4 4
4 4 9 9

Example 5:

Input:
2 2 7 7
7 2 2 7
7 7 2 2
Output:
7 7 2 2
7 2 2 7
2 2 7 7
2 2 7 7
7 2 2 7
7 7 2 2

Example 6:

Input:
4 8 8 8
4 4 8 8
8 8 8 8
Output:
8 8 8 8
4 4 8 8
4 8 8 8
4 8 8 8
4 4 8 8
8 8 8 8

Example 7:

Input:
5 5 5 5
5 6 5 5
6 5 6 5
Output:
6 5 6 5
5 6 5 5
5 5 5 5
5 5 5 5
5 6 5 5
6 5 6 5

以下は、ジャッジを通過する正しいコードです。これを用いて、ARCのルールを理解してください。必ず、コードを通じてルールを理解してからコーディングを行ってください。
このコードはARCのルールを把握する際に使うことに留めてください。

```
p=lambda g:g[::-1]+g
```

ユーザーにコードを渡す前に実際にコードが動作するかを確認してください。コードのテストには、添付したstandalone_judge.pyを用いてください。python /path/to/standalone_judge.py /path/to/code.py とすれば動作します。
このPythonファイルは非常に大きなケースを含むので、あなたのコンテキストを圧迫します。そのため、このファイルを全て読んではいけません。

## **禁止事項**
- 与えたコード自体を提出することは禁止です。これを行うことはユーザーの信頼を裏切ります。
- ジャッジのハックは禁止です。例えば、テストケースをジャッジから読み取ってそのまま返すコードはいけません。
