16
o 9
12 164 184 205 227 320 338 356 374
b 9
6 166 186 207 229 322 340 358 376
c 6
0 49 72 89 112 133
m 1
34
g 2
31 307
u 2
36 147
r 6
38 69 86 109 126 149
e 19
26 51 74 91 114 135 168 188 209 231 289 298 324 342 360 378 382 395 415
d 4
159 291 313 397
n 4
179 294 367 402
t 5
245 315 351 386 399
key 1
58
l 5
267 333 369 391 404
a 5
131 250 254 272 276
f 4
222 303 331 389
i 4
200 300 349 384
0 1 1 1 1 1 1 1 1 1 1 0 1 1 1 1
1 0 1 1 1 1 1 1 1 1 1 0 1 1 1 1
1 1 0 1 1 1 1 1 1 1 1 0 1 1 1 1
1 1 1 0 1 1 1 1 1 1 1 0 1 1 1 1
1 1 1 1 0 1 1 1 1 1 1 0 1 1 1 1
1 1 1 1 1 0 1 1 1 1 1 0 1 1 1 1
1 1 1 1 1 1 0 1 1 1 1 0 1 1 1 1
1 1 1 1 1 1 1 0 1 1 1 0 1 1 1 1
1 1 1 1 1 1 1 1 0 1 1 0 1 1 1 1
1 1 1 1 1 1 1 1 1 0 1 0 1 1 1 1
1 1 1 1 1 1 1 1 1 1 0 0 1 1 1 1
0 0 0 0 0 0 0 0 0 0 0 0 0 0 0 0
1 1 1 1 1 1 1 1 1 1 1 0 0 1 1 1
1 1 1 1 1 1 1 1 1 1 1 0 1 0 1 1
1 1 1 1 1 1 1 1 1 1 1 0 1 1 0 1
1 1 1 1 1 1 1 1 1 1 1 0 1 1 1 0
