14
a 5
136 198 205 291 294
c 4
145 300 312 328
d 3
11 196 203
g 7
6 68 95 119 167 234 256
i 2
53 108
j 2
80 110
k 3
31 140 297
o 3
147 398 463
s 2
154 162
t 6
151 271 375 417 443 498
u 7
190 219 273 377 445 500 512
v 7
192 241 276 380 448 503 514
x 4
106 124 201 510
y 4
104 121 194 508
0 1 1 1 1 1 1 1 0 1 1 1 1 1
1 0 1 1 1 1 1 1 0 1 1 1 1 1
1 1 0 1 1 1 1 1 0 1 1 1 1 1
1 1 1 0 1 1 1 1 1 1 1 1 1 1
1 1 1 1 0 1 1 1 0 1 1 1 1 1
1 1 1 1 1 0 1 1 0 1 1 1 1 1
1 1 1 1 1 1 0 1 0 1 1 1 1 1
1 1 1 1 1 1 1 0 0 1 1 1 1 1
0 0 0 1 0 0 0 0 0 0 0 0 0 0
1 1 1 1 1 1 1 1 0 0 1 1 1 1
1 1 1 1 1 1 1 1 0 1 0 1 1 1
1 1 1 1 1 1 1 1 0 1 1 0 1 1
1 1 1 1 1 1 1 1 0 1 1 1 0 1
1 1 1 1 1 1 1 1 0 1 1 1 1 0
