13
d 5
136 198 205 291 294
o 4
145 300 312 328
k 3
11 196 203
c 7
6 68 95 119 167 234 256
r 2
53 108
i 2
80 110
g 3
31 140 297
l 3
147 398 463
e 9
154 162 190 219 273 377 445 500 512
h 6
151 271 375 417 443 498
a 7
192 241 276 380 448 503 514
n 4
106 124 201 510
f 4
104 121 194 508
0 1 1 1 1 1 1 1 1 1 1 1 1
1 0 1 1 1 1 1 1 1 1 1 1 1
1 1 0 1 1 1 1 1 1 1 1 1 1
1 1 1 0 1 1 1 1 1 1 1 1 1
1 1 1 1 0 1 1 1 1 1 1 1 1
1 1 1 1 1 0 1 1 1 1 1 1 1
1 1 1 1 1 1 0 1 1 1 1 1 1
1 1 1 1 1 1 1 0 1 1 1 1 1
1 1 1 1 1 1 1 1 0 1 1 1 1
1 1 1 1 1 1 1 1 1 0 1 1 1
1 1 1 1 1 1 1 1 1 1 0 1 1
1 1 1 1 1 1 1 1 1 1 1 0 1
1 1 1 1 1 1 1 1 1 1 1 1 0
